-0.02130529,0.113983296,-0.004261058,61580181
-0.034088463,-0.27057716,0.07350325,61580380
0.010652645,-0.2364887,-0.020240024,61580582
-0.03834952,0.0053263223,0.0,61580782
0.033023197,-0.015978966,0.067111656,61580981
-0.03621899,-0.011717909,-0.024501082,61581182
0.02130529,0.037284255,0.029827405,61581381
-0.05965481,-0.061785337,0.067111656,61581582
0.0063915867,-0.22690132,0.0,61581782
-0.0063915867,-0.10226539,-0.080960095,61626780
0.17470337,-0.034088463,-0.10439591,61626981,Pothhole_1+
0.14274544,0.21837921,0.13848437,61627181,Pothhole_1+
0.1470065,0.041545313,0.03834952,61627380,Pothhole_1+
-0.08628642,-0.22370553,-0.10226539,61627581,Pothhole_1+
-0.111852765,-0.18216021,0.00958738,61627781,Pothhole_1+
-0.15978967,0.12463594,-0.08628642,61627981,Pothhole_1+
0.07989483,-0.041545313,-0.008522116,61628180
0.19068234,0.26738137,0.034088463,61628381
0.082025364,0.10759171,-0.013848438,61628581
0.027696876,-0.05539375,-0.013848438,61628781
0.0063915867,0.05539375,-0.025566347,61628981
-0.03834952,-0.037284255,0.002130529,61629181
-0.18642128,-0.13102752,0.020240024,61629381
0.07563377,-0.16831177,-0.03195793,61629581
0.02876214,-0.10013486,-0.051132694,61629781
-0.058589544,0.19387813,0.041545313,61629981
-0.008522116,0.067111656,-0.061785337,61672380
0.034088463,-0.27483824,-0.03621899,61672581
0.039414786,-0.10333065,-0.067111656,61672781
0.07989483,0.07989483,-0.034088463,61672981
-0.0053263223,0.22264026,0.014913702,61673181
-0.05006743,0.014913702,0.037284255,61673380
0.015978966,0.02130529,-0.099069595,61673581
-0.002130529,-0.002130529,-0.037284255,61673781
-0.02663161,-0.06391586,0.02663161,61673981
0.13102752,0.12996227,-0.08948221,61681980
0.007456851,-0.061785337,-0.024501082,61682181,Pothhole_2+
0.030892668,0.014913702,-0.010652645,61682380,Pothhole_2+
-0.020240024,0.010652645,0.037284255,61682581,Pothhole_2+
-0.20453078,-0.20559603,-0.070307456,61682781,Pothhole_2+
-0.029827405,-0.25033715,-0.00958738,61682981,Pothhole_2+
0.12357067,0.03834952,0.049002163,61683180,Pothhole_2+
0.07669904,0.040480047,0.025566347,61683381,Pothhole_2+
0.043675844,-0.43569314,-0.0479369,61683580
0.11717909,-0.25353295,-0.03834952,61683781
-0.07350325,-0.06391586,-0.049002163,61683981
0.007456851,0.07882957,-0.011717909,61684180
0.027696876,0.12463594,0.04261058,61684381
-0.082025364,0.32384038,0.0010652645,61684581
-0.034088463,0.043675844,0.023435818,61684780
-0.027696876,-0.128897,-0.054328486,61684980
0.051132694,-0.13741912,-0.04580637,61685180
-0.025566347,0.19920444,0.033023197,61685380
0.002130529,0.3110572,0.033023197,61885154
-0.11611383,0.14487596,0.025566347,61885354
-0.023435818,0.041545313,0.070307456,61885555
-0.020240024,-0.043675844,0.046871636,61885755
-0.014913702,-0.14807175,-0.049002163,61885954
-0.024501082,-0.10546118,0.014913702,61886154
0.12463594,-0.0127831735,0.04261058,61886355
-0.040480047,0.10865697,0.043675844,61886554
-0.09161274,0.058589544,0.029827405,61886755
-0.12463594,-0.15765914,-0.08415589,61902954
-0.65726817,-0.13209279,-0.05006743,61903155,Pothhole_3+
0.094808534,0.011717909,-0.13954964,61903354,Pothhole_3+
0.0010652645,0.25992453,0.014913702,61903554,Pothhole_3+
-0.1438107,-0.00958738,-0.21411815,61903754,Pothhole_3+
0.08735169,-0.13528858,0.10439591,61903955,Pothhole_3+
-0.0053263223,-0.3930826,-0.12676647,61904154,Pothhole_3+
-0.082025364,-0.20453078,0.080960095,61904355
0.0127831735,0.11611383,-0.0010652645,61904554
0.50173956,0.7542072,0.0777643,61904754
0.2908172,-0.03834952,-0.02130529,61904954
-0.17257284,-0.096939065,-0.10333065,61905154
-0.061785337,-0.2695119,-0.2759035,61905355
0.16192019,-0.14807175,0.067111656,61905554
0.054328486,-0.017044231,-0.010652645,61905755
-0.10226539,0.15765914,0.16298546,61905954
0.040480047,0.08628642,-0.113983296,61906154
0.12676647,0.23755397,0.13741912,61906354
-0.033023197,-0.4282363,-0.22264026,61906554
-0.12144014,-0.20026971,0.052197956,61906754
-0.48256478,-0.002130529,-0.14168017,61906954
0.42397526,-0.25033715,-0.013848438,61907154
0.15020229,-0.14807175,0.07669904,61907355
0.3898868,-0.18429075,0.14274544,61907555
-0.0063915867,-0.08415589,0.09161274,61907755
-0.013848438,0.19707392,0.056459013,61907955
0.19387813,0.0127831735,-0.030892668,61936155
-0.046871636,-0.10120012,0.10759171,61936355,Pothhole_4+
-0.16405073,-0.30146983,-0.07989483,61936555,Pothhole_4+
-0.33342776,0.2790993,0.06072007,61936755,Pothhole_4+
0.13102752,-0.13848437,-0.01917476,61936955
0.19600865,-0.002130529,0.19813919,61937155
0.08841695,-0.5858954,-0.027696876,61937354
-0.0127831735,-0.294013,0.09374327,61937555
-0.3717773,0.12676647,-0.16937704,61937755
0.002130529,0.15126754,0.1768339,61937954
-0.09374327,0.049002163,-0.16831177,61938154
-0.18322548,-0.06391586,-0.051132694,61938355
-0.025566347,0.013848438,-0.039414786,61938555
-0.022370553,-0.13954964,0.04580637,61938755
-0.054328486,0.15446334,-0.052197956,62189156
-0.008522116,0.017044231,0.025566347,62189356
0.04261058,0.010652645,0.027696876,62189556
0.02130529,0.109722234,0.058589544,62189756
0.03621899,0.010652645,0.058589544,62189956
-0.025566347,-0.023435818,0.014913702,62190156
-0.00958738,0.013848438,0.013848438,62190356
0.002130529,0.041545313,0.022370553,62190555
-0.037284255,0.08841695,0.02663161,62190756
0.17044231,-0.061785337,-0.011717909,62215155
-0.19281286,-0.058589544,0.035153728,62215356,Pothhole_5+
0.23542345,-0.11504856,0.007456851,62215555,Pothhole_5+
-0.025566347,-0.3387541,-0.1885518,62215756,Pothhole_5+
0.4878911,-0.22903186,-0.13848437,62215956,Pothhole_5+
-0.20133498,-0.06391586,-0.1587244,62216156,Pothhole_5+
0.21198763,0.008522116,0.035153728,62216356,Pothhole_5+
0.09054748,-0.109722234,-0.07456851,62216556,Pothhole_5+
-0.08415589,0.10120012,0.02130529,62216756,Pothhole_5+
-0.15446334,0.10546118,0.002130529,62216956,Pothhole_5+
0.12144014,-0.025566347,0.092678,62217156
-0.2034655,0.07882957,0.08628642,62217356
-0.00958738,0.030892668,0.02130529,62217556
0.15126754,0.0031957934,0.04261058,62217756
0.068176925,-0.092678,-0.07882957,62217956
0.0628506,0.07989483,0.033023197,62218156
-0.014913702,0.06391586,0.08841695,62218356
0.09161274,0.17150757,0.08948221,62218556
0.12783173,-0.0063915867,-0.018109495,62218756
-0.002130529,0.05965481,-0.039414786,62218956
0.096939065,-0.010652645,0.03195793,62433146
0.018109495,0.015978966,0.04580637,62433346
0.008522116,-0.06498113,-0.0063915867,62433546
0.08948221,-0.07137272,0.03621899,62433746
-0.06391586,-0.12676647,-0.017044231,62433946
0.0053263223,0.17789917,0.0063915867,62434145
-0.11824435,0.035153728,0.01917476,62434346
0.017044231,-0.1438107,0.03195793,62434546
-0.07456851,-0.051132694,-0.043675844,62434746
0.08415589,-0.3323625,-0.13848437,62472746
0.12676647,-0.02663161,0.24181503,62472945,Pothhole_6+
-0.17257284,-0.18002969,-0.11930962,62473146,Pothhole_6+
0.44315,0.16085494,0.17576863,62473346,Pothhole_6+
-0.18216021,0.051132694,0.010652645,62473546,Pothhole_6+
0.19068234,0.10013486,0.20985709,62473746,Pothhole_6+
0.4346279,0.23542345,0.21411815,62473946,Pothhole_6+
0.32597092,1.1408982,-0.033023197,62474146,Pothhole_6+
0.57311225,0.15339808,0.32384038,62474346,Pothhole_6+
0.7190535,0.25566345,0.35153726,62474546,Pothhole_6+
-0.00958738,0.33768883,0.06924219,62474746,Pothhole_6+
-0.06924219,0.12676647,0.052197956,62474946,Pothhole_6+
-0.16937704,0.098004326,0.15339808,62475146,Pothhole_6+
0.15020229,0.15978967,0.11291803,62475346,Pothhole_6+
0.06924219,0.13741912,-0.14061491,62475546,Pothhole_6+
-0.067111656,-0.082025364,-0.027696876,62475746
0.04261058,0.0063915867,-0.043675844,62475946
0.1107875,-0.03621899,-0.0010652645,62476146
-0.1736381,-0.067111656,-0.014913702,62476346
-0.0628506,-0.20879182,-0.054328486,62476546
-0.13315806,-0.10652644,-0.098004326,62476746
-0.03621899,-0.056459013,0.03195793,62476945
0.17470337,-0.07989483,-0.061785337,62477146
0.1555286,-0.03195793,0.02130529,62477345
0.082025364,0.027696876,-0.014913702,62477546
-0.024501082,0.1107875,0.02663161,62510745
-0.09374327,0.022370553,0.02130529,62510946
-0.04261058,-0.014913702,0.07137272,62511146
-0.05006743,-0.14168017,0.02663161,62511346
-0.10546118,-0.08628642,0.0031957934,62511546
0.07989483,0.2066613,0.12144014,62511745
-0.28868666,-0.14807175,-0.018109495,62511945
-0.2545982,-0.05752428,-0.08841695,62512145
-0.058589544,0.1949434,0.066046394,62512346
-0.0127831735,-0.058589544,-0.09374327,62524146
0.38562572,0.33449304,0.128897,62524346,Pothhole_7+
0.10120012,-0.06498113,-0.008522116,62524546,Pothhole_7+
0.15020229,-0.05539375,0.056459013,62524746,Pothhole_7+
-0.27483824,-0.23116238,-0.049002163,62524946,Pothhole_7+
-0.13528858,-0.60933125,-0.22050974,62525146,Pothhole_7+
-0.07456851,0.08522116,0.080960095,62525346,Pothhole_7+
0.11611383,0.21837921,-0.027696876,62525546,Pothhole_7+
0.42290998,0.29188246,0.109722234,62525746,Pothhole_7+
0.3952131,0.71692294,0.3387541,62525946,Pothhole_7+
-0.20026971,-0.22264026,0.007456851,62526146,Pothhole_7+
0.12996227,-0.043675844,0.024501082,62526346
-0.10759171,-0.025566347,0.014913702,62526546
-0.52837116,-0.26418558,-0.041545313,62526746
0.10333065,0.08628642,0.13422331,62526946
0.257794,0.19600865,0.10439591,62527146
0.10013486,0.26418558,0.052197956,62527346
0.12996227,-0.043675844,0.024501082,62526346
-0.10759171,-0.025566347,0.014913702,62526546
-0.52837116,-0.26418558,-0.041545313,62526746
0.10333065,0.08628642,0.13422331,62526946
0.257794,0.19600865,0.10439591,62527146
0.10013486,0.26418558,0.052197956,62527346
-0.02130529,0.18642128,0.07989483,62527546,Pothhole_8+
0.2929477,-0.24607609,-0.0479369,62527746,Pothhole_8+
-0.23861924,-0.18109496,-0.12144014,62527946,Pothhole_8+
0.27057716,0.2993393,0.083090626,62528146,Pothhole_8+
0.7478156,0.29188246,0.18109496,62528346,Pothhole_8+
0.20453078,0.15233281,0.033023197,62528546,Pothhole_8+
-0.4729774,-0.020240024,-0.083090626,62528746
0.035153728,-0.08735169,-0.0010652645,62528946
-0.029827405,-0.14594123,0.09161274,62529146
0.00958738,-0.024501082,0.044741105,62529346
0.19707392,-0.014913702,0.015978966,62529546
0.4910869,0.13422331,0.1107875,62529746
0.054328486,0.23435818,-0.083090626,62529946
-0.17257284,-0.31957933,-0.07669904,62530146
-0.33129725,0.16831177,-0.111852765,62530346
-0.007456851,-0.5901565,-0.21092236,62530545
-0.16085494,0.002130529,0.070307456,62759148
0.018109495,-0.4101268,0.13635385,62759348
0.294013,0.008522116,0.03621899,62759548
-0.056459013,-0.14807175,0.0,62759748
-0.1587244,-0.8607337,-0.01917476,62759948
0.16298546,-0.26844662,0.054328486,62760148
0.034088463,-0.017044231,0.046871636,62760348
-0.03621899,-0.04580637,0.05965481,62760548
0.02663161,-0.23435818,-0.027696876,62760748
0.15978967,0.4527374,-0.007456851,62760948
-0.21518342,0.096939065,0.04580637,62761148,Pothhole_9+
-0.1949434,-0.5454154,0.023435818,62761348,Pothhole_9+
0.12783173,0.80960095,0.0063915867,62761548,Pothhole_9+
0.33981934,0.8266452,0.044741105,62761748,Pothhole_9+
0.03834952,-0.05752428,0.0127831735,62761948,Pothhole_9+
0.16085494,0.040480047,0.0628506,62762148,Pothhole_9+
-0.12676647,-0.406931,-0.027696876,62762349
0.109722234,-0.008522116,-0.0127831735,62762548
0.14807175,0.6498113,0.02663161,62762748
0.068176925,0.19920444,0.013848438,62762948
0.011717909,0.27377295,0.0958738,62763147
-0.14594123,-0.23009712,0.039414786,62763348
-0.08415589,-0.35899413,-0.054328486,62763547
0.0,-0.01917476,0.02876214,62763749
0.15126754,-0.20240024,-0.02130529,62763948
-0.0010652645,-0.26418558,0.037284255,62764148
-0.12357067,0.22583605,0.083090626,63312132
0.25246766,-1.0002834,0.12144014,63312331
0.040480047,-0.3888215,-0.020240024,63312531
-0.19707392,0.054328486,-0.00958738,63312731
-0.21518342,0.39095205,-0.17150757,63312931
-0.0479369,-0.13954964,-0.010652645,63313131
0.04261058,0.037284255,0.049002163,63313332
-0.06072007,0.15446334,0.004261058,63313531
-0.0479369,0.51984906,0.0,63313732
0.16724652,-0.72970617,-0.002130529,63361332
-0.18429075,-0.5496765,0.26525083,63361533,Pothhole_1+
-0.111852765,0.03834952,-0.056459013,63361733,Pothhole_1+
-0.12357067,0.18429075,0.03621899,63361933,Pothhole_1+
-0.19387813,0.22903186,0.14061491,63362133,Pothhole_1+
0.23009712,-0.018109495,0.05326322,63362333,Pothhole_1+
0.1107875,0.022370553,0.11611383,63362533,Pothhole_1+
-0.2364887,-0.42184472,0.018109495,63362733,Pothhole_1+
-0.27377295,0.28442562,-0.37603834,63362933,Pothhole_1+
-0.0777643,-0.033023197,0.3025351,63363133,Pothhole_1+
0.4612595,0.37816888,-0.16618125,63363333,Pothhole_1+
0.30679616,-0.20026971,0.09161274,63363533
0.30679616,-0.20026971,0.09161274,63363533
0.32490566,-0.007456851,0.1438107,63363732,Pothhole_2+
-0.039414786,-0.11930962,0.128897,63363933,Pothhole_2+
-0.023435818,0.09161274,0.067111656,63364133,Pothhole_2+
-0.63702816,0.096939065,-0.046871636,63364332,Pothhole_2+
-0.043675844,0.23861924,0.046871636,63364533
0.017044231,-0.33662355,0.067111656,63364733
0.13209279,0.17576863,0.15339808,63364932
0.039414786,0.4165184,0.109722234,63365133
0.2908172,0.25566345,0.02876214,63365333
0.0777643,0.07137272,0.066046394,63365532
0.030892668,-0.32277513,0.16831177,63365733
0.12676647,-0.31957933,0.20772657,63365933
0.20559603,-0.33981934,0.23329291,63366132
0.16937704,-0.1470065,0.16298546,63366332
-0.08735169,0.04261058,0.08522116,63366533
-0.03195793,0.33342776,0.10652644,63366733
0.067111656,0.12144014,0.14807175,63366934
0.00958738,0.18109496,0.017044231,63367133
-0.11824435,-0.20453078,0.03621899,63367333
0.28122982,0.067111656,0.008522116,63367533
0.044741105,-0.17257284,0.10439591,63367734
0.2929477,-0.00958738,-0.0063915867,63367934
0.14061491,0.1257012,0.011717909,63368133
-0.30999196,0.3952131,-0.08841695,63369132
0.07669904,0.027696876,-0.058589544,63369333,Pothhole_3+
0.07563377,0.21305288,0.017044231,63369533,Pothhole_3+
0.11717909,0.29507825,0.025566347,63369734,Pothhole_3+
0.15659387,0.35579833,-0.03621899,63369934,Pothhole_3+
-0.12144014,-0.24288028,-0.15126754,63370134,Pothhole_3+
-0.0777643,-0.096939065,-0.22690132,63370334,Pothhole_3+
-0.02663161,-0.2545982,-0.052197956,63370533,Pothhole_3+
-0.5816344,-0.95128113,-0.1736381,63370733,Pothhole_3+
-0.061785337,0.39947417,-0.14061491,63370934,Pothhole_3+
0.19920444,0.13209279,-0.002130529,63371133,Pothhole_3+
0.2759035,0.8852348,-0.022370553,63371333,Pothhole_3+
0.2609898,-0.02663161,0.10865697,63371533
-0.45593318,0.025566347,-0.05539375,63371734
-0.6018744,-0.35473305,-0.0958738,63371933
-0.30999196,-0.17257284,-0.07243798,63372133
0.051132694,0.19600865,-0.06391586,63372333
0.1917476,-0.3536678,-0.128897,63372534
0.16937704,0.23116238,-0.24501082,63372733
0.2609898,-0.02663161,0.10865697,63371533
-0.45593318,0.025566347,-0.05539375,63371734
-0.6018744,-0.35473305,-0.0958738,63371933
-0.30999196,-0.17257284,-0.07243798,63372133
0.051132694,0.19600865,-0.06391586,63372333
0.1917476,-0.3536678,-0.128897,63372534
0.16937704,0.23116238,-0.24501082,63372733
-0.10439591,-0.60080916,-0.06072007,63372932,Pothhole_4+
0.11930962,0.22690132,-0.11717909,63373132,Pothhole_4+
0.12144014,0.5070659,-0.056459013,63373334,Pothhole_4+
0.6828345,0.33981934,-0.07137272,63373533,Pothhole_4+
-0.75633776,-1.0290455,-0.13954964,63373734,Pothhole_4+
0.5241101,1.9494339,-0.57311225,63373934,Pothhole_4+
-0.5134575,0.061785337,-0.09161274,63374134,Pothhole_4+
-0.35260254,0.370712,-0.46019423,63374333,Pothhole_4+
-0.15446334,-0.2993393,0.099069595,63374533,Pothhole_4+
0.1768339,-0.88416946,-0.14807175,63374734,Pothhole_4+
-0.9576727,0.11824435,-0.13848437,63374934,Pothhole_4+
-0.25672874,-0.14168017,-0.070307456,63375134,Pothhole_4+
-0.040480047,-0.39947417,-0.111852765,63375333,Pothhole_4+
0.013848438,0.25033715,-0.043675844,63375534,Pothhole_4+
-0.05006743,-0.13102752,-0.015978966,63375734,Pothhole_4+
-0.096939065,0.4463458,-0.044741105,63375934,Pothhole_4+
0.017044231,-0.11824435,0.08841695,63376134,Pothhole_4+
-0.32277513,-0.17576863,0.0628506,63376333
0.24288028,0.26844662,0.13102752,63376533
0.15978967,0.039414786,0.11291803,63376734
-0.17789917,-0.51452273,0.080960095,63376934
-0.45380265,-0.07137272,0.037284255,63377134
0.080960095,-0.083090626,0.10546118,63377334
-0.18322548,0.17044231,0.03834952,63377534
-0.16085494,0.18109496,0.14913702,63377734
0.19813919,0.35899413,0.19813919,63377934
-0.02876214,-0.4516721,0.20772657,63378134
-0.08522116,-0.40480047,0.14274544,63378334
0.17044231,0.0063915867,0.26525083,63378534
0.083090626,0.14061491,0.13741912,63378734
0.070307456,-0.0127831735,0.092678,63378934
-0.3685815,-0.61572284,0.11504856,63379134
-1.2463593,0.25672874,-0.185356,63379333
-0.40480047,0.1257012,0.10013486,63379533
0.30040458,0.5954828,0.27696875,63379734
0.12037488,-0.18002969,0.2514024,63379934
0.10226539,0.05752428,0.002130529,63396734
0.07989483,0.16831177,-0.06391586,63396933,Pothhole_5+
-0.043675844,0.5006743,0.05326322,63397134,Pothhole_5+
0.42077947,0.2876214,-0.07137272,63397333,Pothhole_5+
0.08415589,-0.3536678,0.06391586,63397534,Pothhole_5+
0.3834952,0.082025364,0.07563377,63397734,Pothhole_5+
0.24501082,0.00958738,-0.02663161,63397934,Pothhole_5+
0.4101268,0.13954964,-0.10120012,63398134,Pothhole_5+
-0.039414786,0.18642128,0.008522116,63398333
-0.28975192,-0.13315806,0.037284255,63398534
-0.3121225,-0.11291803,-0.06391586,63398734
0.004261058,0.38456047,0.09374327,63398934
-0.221575,-0.34940675,0.046871636,63399134
0.04580637,-0.17257284,0.16511598,63399334
-0.5454154,0.3536678,-0.221575,63399534
-0.29507825,0.10439591,0.10865697,63399734
-0.22583605,-0.2759035,0.030892668,63399934
0.23009712,0.14487596,0.02876214,63400134
0.18322548,0.13954964,-0.0628506,63400334
-0.11611383,-0.13422331,0.07882957,63400534
0.011717909,-0.44208473,-0.0479369,63400734
0.002130529,0.013848438,0.035153728,63400934
0.13102752,-0.05326322,-0.07350325,63401134
-0.13422331,0.041545313,-0.07456851,63401334
-0.34621096,-0.25353295,-0.040480047,63401534
-0.1949434,-0.06072007,-0.023435818,63401734
-0.018109495,-0.011717909,-0.05326322,63401934
0.28229508,-0.14061491,-0.025566347,63406334
0.26631612,-0.051132694,0.052197956,63406533,Pothhole_6+
0.55606806,0.56139433,0.109722234,63406734,Pothhole_6+
-0.23116238,-0.37816888,-0.023435818,63406934,Pothhole_6+
-0.36005938,-0.4165184,-0.066046394,63407134,Pothhole_6+
-0.34940675,0.10120012,-0.05965481,63407334,Pothhole_6+
0.20559603,-0.11824435,0.11824435,63407534,Pothhole_6+
0.30892667,-0.13848437,0.02876214,63407734,Pothhole_6+
0.7882957,0.013848438,0.03834952,63407934,Pothhole_6+
0.14168017,-0.030892668,-0.06072007,63408134,Pothhole_6+
-0.38242993,-0.31638354,0.05752428,63408334
-0.5134575,-0.07669904,-0.0010652645,63408534
0.0628506,-0.21624868,0.033023197,63408734
-0.007456851,0.13635385,-0.002130529,63408934
-0.40266997,-0.16511598,-0.111852765,63409134
-0.08628642,0.27164242,0.010652645,63409334
1.0450244,0.20453078,0.051132694,63409535
0.56139433,0.46552056,-0.18961707,63409734
0.70840085,-1.2623384,-0.13102752,63409934
-0.20240024,-0.10546118,-0.10333065,63410135
-0.12250541,0.33981934,-0.03195793,63806663
0.18322548,0.023435818,-0.035153728,63806863
0.2034655,-0.14807175,0.083090626,63807063
-0.24181503,0.624245,0.080960095,63807263
0.16192019,-0.23968449,-0.051132694,63807463
0.18322548,0.3472762,0.082025364,63807663
-0.1949434,-0.033023197,0.07243798,63807863
0.13102752,0.22264026,0.024501082,63808064
0.406931,0.049002163,-0.015978966,63808264
-0.49854377,-0.59122175,-0.2876214,63811864
0.90014845,2.172074,0.8127968,63812064,Pothhole_8+
0.2908172,-0.8479505,-0.17044231,63812264,Pothhole_8+
0.05965481,-0.21624868,-0.015978966,63812463,Pothhole_8+
-0.1107875,-0.07350325,-0.08948221,63812664,Pothhole_8+
-0.11504856,0.10652644,-0.046871636,63812864,Pothhole_8+
-0.029827405,0.2514024,0.11611383,63813064,Pothhole_8+
-0.109722234,0.40373522,0.023435818,63813264,Pothhole_8+
0.07350325,-0.531567,-0.013848438,63813463,Pothhole_8+
-0.0479369,0.8085357,0.1438107,63813663,Pothhole_8+
0.26844662,-0.47830373,0.0053263223,63813864,Pothhole_8+
0.08735169,0.25566345,-0.044741105,63814064,Pothhole_8+
-0.054328486,0.37816888,0.18748654,63814264
0.111852765,-0.5965481,0.07456851,63814463
0.18109496,0.20453078,0.17576863,63814664
0.12250541,0.27377295,0.07882957,63814864
-0.1587244,-0.0063915867,-0.018109495,63815064
-0.20453078,-0.572047,-0.12250541,63815264
-0.16192019,0.54435015,-0.041545313,63815463
0.25353295,0.33981934,0.0958738,63815664
-0.32703617,-0.27803403,-0.037284255,63815863
-0.09161274,-0.07350325,-0.014913702,63816064
0.23435818,-0.111852765,0.21198763,64002142,Pothhole_10+
-0.1885518,-0.2545982,0.26418558,64002342,Pothhole_10+
-0.08948221,-0.3291667,0.14807175,64002542,Pothhole_10+
0.35579833,-0.05539375,0.34621096,64002742,Pothhole_10+
0.21944447,0.11504856,0.26738137,64002942
-0.041545313,0.3802994,0.28549087,64003142
0.3121225,0.09161274,0.18002969,64003342
0.08522116,-0.020240024,0.07989483,64003542
-0.06924219,0.90654004,-0.0063915867,64003742
0.33342776,-0.19920444,0.039414786,64003942
0.18748654,0.19068234,0.0479369,64004142
-0.03621899,0.76485986,0.013848438,64004342
-0.3025351,0.06498113,0.0063915867,64004543
-0.38136467,0.5752428,-0.08628642,64004742
-0.10013486,-0.24607609,-0.0053263223,64004942
0.014913702,-0.6402239,-0.05752428,64005142
-0.0127831735,0.21837921,-0.15659387,64005342
-0.12996227,0.20240024,-0.20026971,64005542
0.07669904,0.3121225,0.011717909,64005742
0.01917476,-0.1438107,-0.185356,64005942
-0.008522116,-0.5411543,-0.10013486,64006142
0.07243798,-0.08735169,-0.12463594,64006342
0.04261058,-0.098004326,-0.21305288,64006542
0.14807175,0.037284255,0.011717909,64017142
0.007456851,-0.06391586,-0.046871636,64017342,Pothhole_11+
-0.0127831735,0.03621899,-0.03834952,64017543,Pothhole_11+
0.004261058,0.11930962,-0.02663161,64017742,Pothhole_11+
0.03621899,0.052197956,-0.037284255,64017942,Pothhole_11+
0.024501082,-0.1949434,-0.0777643,64018143,Pothhole_11+
-0.35579833,0.21092236,-0.111852765,64018342,Pothhole_11+
-0.017044231,-0.50387007,-0.094808534,64018542,Pothhole_11+
-0.066046394,-0.16831177,-0.043675844,64018743,Pothhole_11+
-0.185356,0.41119206,-0.18429075,64018943,Pothhole_11+
-0.23116238,-0.50173956,-0.09374327,64019143,Pothhole_11+
-0.30040458,0.350472,-0.23861924,64019342,Pothhole_11+
-0.19920444,0.39414784,0.11717909,64019543,Pothhole_11+
-0.03195793,-0.002130529,-0.16724652,64019743,Pothhole_11+
0.040480047,-0.037284255,-0.09374327,64019943,Pothhole_11+
-0.02876214,0.10226539,-0.098004326,64020142,Pothhole_11+
-0.07137272,0.36432043,0.05752428,64020342,Pothhole_11+
-0.07243798,0.91186637,0.06498113,64020542,Pothhole_11+
-0.05326322,-0.08628642,-0.21198763,64020743,Pothhole_11+
0.40053943,-0.0479369,-0.12676647,64020942,Pothhole_11+
0.14061491,-0.48895636,0.056459013,64021142,Pothhole_11+
0.25992453,-0.4910869,-0.049002163,64021343,Pothhole_11+
0.0063915867,-0.05752428,-0.010652645,64021542,Pothhole_11+
-0.1555286,0.2545982,-0.037284255,64021743,Pothhole_11+
0.014913702,-0.16192019,-0.049002163,64021942,Pothhole_11+
0.068176925,0.07669904,-0.07243798,64022142,Pothhole_11+
0.07882957,-0.027696876,0.02130529,64022342,Pothhole_11+
-0.035153728,-0.058589544,-0.02876214,64022542,Pothhole_11+
0.07882957,-0.06391586,-0.043675844,64022743,Pothhole_11+
0.044741105,-0.025566347,-0.018109495,64022942,Pothhole_11+
-0.082025364,0.15765914,-0.025566347,64023143,Pothhole_11+
-0.066046394,0.11504856,0.013848438,64023343,Pothhole_11+
0.26844662,-0.094808534,0.02130529,64023543,Pothhole_11+
-0.014913702,-0.010652645,-0.07989483,64023743,Pothhole_11+
-0.17896442,-0.080960095,-0.0010652645,64023943,Pothhole_11+
-0.051132694,-0.5805691,-0.07243798,64024143,Pothhole_11+
-0.015978966,-0.16511598,0.008522116,64024342,Pothhole_11+
-0.14913702,0.30360037,-0.017044231,64024542,Pothhole_11+
0.1257012,-0.34514567,0.05539375,64024743,Pothhole_11+
-0.16618125,0.2790993,-0.13102752,64024942,Pothhole_11+
-0.066046394,0.17044231,0.17044231,64025142,Pothhole_11+
-0.13635385,0.15659387,-0.051132694,64025342,Pothhole_11+
-0.07350325,0.07563377,0.015978966,64025543
-0.07989483,-0.13102752,-0.0063915867,64025742
-0.14913702,0.07563377,-0.07563377,64025943
-0.0628506,0.049002163,0.033023197,64026143
0.14061491,-0.1555286,-0.020240024,64026342
-0.0958738,0.20453078,0.02876214,64026542
0.024501082,-0.21092236,-0.017044231,64026742
0.06072007,-0.3717773,0.046871636,64026943
-0.02663161,0.17150757,0.0,64027142
-0.051132694,0.19068234,0.043675844,64027342
-0.25992453,-0.21624868,-0.12357067,64669143
-0.007456851,-0.23968449,0.013848438,64669343
0.083090626,-0.24074976,0.02130529,64669543
-0.10333065,-0.27696875,-0.07669904,64669743
-0.10333065,-0.13848437,-0.08628642,64669943
-0.00958738,0.18109496,-0.023435818,64670143
-0.0053263223,0.33981934,0.15126754,64670343
0.13102752,0.15020229,-0.13848437,64670543
-0.23968449,-0.03195793,0.17470337,64670742
-0.6221144,-0.13102752,-0.07989483,64676142
-0.14913702,0.18429075,-0.07989483,64676342,Pothhole_12+
0.6167881,0.9012137,0.53476274,64676542,Pothhole_12+
0.43675843,0.8852348,0.037284255,64676742,Pothhole_12+
-0.57311225,-0.19068234,-0.18322548,64676943,Pothhole_12+
-0.16724652,-0.71053135,-0.1257012,64677143,Pothhole_12+
-0.09054748,0.5049353,0.051132694,64677343,Pothhole_12+
-1.0791129,1.3166668,0.33768883,64677543
-0.14168017,-0.14594123,0.033023197,64677743
-0.16192019,-0.4495416,-0.10013486,64677942
-0.21518342,-0.007456851,-0.0628506,64678142
-0.19600865,-0.90014845,-0.11611383,64678342
0.3834952,-0.9981528,-0.14168017,64678543
0.3984089,0.27803403,0.11504856,64678743
0.13954964,0.79149145,0.12783173,64678943
-0.54435015,0.46552056,0.18216021,64679143
-0.2545982,0.23755397,0.010652645,64679343
0.1470065,0.07350325,0.067111656,64702343
0.03195793,0.05326322,-0.020240024,64702543
-0.0053263223,0.3153183,0.05326322,64702743
0.0,-0.002130529,0.015978966,64702943
0.05006743,-0.32810146,-0.06498113,64703143
0.03621899,0.26525083,-0.07350325,64703343
0.07456851,0.00958738,0.052197956,64703543
-0.058589544,0.096939065,-0.03621899,64703743
0.19281286,-0.09161274,0.01917476,64703943
-0.049002163,-0.08522116,-0.094808534,64704543
0.10439591,-0.26738137,-0.03195793,64704743,Pothhole_13+
0.037284255,0.11824435,-0.096939065,64704943,Pothhole_13+
0.041545313,-0.029827405,-0.027696876,64705143,Pothhole_13+
0.05326322,-0.13635385,-0.033023197,64705343,Pothhole_13+
-0.027696876,-0.35792884,-0.056459013,64705543,Pothhole_13+
-0.16192019,0.1257012,-0.08735169,64705743,Pothhole_13+
0.35473305,-0.47830373,0.020240024,64705943,Pothhole_13+
0.010652645,-0.6679208,-0.16618125,64706143,Pothhole_13+
-0.02876214,0.06072007,-0.054328486,64706343,Pothhole_13+
-0.1438107,0.38242993,-0.04261058,64706543,Pothhole_13+
-0.17576863,-0.1257012,-0.020240024,64706743,Pothhole_13+
0.027696876,0.4729774,0.098004326,64706942,Pothhole_13+
-0.0053263223,-0.39947417,-0.0479369,64707142
0.02663161,0.11291803,0.052197956,64707343
-0.0063915867,-0.33449304,-0.0010652645,64707543
-0.092678,-0.12357067,0.09054748,64707743
0.015978966,-0.037284255,0.07563377,64707943
-0.056459013,-0.014913702,0.004261058,64708143
-0.06924219,-0.17576863,0.080960095,64708343
-0.128897,-0.08415589,0.10652644,64708543
-0.03621899,-0.13848437,0.10013486,64708743
-0.082025364,0.4101268,0.15020229,64708943
