0.1917476,0.07350325,-0.027696876,61104159
0.21518342,0.128897,0.0063915867,61104359
0.19707392,-0.00958738,-0.039414786,61104559
-0.12250541,-0.010652645,-0.08415589,61104759
-0.022370553,-0.0031957934,-0.015978966,61104958
0.0010652645,-0.10652644,-0.07669904,61105159
0.13741912,-0.12250541,-0.07456851,61105359
-0.0063915867,0.013848438,-0.0010652645,61105559
-0.03195793,0.18002969,-0.014913702,61105759
0.37816888,-0.17789917,0.16298546,61231386
-0.11824435,-0.10439591,0.14168017,61231586,Turn_1+
-0.022370553,-0.10652644,0.14168017,61231787,Turn_1+
0.098004326,0.13635385,0.22370553,61231987,Turn_1+
0.19281286,0.10439591,0.1257012,61232187,Turn_1+
0.15978967,0.1587244,0.082025364,61232387,Turn_1+
-0.02876214,-0.1438107,0.2034655,61232587,Turn_1+
-0.05326322,0.0958738,0.067111656,61232787,Turn_1+
-0.27803403,-0.370712,0.28016454,61232986,Turn_1+
0.07989483,0.109722234,-0.066046394,61233187,Turn_1+
0.03621899,-0.13422331,0.24820662,61233387,Turn_1+
-0.03621899,-0.039414786,0.22796659,61233586,Turn_1+
0.037284255,-0.022370553,0.19600865,61233787,Turn_1+
-0.17257284,-0.083090626,0.18002969,61233986
0.07350325,-0.10120012,0.07350325,61234187
0.07669904,0.24607609,0.01917476,61234386
0.01917476,0.0010652645,0.2695119,61234586
-0.17470337,-0.07350325,-0.004261058,61234787
-0.12463594,-0.13209279,0.06391586,61234986
0.0031957934,-0.30360037,0.15020229,61235186
-0.17896442,-0.22903186,0.12037488,61235386
-0.21624868,-0.4644553,0.23755397,61235586
-0.080960095,-0.10120012,-0.004261058,61235787
-0.03834952,0.14913702,0.12037488,61235986
0.027696876,0.11504856,0.18642128,61236187
-0.029827405,-0.113983296,0.14168017,61236388
0.0958738,-0.08415589,0.10652644,61236586
0.0063915867,-0.007456851,0.05006743,61236786
0.00958738,-0.15126754,-0.023435818,61236986
0.03621899,0.15978967,-0.05965481,61237186
0.113983296,0.18109496,0.113983296,61237386
-0.05326322,-0.0958738,0.049002163,61237587
-0.16511598,0.10333065,0.029827405,61294984
0.098004326,-0.027696876,0.068176925,61295185,Turn_2+
-0.11930962,-0.2993393,0.109722234,61295385,Turn_2+
0.14913702,0.18748654,0.15020229,61295585,Turn_2+
-0.0031957934,0.17257284,0.17257284,61295785,Turn_2+
-0.07350325,0.03195793,0.2759035,61295985,Turn_2+
-0.11717909,-0.16618125,0.1555286,61296185,Turn_2+
0.13528858,0.07456851,0.096939065,61296385,Turn_2+
-0.033023197,0.10120012,0.10546118,61296585,Turn_2+
0.10120012,0.03195793,0.3174488,61296785,Turn_2+
-0.17044231,-0.16192019,0.15446334,61296985,Turn_2+
-0.15765914,-0.034088463,0.17789917,61297185,Turn_2+
0.025566347,-0.13422331,0.26844662,61297385,Turn_2+
-0.10865697,-0.13422331,0.24714135,61297585,Turn_2+
-0.030892668,0.03621899,0.18961707,61297785,Turn_2+
-0.10759171,-0.01917476,0.31851408,61297985,Turn_2+
-0.029827405,0.020240024,0.39414784,61298185,Turn_2+
0.06391586,-0.17470337,0.20133498,61298386,Turn_2+
-0.09374327,-0.008522116,0.23435818,61298586,Turn_2+
-0.21092236,-0.04261058,0.32703617,61298785,Turn_2+
-0.16724652,-0.20559603,0.22370553,61298985,Turn_2+
-0.14913702,-0.14487596,0.096939065,61299185,Turn_2+
0.04580637,0.07989483,0.20240024,61299386,Turn_2+
0.018109495,-0.17789917,0.2066613,61299585,Turn_2+
-0.00958738,-0.01917476,-0.022370553,61299785,Turn_2+
-0.037284255,-0.18429075,0.27696875,61299985,Turn_2+
0.13315806,0.0628506,0.14168017,61300185,Turn_2+
0.113983296,-0.10120012,0.27696875,61300384,Turn_2+
-0.12250541,-0.20240024,0.22370553,61300585
-0.24927188,-0.111852765,0.14913702,61300785
0.05752428,0.128897,0.16298546,61300985
-0.12037488,-0.12463594,0.20240024,61301185
-0.13315806,0.14274544,0.22050974,61301387
0.01917476,-0.056459013,0.14274544,61301585
-0.25885925,-0.037284255,0.20240024,61301785
-0.037284255,-0.20559603,0.185356,61301985
0.07350325,0.11504856,0.21731395,61302185
-0.16937704,-0.056459013,0.092678,61302385
-0.05752428,0.111852765,0.06072007,61302585
0.1885518,0.017044231,0.11824435,61302785
-0.15765914,0.011717909,-0.004261058,61302985
0.18216021,0.20240024,0.0777643,61303185
-0.03621899,0.13102752,0.03621899,61303384
0.05326322,0.08415589,0.0628506,61303584
0.082025364,-0.03834952,0.04580637,61303785
-0.16511598,0.023435818,0.0053263223,61303984
-0.10333065,-0.20559603,0.08948221,61304185
0.040480047,0.025566347,0.13102752,61344185
-0.19920444,-0.109722234,0.15233281,61344384,Turn_3+
-0.041545313,-0.06498113,0.046871636,61344584,Turn_3+
0.07882957,0.007456851,0.11611383,61344785,Turn_3+
0.020240024,-0.18216021,0.0958738,61344984,Turn_3+
0.23222765,0.10546118,0.20879182,61345185,Turn_3+
0.0628506,0.20133498,0.19068234,61345384,Turn_3+
-0.08948221,0.034088463,0.1949434,61345584,Turn_3+
-0.03621899,-0.061785337,0.15765914,61345784,Turn_3+
-0.23861924,-0.20026971,0.06072007,61345984,Turn_3+
-0.04261058,-0.11824435,0.12463594,61346185,Turn_3+
0.12463594,0.2695119,0.3153183,61346384,Turn_3+
0.26418558,0.1438107,0.13528858,61346584,Turn_3+
0.21411815,0.18216021,0.111852765,61346784,Turn_3+
0.015978966,-0.046871636,-0.06391586,61346984,Turn_3+
-0.07350325,0.26312032,0.0777643,61347185,Turn_3+
0.013848438,-0.06391586,-0.06498113,61347384,Turn_3+
0.15233281,0.21624868,-0.056459013,61347584,Turn_3+
0.023435818,-0.11930962,-0.10652644,61347784,Turn_3+
-0.014913702,-0.027696876,-0.111852765,61347984,Turn_3+
0.12676647,-0.033023197,-0.12250541,61348184,Turn_3+
0.05006743,-0.049002163,-0.2609898,61348384,Turn_3+
-0.068176925,-0.0053263223,-0.17896442,61348584,Turn_3+
0.023435818,-0.0053263223,-0.19707392,61348784,Turn_3+
-0.1107875,0.2545982,-0.16511598,61348984,Turn_3+
0.2247708,0.25885925,-0.19387813,61349184,Turn_3+
0.098004326,0.32597092,-0.19600865,61349384,Turn_3+
-0.12783173,0.11291803,-0.24074976,61349584,Turn_3+
0.008522116,0.08628642,-0.4101268,61349784,Turn_3+
-0.1768339,-0.42930156,-0.27377295,61349984,Turn_3+
0.221575,0.22690132,-0.27377295,61350185,Turn_3+
0.12463594,-0.08948221,-0.30892667,61350384,Turn_3+
-0.05006743,-0.19813919,-0.25033715,61350584,Turn_3+
-0.13315806,-0.18216021,-0.16298546,61350785,Turn_3+
0.1949434,0.31318775,-0.12144014,61350984,Turn_3+
0.098004326,0.18322548,-0.12463594,61351184,Turn_3+
-0.14168017,-0.22796659,-0.083090626,61351384,Turn_3+
-0.13954964,-0.046871636,-0.11504856,61351584,Turn_3+
0.08415589,0.080960095,-0.024501082,61351785
-0.061785337,-0.16618125,0.008522116,61351984
0.008522116,-0.1917476,0.043675844,61352184
-0.049002163,-0.056459013,0.013848438,61352384
-0.05539375,-0.1470065,0.05752428,61352585
-0.12144014,-0.013848438,0.0628506,61352785
0.011717909,-0.1768339,0.0479369,61352984
0.02663161,0.07669904,0.11824435,61353185
0.049002163,0.08735169,0.17576863,61353383
0.25246766,0.33023196,0.25992453,61353584
0.044741105,-0.052197956,0.11717909,61434983
-0.056459013,-0.033023197,-0.0127831735,61435183
0.08415589,0.12357067,0.044741105,61435383
0.03834952,-0.083090626,0.03621899,61435583
-0.03834952,0.07989483,0.067111656,61435783
0.039414786,0.13315806,0.11717909,61435983
0.01917476,0.257794,0.10013486,61436183
0.040480047,-0.07669904,0.099069595,61436385
-0.08735169,-0.10226539,-0.024501082,61436583
0.31957933,-0.27057716,0.013848438,61459182
0.015978966,0.3153183,0.06391586,61459384,Turn_4+
-0.14274544,-0.2034655,0.01917476,61459583,Turn_4+
-0.2034655,-0.2759035,-0.056459013,61459783,Turn_4+
-0.15659387,0.05006743,0.113983296,61459983
0.1107875,-0.099069595,0.09161274,61460183
-0.0958738,0.23542345,0.13954964,61460384
0.10120012,0.025566347,0.128897,61460583
-0.13635385,-0.13635385,0.025566347,61460783
-0.05539375,0.0127831735,0.04261058,61460983
-0.052197956,-0.049002163,0.14807175,61461183
-0.15339808,-0.1736381,0.16298546,61461384
-0.08522116,0.020240024,0.068176925,61461583
0.004261058,-0.20559603,0.092678,61461783
-0.035153728,-0.16192019,0.07456851,62363346
-0.002130529,0.058589544,0.10546118,62363546
-0.041545313,-0.1768339,0.07350325,62363746
-0.025566347,0.24288028,0.10333065,62363946
-0.113983296,0.23435818,0.07243798,62364146
-0.0031957934,0.3536678,0.15233281,62364346
-0.111852765,-0.12783173,0.1885518,62364546
0.092678,0.02876214,0.11717909,62364746
-0.06072007,0.1555286,0.18748654,62364946
-0.27696875,0.5944176,-0.08735169,62409745
0.17150757,-0.0127831735,-0.07456851,62409946,Turn_5+
-0.19068234,0.017044231,-0.12783173,62410146
-0.04580637,0.20772657,-0.16085494,62410346
0.082025364,0.02130529,-0.22690132,62410546
-0.113983296,0.3206446,-0.185356,62410746
-0.19068234,0.017044231,-0.12783173,62410146
-0.04580637,0.20772657,-0.16085494,62410346
0.082025364,0.02130529,-0.22690132,62410546
-0.113983296,0.3206446,-0.185356,62410746
0.23968449,-0.099069595,-0.3025351,62410946,Turn_6+
0.19920444,0.013848438,-0.18109496,62411145,Turn_6+
-0.025566347,-0.035153728,-0.19068234,62411346,Turn_6+
-0.052197956,-0.0031957934,-0.33981934,62411546,Turn_6+
-0.020240024,-0.06072007,-0.38775626,62411746,Turn_6+
-0.02130529,-0.16724652,-0.27803403,62411946,Turn_6+
-0.12037488,0.02876214,-0.21092236,62412146,Turn_6+
-0.035153728,0.022370553,-0.42930156,62412346,Turn_6+
0.035153728,0.010652645,-0.19068234,62412546,Turn_6+
-0.029827405,0.18429075,-0.314253,62412746,Turn_6+
0.22583605,-0.05006743,-0.3323625,62412946,Turn_6+
0.06498113,-0.20240024,-0.35260254,62413146,Turn_6+
0.03621899,0.044741105,-0.30040458,62413346,Turn_6+
-0.004261058,0.113983296,-0.24927188,62413546,Turn_6+
0.096939065,0.24501082,-0.33342776,62413746,Turn_6+
0.17470337,-0.18216021,-0.28975192,62413946,Turn_6+
0.18429075,-0.24927188,-0.36325517,62414146,Turn_6+
0.11824435,-0.07563377,-0.30146983,62414346,Turn_6+
0.094808534,0.08948221,-0.3121225,62414546,Turn_6+
0.17896442,0.40053943,-0.21944447,62414746,Turn_6+
0.13635385,0.0,-0.16831177,62414946,Turn_6+
0.15978967,-0.00958738,-0.2695119,62415146,Turn_6+
0.07456851,0.02876214,-0.24607609,62415346,Turn_6+
0.12463594,-0.2545982,-0.3174488,62415546,Turn_6+
-0.070307456,-0.07882957,-0.33023196,62415746,Turn_6+
0.014913702,-0.098004326,-0.25992453,62415946,Turn_6+
-0.25246766,-0.23435818,-0.30892667,62416146,Turn_6+
0.07563377,0.46658581,-0.18322548,62416346,Turn_6+
0.02663161,-0.22370553,-0.20559603,62416546,Turn_6+
-0.004261058,-0.082025364,-0.22583605,62416746,Turn_6+
0.12783173,0.008522116,-0.16192019,62416946,Turn_6+
-0.013848438,0.10226539,-0.13954964,62417146,Turn_6+
0.05539375,0.2609898,-0.027696876,62417346,Turn_6+
0.039414786,-0.0958738,-0.035153728,62417546,Turn_6+
-0.12357067,0.15978967,-0.0063915867,62417746,Turn_6+
-0.33129725,-0.08415589,-0.04580637,62417946,Turn_6+
0.034088463,-0.13315806,-0.051132694,62418146,Turn_6+
-0.08628642,0.08735169,0.00958738,62418346,Turn_6+
-0.070307456,0.051132694,-0.26738137,62418546,Turn_6+
-0.09374327,0.05965481,0.08948221,62418746,Turn_6+
-0.002130529,-0.19707392,0.004261058,62418946,Turn_6+
-0.023435818,-0.061785337,0.07243798,62419145,Turn_6+
0.4346279,-0.58269966,0.10652644,62419346,Turn_6+
-0.3802994,-0.066046394,0.07137272,62419545,Turn_6+
0.15233281,0.15020229,-0.068176925,62419747
-0.18002969,-0.08522116,0.12144014,62419946
-0.07882957,0.12996227,0.15765914,62420146
0.0031957934,0.07350325,0.11504856,62420346
0.024501082,-0.035153728,-0.06498113,62420546
0.2514024,-0.20026971,0.092678,62420745
-0.2364887,0.31318775,0.06391586,62420946
0.015978966,0.10226539,0.014913702,62492346
0.13848437,0.12463594,0.0958738,62492546
-0.15020229,0.18216021,0.0053263223,62492746
0.025566347,-0.21518342,0.049002163,62492946
0.01917476,-0.014913702,-0.025566347,62493146
-0.049002163,0.00958738,0.013848438,62493346
0.010652645,-0.067111656,-0.049002163,62493546
0.033023197,0.18002969,0.05326322,62493746
0.3930826,0.13848437,0.067111656,62493946
0.19920444,-0.08415589,0.17044231,62505146
0.052197956,0.034088463,0.3685815,62505345,Turn_7+
-0.08415589,0.08522116,0.2545982,62505546,Turn_7+
-0.08948221,-0.12676647,0.257794,62505746,Turn_7+
0.1438107,-0.068176925,0.33129725,62505946,Turn_7+
-0.06072007,-0.10120012,0.30679616,62506146,Turn_7+
-0.22583605,-0.19068234,0.3121225,62506346,Turn_7+
-0.25885925,-0.13528858,0.28336033,62506546,Turn_7+
-0.2609898,-0.45806372,0.2961435,62506745,Turn_7+
0.12250541,0.051132694,0.31638354,62506946,Turn_7+
0.066046394,-0.004261058,0.35473305,62507146,Turn_7+
-0.12783173,-0.06498113,0.41119206,62507346,Turn_7+
-0.19707392,0.16937704,0.34194988,62507546,Turn_7+
-0.0479369,-0.067111656,0.30999196,62507746,Turn_7+
-0.2066613,-0.029827405,0.20559603,62507946,Turn_7+
-0.35792884,-0.30999196,0.2759035,62508146,Turn_7+
0.010652645,-0.21944447,0.27164242,62508346,Turn_7+
-0.56672066,-0.22690132,0.2695119,62508546,Turn_7+
-0.034088463,-0.13422331,0.12996227,62508746
0.06391586,-0.0628506,0.17470337,62508946
-0.14913702,-0.099069595,0.096939065,62509146
-0.039414786,-0.13209279,0.10652644,62509346
-0.05539375,-0.11930962,0.12676647,62509546
0.015978966,0.11824435,0.13635385,62509746
0.16937704,0.066046394,0.14274544,62509946
0.030892668,-0.0777643,0.027696876,62510146
-0.07456851,-0.221575,-0.046871636,62510346
-0.07350325,0.002130529,0.029827405,62510546
-0.10013486,-0.3739078,-0.0063915867,62530745
-0.4527374,0.044741105,-0.11824435,62530946
0.07243798,0.6380934,0.22903186,62531146
-0.051132694,-0.24820662,-0.07989483,62531346
-0.23009712,-0.32597092,-0.12783173,62531546
-0.44101948,-0.39095205,-0.22264026,62531746
-0.040480047,0.11291803,0.06498113,62531946
0.7765778,0.23861924,0.17896442,62532146
0.092678,-0.07882957,0.0127831735,62532346
-0.4463458,0.067111656,-0.14913702,62550546
0.05539375,-0.12250541,-0.15126754,62550747,Turn_8+
-0.19707392,-0.05752428,-0.13741912,62550947,Turn_8+
-0.16724652,-0.1949434,-0.12250541,62551146,Turn_8+
-0.08841695,0.0127831735,-0.16085494,62551347,Turn_8+
-0.14274544,-0.38562572,-0.13741912,62551547,Turn_8+
0.31318775,-0.015978966,-0.12357067,62551746,Turn_8+
0.07243798,0.18642128,-0.083090626,62551946,Turn_8+
0.027696876,-0.22903186,-0.1257012,62552147,Turn_8+
-0.0053263223,0.07243798,-0.13635385,62552347,Turn_8+
0.0628506,0.13422331,-0.0063915867,62552547,Turn_8+
0.15126754,0.14913702,-0.082025364,62552747,Turn_8+
-0.094808534,-0.128897,-0.09374327,62552946,Turn_8+
-0.15446334,0.039414786,-0.08735169,62553147,Turn_8+
0.22690132,-0.011717909,0.0010652645,62553347,Turn_8+
-0.14061491,0.030892668,-0.14274544,62553546,Turn_8+
0.013848438,-0.0031957934,-0.029827405,62553747
-0.07563377,0.08735169,-0.083090626,62553946
-0.11930962,-0.034088463,-0.0031957934,62554147
-0.083090626,-0.02130529,-0.05965481,62554346
-0.2514024,-0.07350325,-0.06391586,62554546
-0.083090626,0.0958738,-0.033023197,62561546
-0.011717909,-0.07137272,0.058589544,62561746
-0.03621899,-0.04580637,0.029827405,62561947
-0.05752428,-0.061785337,-0.02130529,62562147
-0.037284255,-0.109722234,-0.020240024,62562347
0.030892668,-0.033023197,-0.014913702,62562546
-0.05539375,0.06391586,0.05539375,62562746
-0.03621899,-0.07563377,0.008522116,62562946
-0.0628506,0.013848438,0.034088463,62563146
0.23009712,-0.092678,-0.05752428,62595747
0.0010652645,-0.3568636,0.02876214,62595946,Turn_9+
0.0,-0.5965481,0.00958738,62596147,Turn_9+
-0.037284255,-0.41864893,0.05539375,62596347,Turn_9+
-0.13209279,-0.36112463,0.011717909,62596547,Turn_9+
0.13422331,0.24820662,0.10013486,62596747,Turn_9+
-0.05539375,0.05326322,0.004261058,62596947,Turn_9+
-0.15233281,0.2609898,0.09054748,62597147,Turn_9+
-0.044741105,-0.03195793,0.007456851,62597347,Turn_9+
0.09374327,0.9779127,-0.0053263223,62597547,Turn_9+
-0.040480047,0.22050974,-0.06391586,62597747,Turn_9+
0.14168017,0.588026,-0.0127831735,62597947,Turn_9+
0.0053263223,0.21198763,0.068176925,62598147,Turn_9+
-0.05752428,-0.3653857,-0.004261058,62598347,Turn_9+
0.020240024,0.08841695,-0.11930962,62598547,Turn_9+
-0.068176925,-0.2993393,-0.07350325,62598747,Turn_9+
0.06924219,-0.0628506,-0.16937704,62598946,Turn_9+
-0.008522116,-0.046871636,-0.0628506,62599147,Turn_9+
-0.080960095,-0.34408042,-0.18429075,62599347,Turn_9+
0.092678,-0.644485,-0.16192019,62599547,Turn_9+
0.067111656,0.23329291,-0.23116238,62599747,Turn_9+
0.09054748,0.19600865,-0.15978967,62599947,Turn_9+
-0.0031957934,-0.027696876,-0.18109496,62600147,Turn_9+
0.082025364,0.037284255,-0.17896442,62600347,Turn_9+
0.058589544,0.35153726,-0.20772657,62600547,Turn_9+
0.09054748,0.113983296,-0.13102752,62600747,Turn_9+
0.12676647,0.13741912,-0.26844662,62600947,Turn_9+
-0.0053263223,-0.28868666,-0.12783173,62601147,Turn_9+
-0.044741105,0.21305288,-0.18748654,62601347,Turn_9+
0.08841695,0.033023197,-0.14274544,62601547,Turn_9+
0.06391586,-0.1555286,-0.17896442,62601746,Turn_9+
-0.13848437,0.30573088,-0.1885518,62601946,Turn_9+
0.0777643,-0.14168017,-0.2364887,62602147
0.020240024,0.11291803,-0.15659387,62602347
0.0053263223,0.10439591,-0.185356,62602547
-0.08948221,-0.111852765,-0.13102752,62602747
0.013848438,-0.314253,-0.15126754,62602947
-0.1768339,0.22903186,-0.098004326,62603146
-0.113983296,0.18748654,-0.007456851,62603347
-0.02130529,0.07989483,-0.05965481,62603547
-0.056459013,-0.0031957934,0.030892668,62603747
-0.018109495,0.16085494,0.00958738,62603947
-0.08948221,-0.52624065,-0.0010652645,62719548
-0.024501082,0.1257012,0.07137272,62719748
-0.04580637,-0.49641323,0.0,62719948
0.05326322,0.42290998,0.015978966,62720148
-0.04261058,0.014913702,-0.01917476,62720348
-0.05006743,-0.041545313,0.056459013,62720548
-0.08735169,-0.5784386,0.029827405,62720748
-0.08948221,-0.16192019,-0.030892668,62720948
-0.015978966,-0.02130529,0.03195793,62721148
-0.34514567,0.829841,0.16831177,62732548
0.08948221,-0.010652645,0.14594123,62732748,Turn_10+
-0.058589544,0.14807175,0.035153728,62732948,Turn_10+
-0.01917476,-0.1587244,0.11611383,62733147,Turn_10+
-0.070307456,0.11824435,0.128897,62733348,Turn_10+
-0.12463594,0.05006743,0.12996227,62733548,Turn_10+
0.061785337,0.15446334,0.05326322,62733748,Turn_10+
0.043675844,-0.28122982,0.06072007,62733948,Turn_10+
0.06498113,-0.1587244,-0.08522116,62734148,Turn_10+
-0.056459013,-0.013848438,0.034088463,62734348,Turn_10+
0.07563377,-0.17257284,-0.00958738,62734548,Turn_10+
0.03195793,0.15765914,-0.03834952,62734748,Turn_10+
0.09161274,-0.17896442,-0.030892668,62734948,Turn_10+
0.03834952,0.3920173,-0.034088463,62735148,Turn_10+
-0.020240024,0.03621899,-0.0479369,62735348,Turn_10+
0.039414786,-0.6146576,-0.10013486,62735548,Turn_10+
0.046871636,0.067111656,-0.12037488,62735748,Turn_10+
-0.049002163,0.22264026,-0.05752428,62735948,Turn_10+
0.03834952,0.008522116,-0.06072007,62736148,Turn_10+
-0.0127831735,0.0063915867,-0.058589544,62736348,Turn_10+
0.05752428,0.12037488,-0.12144014,62746147
-0.027696876,0.09374327,-0.17789917,62746348
-0.01917476,0.029827405,-0.13209279,62746548
0.05752428,-0.018109495,-0.16831177,62746748
0.02876214,-0.03195793,-0.20240024,62746948
0.007456851,-0.07350325,-0.19281286,62747148
0.056459013,0.0031957934,-0.21198763,62747348
0.03621899,0.14061491,-0.22264026,62747548
0.018109495,-0.046871636,-0.22050974,62747748
-0.04261058,0.1257012,-0.23861924,62747948,Turn_11+
-0.00958738,0.080960095,-0.2759035,62748147,Turn_11+
0.02663161,-0.18961707,-0.21411815,62748348,Turn_11+
-0.017044231,-0.11930962,-0.24181503,62748548,Turn_11+
-0.01917476,-0.02130529,-0.22583605,62748748,Turn_11+
0.061785337,-0.12144014,-0.2929477,62748948,Turn_11+
0.044741105,0.011717909,-0.28336033,62749148,Turn_11+
-0.025566347,0.12144014,-0.20879182,62749348,Turn_11+
-0.015978966,-0.16831177,-0.25566345,62749548,Turn_11+
0.099069595,0.12676647,-0.2876214,62749748,Turn_11+
-0.013848438,0.07243798,-0.1885518,62749948,Turn_11+
-0.06391586,-0.05539375,-0.23009712,62750148,Turn_11+
0.03621899,0.0,-0.26738137,62750348,Turn_11+
0.056459013,0.36112463,-0.19920444,62750548,Turn_11+
0.19813919,-0.2609898,-0.034088463,62750748,Turn_11+
-0.12144014,-0.4548679,-0.16405073,62750948,Turn_11+
0.19281286,-0.26525083,-0.23116238,62751148,Turn_11+
0.15659387,-0.12250541,-0.18961707,62751348,Turn_11+
0.05752428,0.34621096,-0.18322548,62751548,Turn_11+
0.11824435,-0.11824435,-0.1768339,62751748,Turn_11+
0.015978966,-0.08628642,-0.16618125,62751948,Turn_11+
-0.011717909,-0.035153728,-0.2034655,62752147,Turn_11+
0.05752428,-0.1470065,-0.18961707,62752348,Turn_11+
-0.12144014,-0.22796659,-0.16405073,62752548,Turn_11+
-0.099069595,-0.2695119,-0.19387813,62752748,Turn_11+
0.21092236,-0.3323625,-0.185356,62752947,Turn_11+
-0.16085494,0.2993393,-0.19813919,62753147
-0.16192019,0.19068234,-0.056459013,62753348
0.0053263223,-0.044741105,-0.19281286,62753548
0.01917476,0.49854377,-0.07882957,62753748
-0.027696876,0.38562572,-0.0628506,62753948
-0.10759171,0.12463594,-0.092678,62754148
-0.0628506,0.21624868,-0.082025364,62754348
0.070307456,-0.17257284,-0.051132694,62754548
-0.02663161,-0.16085494,-0.03621899,62754748
0.03834952,-0.30786142,-0.02876214,62754948
-0.020240024,-0.1555286,0.008522116,62880749
-0.037284255,-0.08841695,-0.0053263223,62880950
0.046871636,0.0053263223,0.01917476,62881150
0.070307456,0.20453078,0.04261058,62881350
0.07137272,0.30679616,0.03621899,62881549
0.09374327,0.36005938,-0.007456851,62881750
0.067111656,0.16511598,0.03621899,62881950
0.17044231,-0.0479369,0.03834952,62882150
0.070307456,0.128897,-0.010652645,62882350
-0.06498113,-0.71798825,0.3952131,62994904
0.23755397,-1.2538162,0.40373522,62995103,Turn_1+
-0.043675844,0.61572284,0.21092236,62995304
0.08735169,-0.41225734,0.30892667,62995503
0.11824435,-0.47936898,0.17044231,62995703
-0.083090626,-0.013848438,0.28229508,62995904
-0.09054748,-0.63596284,0.3206446,62996104
-0.06072007,-0.68603027,0.15126754,62996304
-0.13422331,-0.12357067,0.33449304,62996503
-0.08735169,-0.42184472,0.40266997,62996703
-0.03621899,-0.06924219,0.2247708,62996904
0.083090626,-0.76272935,0.26844662,62997104
0.22903186,-0.4484763,0.05326322,63257531
0.07137272,0.16085494,0.054328486,63257730
0.30360037,-0.43782368,0.02130529,63257931
0.00958738,-0.08735169,-0.029827405,63258131
0.10013486,0.24394555,-0.008522116,63258330
-0.044741105,0.22796659,0.025566347,63258530
0.10439591,0.19920444,0.14168017,63258729
-0.10546118,0.16298546,-0.113983296,63258930
-0.03834952,0.058589544,0.00958738,63259130
0.06391586,-0.17044231,0.18002969,63304532
-0.08628642,-0.008522116,0.21518342,63304732,Turn_2+
-0.03195793,0.16831177,0.21518342,63304931,Turn_2+
-0.06391586,-0.19281286,0.098004326,63305132,Turn_2+
-0.05006743,-0.2247708,0.070307456,63305332,Turn_2+
-0.109722234,-0.28336033,0.13741912,63305531,Turn_2+
0.03834952,-0.3771036,0.24820662,63305732,Turn_2+
0.1257012,0.037284255,0.294013,63305931,Turn_2+
0.26631612,-0.03834952,0.2247708,63306132,Turn_2+
-0.109722234,0.08522116,0.25246766,63306332,Turn_2+
0.26312032,-0.10333065,0.29188246,63306531,Turn_2+
0.1768339,0.13848437,0.21944447,63306732,Turn_2+
0.018109495,0.1438107,0.21198763,63306932,Turn_2+
-0.013848438,0.19813919,0.15978967,63307131,Turn_2+
-0.05006743,0.43888894,0.1917476,63307332,Turn_2+
-0.046871636,0.386691,0.14807175,63307532,Turn_2+
-0.034088463,0.05326322,0.221575,63307732,Turn_2+
-0.27057716,0.24607609,0.12037488,63307932,Turn_2+
-0.10439591,-0.77125144,0.2908172,63308132,Turn_2+
-0.18216021,-0.9374327,0.27377295,63308332,Turn_2+
-0.0479369,0.096939065,0.294013,63308532,Turn_2+
0.02876214,-0.16937704,0.14061491,63308732,Turn_2+
-0.024501082,-0.0063915867,0.19920444,63308932,Turn_2+
0.07563377,-0.049002163,0.16085494,63309131,Turn_2+
0.08735169,-0.40053943,0.09054748,63309331,Turn_2+
-0.0127831735,-0.5134575,0.18002969,63309532,Turn_2+
0.08628642,-0.056459013,0.07989483,63309732,Turn_2+
0.26844662,-0.16937704,0.094808534,63309931,Turn_2+
0.04580637,-0.406931,-0.023435818,63310132
0.13315806,0.07243798,0.07350325,63310332
-0.022370553,0.08948221,0.11930962,63310531
-0.08628642,-0.05326322,0.08628642,63310731
-0.0063915867,-0.12144014,-0.004261058,63310932
0.01917476,0.05965481,0.025566347,63311132
0.05006743,0.6913566,-0.10226539,63311331
0.096939065,-0.080960095,-0.024501082,63311531
-0.035153728,-0.13635385,-0.049002163,63311732
-0.109722234,0.044741105,-0.05539375,63311932
0.056459013,0.3984089,-0.002130529,63497737
0.061785337,0.12037488,-0.054328486,63497936
-0.02876214,0.14168017,-0.13954964,63498137
-0.07243798,-0.06072007,-0.070307456,63498337
0.096939065,0.025566347,-0.099069595,63498536
0.002130529,-0.23968449,-0.058589544,63498737
0.3898868,-0.53476274,0.13954964,63498936
0.1736381,-0.68603027,-0.07243798,63499137
0.014913702,-0.08841695,-0.11930962,63499337
0.3653857,-0.48363006,-0.22903186,63499536
0.15339808,-0.9054748,-0.15233281,63499735,Turn_3+
-0.07989483,0.067111656,-0.0958738,63499936,Turn_3+
-0.06072007,0.17896442,-0.11930962,63500137,Turn_3+
0.10439591,-0.080960095,-0.05965481,63500336,Turn_3+
0.0127831735,0.18216021,-0.10226539,63500536,Turn_3+
0.28655612,-0.37603834,-0.08948221,63500736,Turn_3+
0.023435818,-0.035153728,-0.13528858,63500937,Turn_3+
-0.07137272,0.015978966,-0.24501082,63501137,Turn_3+
0.061785337,-0.109722234,-0.22903186,63501336,Turn_3+
-0.034088463,0.051132694,-0.18429075,63501537,Turn_3+
-0.15765914,0.28442562,-0.14168017,63501736,Turn_3+
0.10013486,-0.010652645,-0.13848437,63501936,Turn_3+
0.22796659,-0.43888894,-0.18642128,63502137,Turn_3+
0.07563377,-0.0958738,-0.14594123,63502337,Turn_3+
-0.01917476,0.24820662,-0.06924219,63502537,Turn_3+
0.066046394,-0.17044231,-0.15233281,63502736,Turn_3+
0.3834952,-0.68176925,-0.14913702,63502937,Turn_3+
0.23435818,0.020240024,-0.24181503,63503137,Turn_3+
0.10439591,0.015978966,-0.17257284,63503336,Turn_3+
0.18642128,-0.23009712,-0.21305288,63503537,Turn_3+
0.21411815,-0.3110572,-0.2247708,63503737,Turn_3+
0.2247708,-0.3952131,-0.18216021,63503937,Turn_3+
-0.10333065,0.45806372,-0.13848437,63504136,Turn_3+
0.0479369,-0.0479369,-0.15126754,63504336,Turn_3+
0.02130529,0.23009712,-0.22796659,63504536,Turn_3+
0.04261058,0.046871636,-0.13954964,63504737,Turn_3+
0.096939065,0.08841695,-0.128897,63504937,Turn_3+
0.16937704,-0.3355583,-0.17150757,63505137,Turn_3+
-0.06924219,0.15339808,-0.11717909,63505337,Turn_3+
0.096939065,-0.21624868,-0.080960095,63505536,Turn_3+
0.023435818,-0.014913702,-0.13209279,63505737,Turn_3+
0.070307456,-0.3930826,-0.12783173,63505937,Turn_3+
0.0777643,-0.23435818,-0.10333065,63506137,Turn_3+
0.035153728,-0.11291803,-0.05006743,63506337,Turn_3+
-0.07456851,0.03195793,-0.05006743,63506536,Turn_3+
-0.096939065,-0.0031957934,-0.07350325,63506737,Turn_3+
0.0127831735,0.039414786,-0.07669904,63506937,Turn_3+
0.08948221,0.0479369,-0.04261058,63507137,Turn_3+
-0.098004326,-0.30040458,0.017044231,63586139
-0.18322548,-0.18002969,0.049002163,63586339
-0.13954964,-0.015978966,0.023435818,63586539
0.13315806,0.0958738,0.025566347,63586739
-0.19068234,-0.05752428,-0.0053263223,63586939
0.10226539,-0.2609898,0.092678,63587139
0.044741105,-0.27483824,0.035153728,63587339
0.12250541,0.06391586,0.09374327,63587539
-0.002130529,0.13954964,-0.033023197,63587739
-0.7030745,0.2876214,-0.18642128,63630140
-0.18109496,-0.068176925,-0.2790993,63630340,Turn_4+
0.07989483,0.05965481,-0.23116238,63630539,Turn_4+
0.041545313,-0.07563377,-0.14487596,63630740,Turn_4+
-0.3685815,0.08522116,-0.3355583,63630940,Turn_4+
-0.17150757,-0.0479369,-0.24820662,63631140,Turn_4+
0.046871636,-0.17150757,-0.19600865,63631340,Turn_4+
0.039414786,0.09374327,-0.14913702,63631540,Turn_4+
0.17044231,-0.2514024,-0.21198763,63631740,Turn_4+
0.21305288,-0.067111656,-0.15339808,63631940,Turn_4+
0.26205504,-0.1768339,-0.14274544,63632140,Turn_4+
-0.10759171,0.20772657,-0.22903186,63632340,Turn_4+
0.0031957934,-0.10652644,-0.24501082,63632539,Turn_4+
-0.058589544,-0.017044231,-0.15020229,63632740,Turn_4+
0.11611383,0.098004326,-0.15126754,63632940,Turn_4+
0.10439591,-0.12463594,-0.19707392,63633140,Turn_4+
-0.23329291,0.25033715,-0.21305288,63633340,Turn_4+
0.19600865,-0.08415589,-0.13528858,63633540,Turn_4+
-0.0063915867,-0.04261058,-0.21411815,63633740,Turn_4+
-0.17257284,0.02130529,-0.21305288,63633940,Turn_4+
0.03195793,0.12357067,-0.21624868,63634140,Turn_4+
-0.013848438,-0.28122982,-0.20985709,63634340,Turn_4+
-0.18642128,-0.14061491,-0.24074976,63634540,Turn_4+
-0.13741912,-0.11717909,-0.26738137,63634740,Turn_4+
0.06391586,-0.42077947,-0.1768339,63634940,Turn_4+
-0.33768883,0.043675844,-0.2609898,63635139,Turn_4+
0.05965481,0.37284255,-0.023435818,63635340,Turn_4+
-0.28975192,-0.025566347,-0.13954964,63635539,Turn_4+
-0.12250541,0.16298546,-0.11611383,63635740
0.020240024,-0.096939065,0.007456851,63635940
-0.068176925,-0.09161274,-0.11504856,63636140
-0.022370553,-0.07563377,-0.10652644,63636340
-0.05965481,-0.13209279,-0.039414786,63636540
0.25566345,0.17470337,0.013848438,63636740
0.21411815,-0.027696876,0.010652645,63636940
0.033023197,-0.067111656,-0.029827405,63637139
0.16937704,-0.22903186,0.022370553,63637340
-0.070307456,0.099069595,-0.041545313,63637540
0.16298546,0.21837921,0.1587244,63833264
0.14807175,0.36751622,0.070307456,63833464
0.17576863,0.17044231,0.10226539,63833664
0.24394555,-0.0777643,0.015978966,63833864
-0.08415589,0.06924219,-0.0063915867,63834064
-0.14594123,-0.26312032,-0.06498113,63834264
-0.025566347,-0.004261058,-0.04261058,63834463
0.023435818,0.20026971,0.02876214,63834664
0.11824435,0.044741105,0.051132694,63834864
-0.3952131,0.3739078,-0.07137272,63849065
-0.08948221,-0.54861116,-0.08628642,63849265,Turn_5+
0.19920444,-0.066046394,-0.05326322,63849464,Turn_5+
0.26205504,0.17576863,-0.06924219,63849664,Turn_5+
0.0777643,-0.10226539,-0.07882957,63849865,Turn_5+
-0.2066613,0.20133498,-0.21411815,63850064,Turn_5+
0.15126754,-0.34194988,-0.094808534,63850265,Turn_5+
-0.27696875,-0.030892668,-0.24181503,63850464,Turn_5+
0.15765914,-0.23542345,-0.098004326,63850664,Turn_5+
0.16085494,0.06391586,-0.2545982,63850864,Turn_5+
-0.07137272,-0.3739078,-0.22050974,63851065,Turn_5+
-0.04261058,-0.12144014,-0.19600865,63851265,Turn_5+
0.037284255,0.07669904,-0.21198763,63851464,Turn_5+
-0.51452273,0.45060685,-0.31638354,63851664,Turn_5+
0.23755397,0.06391586,-0.25566345,63851864,Turn_5+
0.14061491,0.5060006,-0.28549087,63852064,Turn_5+
0.19387813,-0.48363006,-0.17470337,63852265,Turn_5+
-0.38562572,-0.34088463,-0.4282363,63852463,Turn_5+
0.023435818,0.37284255,-0.23861924,63852665,Turn_5+
-0.0010652645,-0.16618125,-0.24394555,63852865,Turn_5+
0.039414786,-0.15233281,-0.19813919,63853065,Turn_5+
0.025566347,-0.4463458,-0.25566345,63853265,Turn_5+
-0.07456851,-0.07456851,0.12463594,63862065
-0.13102752,0.07456851,0.2759035,63862265
0.12144014,-0.42290998,0.13102752,63862464
0.10546118,0.04580637,0.25566345,63862665
0.013848438,0.19813919,0.33662355,63862865
-0.07563377,0.13422331,0.15765914,63863064
-0.16192019,-0.7595335,0.20026971,63863264
-0.06072007,-0.02876214,0.17257284,63863464
0.011717909,0.0958738,0.30786142,63863665
-0.45912898,0.20879182,0.20453078,63891865
-0.05539375,-0.26738137,0.30573088,63892065,Turn_6+
-0.02876214,0.37816888,0.19920444,63892265,Turn_6+
0.07456851,-0.21305288,0.23435818,63892465,Turn_6+
0.094808534,-0.0031957934,0.27057716,63892665,Turn_6+
-0.0063915867,-0.008522116,0.25992453,63892865,Turn_6+
0.049002163,-0.037284255,0.24501082,63893065,Turn_6+
-0.0053263223,-0.05539375,0.28549087,63893265,Turn_6+
-0.1107875,0.02130529,0.21944447,63893464,Turn_6+
0.030892668,-0.018109495,0.19707392,63893665,Turn_6+
0.25246766,0.066046394,-0.23435818,64212147,Turn_7+
0.185356,-0.01917476,-0.28122982,64212348,Turn_7+
0.06924219,0.17576863,-0.17470337,64212547,Turn_7+
-0.11611383,-0.040480047,-0.2545982,64212748,Turn_7+
0.18748654,-0.058589544,-0.21624868,64212948,Turn_7+
0.2514024,-0.26738137,-0.2759035,64213147
0.20985709,0.014913702,-0.13741912,64213348
0.16937704,0.092678,-0.14594123,64213547
0.008522116,0.10226539,-0.08948221,64213748
0.18216021,-0.23435818,-0.22050974,64213948
0.004261058,-0.015978966,-0.13315806,64214147
-0.24607609,0.03195793,-0.13102752,64214348
0.033023197,0.17470337,-0.13635385,64214548
0.18322548,0.07669904,-0.05965481,64214748
0.014913702,0.041545313,-0.043675844,64214948
-0.080960095,0.08415589,0.080960095,64561942
-0.020240024,-0.033023197,0.06072007,64562141
0.010652645,0.044741105,0.067111656,64562342
-0.044741105,-0.002130529,0.061785337,64562542
0.0127831735,-0.15126754,0.018109495,64562742
-0.030892668,0.11504856,0.05752428,64562942
-0.025566347,-0.025566347,0.03621899,64563141
-0.0031957934,-0.05965481,0.025566347,64563342
0.013848438,0.013848438,0.034088463,64563542
-0.8223841,-0.030892668,-0.08522116,64664143
0.010652645,0.30573088,0.28122982,64664343,Turn_8+
-0.26631612,0.16618125,0.16618125,64664543,Turn_8+
0.049002163,-0.5422196,0.066046394,64664743,Turn_8+
0.70200926,0.6412892,0.37603834,64664943,Turn_8+
0.043675844,-0.6167881,-0.039414786,64665143,Turn_8+
-0.11717909,0.3898868,0.10120012,64665343,Turn_8+
-0.058589544,0.2993393,0.22796659,64665543,Turn_8+
-0.128897,-0.03195793,0.24714135,64665743,Turn_8+
-0.02130529,-0.43995422,0.13741912,64665943,Turn_8+
-0.23968449,0.55287224,0.08522116,64666143,Turn_8+
-0.8777779,-0.87032104,-0.27164242,64666343,Turn_8+
-0.5060006,-0.4527374,-0.37816888,64666543,Turn_8+
-0.76485986,0.070307456,-0.17470337,64666743,Turn_8+
-0.85221153,0.74248934,0.03834952,64666943,Turn_8+
0.6668555,0.049002163,0.15765914,64667143
0.046871636,0.12037488,-0.08415589,64667343
0.03834952,0.26418558,0.15020229,64667543
0.08948221,-0.02663161,0.067111656,64667743
0.15659387,-0.11611383,0.05539375,64667943
0.23435818,-0.72437984,0.07989483,64668143
-0.12783173,-0.07350325,0.068176925,64668343
-0.21518342,0.07669904,-0.14061491,64668543
-0.43675843,-0.21198763,-0.12250541,64668743
0.068176925,0.87245154,0.24714135,64668943
