-1.2533437,-0.77149564,10.447524,65722712
-1.3280383,-0.6200107,10.268946,65722912
-1.1846366,-0.85142946,11.206446,65723111
-1.0241703,-0.94139236,10.841954,65723312
-1.0123448,-0.9653426,10.077943,65723511
-1.113235,-0.72389466,10.371183,65723712
-1.1313473,-1.008902,10.623408,65723912
-1.1505075,-0.72643936,10.485994,65724112,BrokenRoad_1+
-1.2118798,-0.60968214,10.741364,65724312,BrokenRoad_1+
-1.1620336,-1.0038126,10.43031,65724511,BrokenRoad_1+
-1.3117223,-0.16211289,9.453891,65724712,BrokenRoad_1+
-1.0225236,-1.4579681,11.638298,65724912,BrokenRoad_1+
-1.167123,-0.4923262,11.382929,65725112,BrokenRoad_1+
-1.0785072,-1.0157876,9.967772,65725312,BrokenRoad_1+
-1.4928457,-0.27153534,10.445878,65725512,BrokenRoad_1+
-1.1018586,-0.7447014,9.647139,65725712,BrokenRoad_1+
-1.9481987,-0.5664221,10.43031,65725912,BrokenRoad_1+
-1.194516,-0.79828995,11.961476,65726112,BrokenRoad_1+
-1.2275972,-0.9372011,10.702444,65726312,BrokenRoad_1+
-1.0484198,-1.0440788,10.699151,65726512,BrokenRoad_1+
-1.1704161,-0.6756949,10.0786915,65726712,BrokenRoad_1+
-0.9557625,-1.2220588,10.985057,65726912,BrokenRoad_1+
-1.2976515,-0.8193961,10.603351,65727112,BrokenRoad_1+
-1.2160711,-1.0779085,11.045082,65727311,BrokenRoad_1+
-1.4066249,-0.8285271,10.926229,65727512,BrokenRoad_1+
-1.7839901,-0.048648834,9.644145,65727712,BrokenRoad_1+
-1.694626,-1.470542,10.379715,65727912,BrokenRoad_1+
-1.3398638,-0.80397815,10.440189,65728111,BrokenRoad_1+
-1.5206877,-1.0024654,11.032508,65728312,BrokenRoad_1+
-1.2328362,-1.2606784,9.684112,65728511,BrokenRoad_1+
-1.5808625,-1.5636483,10.883568,65728712,BrokenRoad_1+
-1.7797989,0.27318192,10.294093,65728912,BrokenRoad_1+
-1.2871733,-0.81385756,11.484568,65729112,BrokenRoad_1+
-1.2584331,-1.2428654,10.25248,65729312,BrokenRoad_1+
-1.5862514,-0.39053786,11.1322,65729512,BrokenRoad_1+
-1.4949412,-0.73721695,10.102342,65729712,BrokenRoad_1+
-1.5648459,-0.84993255,10.931468,65729912,BrokenRoad_1+
-1.6033158,-0.5255571,9.964029,65730112,BrokenRoad_1+
-1.7423767,-0.90816146,10.663674,65730312,BrokenRoad_1+
-1.3962964,-1.088237,10.859617,65730512,BrokenRoad_1+
-1.3030403,-0.432301,9.539363,65730711,BrokenRoad_1+
-1.6284636,-0.6056406,11.408525,65730912,BrokenRoad_1+
-1.4076728,-0.4899312,10.470576,65731112,BrokenRoad_1+
-1.6106507,-0.09325607,11.16618,65731312,BrokenRoad_1+
-1.2701088,-0.61761564,10.552007,65731511,BrokenRoad_1+
-1.3735437,-0.85936296,10.508747,65731712,BrokenRoad_1+
-1.371448,-0.9580078,10.115066,65731912,BrokenRoad_1+
-1.5099101,-0.93375826,10.3149,65732111,BrokenRoad_1+
-1.9417621,0.17393829,10.137519,65732312,BrokenRoad_1+
-1.262774,-1.4352155,10.89195,65732512,BrokenRoad_1+
-1.5923886,-0.64351183,10.898836,65732712,BrokenRoad_1+
-1.424887,-0.75053924,9.849368,65732911,BrokenRoad_1+
-1.5843054,-0.34847534,10.928175,65733111,BrokenRoad_1+
-1.4874568,-0.45056304,10.638976,65733312,BrokenRoad_1+
-1.6563057,-0.69246,9.455986,65733512,BrokenRoad_1+
-1.4937438,-0.7966434,11.325299,65733712,BrokenRoad_1+
-1.5085629,-0.7981403,11.143127,65733911,BrokenRoad_1+
-1.9160156,-0.71730834,10.22868,65734112,BrokenRoad_1+
-1.5227834,-1.1762539,9.851165,65734312,BrokenRoad_1+
-1.3461506,-0.9957294,11.178604,65734512,BrokenRoad_1+
-1.6955241,-0.91070616,10.188862,65734712,BrokenRoad_1+
-1.6703764,-0.80727124,10.368339,65734912,BrokenRoad_1+
-1.8510507,-0.2309697,10.798694,65735112,BrokenRoad_1+
-1.699416,-0.59411454,11.374546,65735312,BrokenRoad_1+
-2.5923092,-0.11615845,10.156679,65735511,BrokenRoad_1+
-2.0017872,-1.4042299,10.173743,65735711,BrokenRoad_1+
-1.7100439,-1.7200731,9.93005,65735911,BrokenRoad_1+
-2.0685484,-0.80727124,10.43061,65736112,BrokenRoad_1+
-1.8300943,-0.35326537,10.726395,65736312,BrokenRoad_1+
-2.083667,0.36568955,9.860295,65736511,BrokenRoad_1+
-2.0487895,-1.2320879,10.27164,65736712,BrokenRoad_1+
-1.7230668,-0.572709,10.051598,65736912,BrokenRoad_1+
-1.6061599,-1.0530602,10.760374,65737112,BrokenRoad_1+
-0.7668553,-0.5920189,10.25248,65738312,BrokenRoad_1+
-1.121468,-0.31015503,9.962383,65738512,BrokenRoad_1+
-1.2201128,-0.6715036,11.124267,65738712,BrokenRoad_1+
-1.4057268,-0.64979875,9.696536,65738915,BrokenRoad_1+
-1.6087047,-0.631387,10.072853,65739112,BrokenRoad_1+
-1.1073972,-1.0126442,10.606045,65739312,BrokenRoad_1+
-1.203647,-0.12992981,11.699671,65739512,BrokenRoad_1+
-0.7503896,-0.48663804,9.758058,65739712,BrokenRoad_1+
-1.4873071,0.36658767,10.902129,65739912,BrokenRoad_1+
-1.1846366,-0.6797365,11.455977,65740112,BrokenRoad_1+
-1.3331277,-0.41149428,10.34379,65740312,BrokenRoad_1+
-1.1159294,-1.1665242,9.727821,65740512,BrokenRoad_1+
-1.2946577,-1.079106,11.137739,65740712,BrokenRoad_1+
-1.3256433,-1.0325528,10.453213,65740912,BrokenRoad_1+
-0.88451064,-1.0341994,9.205257,65741113,BrokenRoad_1+
-1.9748433,-0.0742456,11.381882,65741312,BrokenRoad_1+
-1.6964222,-0.7063811,10.729538,65741512,BrokenRoad_1+
-2.063908,0.35640883,10.489287,65741712,BrokenRoad_1+
-1.1924204,-1.1463162,10.912907,65741912,BrokenRoad_1+
-1.2451108,-1.0151889,10.538236,65742112,BrokenRoad_1+
-1.2496015,-1.2054433,10.095306,65742312,BrokenRoad_1+
-1.213227,-0.2296225,10.931618,65742512,BrokenRoad_1+
-1.2763957,-0.61656785,11.07487,65742712,BrokenRoad_1+
-1.6899856,-0.45220962,10.594219,65742912,BrokenRoad_1+
-1.0690769,-1.766776,10.586286,65743112,BrokenRoad_1+
-2.0022364,-0.5105882,9.893975,65743312,BrokenRoad_1+
-1.6554075,-2.2902374,9.363928,65743512,BrokenRoad_1+
-2.352059,-0.07334747,10.524165,65743712,BrokenRoad_1+
-2.267784,0.30746064,10.976225,65743912,BrokenRoad_1+
-2.3456223,0.26285338,10.794054,65744112,BrokenRoad_1+
-1.7455201,-0.02933899,10.456506,65744312,BrokenRoad_1+
-2.722838,0.9339079,10.248887,65744512,BrokenRoad_1+
-1.8308427,-0.63902116,10.628498,65744712,BrokenRoad_1+
-2.6018894,0.15881974,10.0080385,65744912,BrokenRoad_1+
-2.0252883,-2.1631517,9.951007,65745112,BrokenRoad_1+
-1.9085312,-1.8880239,10.009235,65745312,BrokenRoad_1+
-2.0818708,-1.2057426,10.488988,65745512,BrokenRoad_1+
-2.291435,-0.08876541,10.404564,65745712,BrokenRoad_1+
-2.0133133,0.5839357,10.6801405,65745912,BrokenRoad_1+
-2.1594095,0.5653743,11.125015,65746112,BrokenRoad_1+
-1.6992663,-0.09849518,10.79585,65746312,BrokenRoad_1+
-1.5325131,-1.1042536,9.810598,65746513,BrokenRoad_1+
-1.7853373,-0.79005706,10.26206,65746712,BrokenRoad_1+
-1.5334113,-1.325344,10.434951,65746912,BrokenRoad_1+
-1.5295193,-0.2856061,10.720556,65747112,BrokenRoad_1+
-1.3242961,-0.09460327,10.698103,65747312,BrokenRoad_1+
-1.1943663,-0.11166778,10.525961,65747512,BrokenRoad_1+
-1.1142828,-0.7677534,10.71382,65747712,BrokenRoad_1+
-1.2015513,-0.32078293,10.559042,65747912,BrokenRoad_1+
-1.4986835,-0.27243346,10.639874,65748112,BrokenRoad_1+
-1.38013,-0.68662214,10.489737,65748312,BrokenRoad_1+
-1.5799644,-0.581391,10.563233,65748512,BrokenRoad_1+
-1.5245796,-0.64949936,10.518177,65748712,BrokenRoad_1+
-1.4768289,-0.7442523,10.515782,65748912,BrokenRoad_1+
-2.2288651,-0.6899153,9.94472,65753712,BrokenRoad_1+
-2.1585114,-0.6182144,10.545271,65753912,BrokenRoad_1+
-1.7622854,-0.690065,10.745255,65754112,BrokenRoad_1+
-1.6411872,-1.0063573,10.493928,65754312,BrokenRoad_1+
-1.6822019,-0.72808594,10.195897,65754512,BrokenRoad_1+
-1.8579364,-0.3143463,10.600506,65754712,BrokenRoad_1+
-1.8905685,-0.73586977,10.54557,65754912,BrokenRoad_1+
-1.9383192,-0.7855664,10.404264,65755112,BrokenRoad_1+
-2.1064196,-0.443378,10.580897,65755312,BrokenRoad_1+
-1.8757493,-0.8529263,10.52626,65755512,BrokenRoad_1+
-2.1344116,-0.68243086,10.304421,65755712,BrokenRoad_1+
-2.0553758,-1.044977,10.578951,65755912,BrokenRoad_1+
-1.9417621,-0.8946895,10.20937,65756112,BrokenRoad_1+
-2.2011726,-0.9645941,10.052496,65756312,BrokenRoad_1+
-2.6806257,-0.51537824,10.642119,65756512,BrokenRoad_1+
-1.8268012,-1.5429913,10.647658,65756712,BrokenRoad_1+
-1.9731967,-1.1894265,10.215956,65756912,BrokenRoad_1+
-1.7212706,-1.4271322,10.217453,65757112,BrokenRoad_1+
-2.1288729,-0.8174501,10.395882,65757312,BrokenRoad_1+
-2.044299,-0.5201683,10.201885,65757512,BrokenRoad_1+
-2.03412,-1.1978091,10.710977,65757712,BrokenRoad_1+
-1.823508,-1.099314,10.24769,65757912,BrokenRoad_1+
-2.156865,-0.84334624,10.365195,65758112,BrokenRoad_1+
-1.9368224,-1.0623409,10.129286,65758312,BrokenRoad_1+
-2.2281165,-0.91504717,10.282717,65758512,BrokenRoad_1+
-1.968257,-1.2880714,10.410851,65758712,BrokenRoad_1+
-2.1026773,-0.6542894,10.44977,65758913,BrokenRoad_1+
-2.001488,-0.8105644,10.566526,65759112,BrokenRoad_1+
-2.0942948,-0.89364165,9.917626,65759313,BrokenRoad_1+
-2.6637108,-0.746797,10.328971,65759512,BrokenRoad_1+
-2.8436365,-1.0556048,9.501042,65759712,BrokenRoad_1+
-1.8214123,-2.2929318,10.751991,65759912,BrokenRoad_1+
-2.049089,-1.8586849,10.130184,65760113,BrokenRoad_1+
-2.2104533,-1.4618601,10.892848,65760313,BrokenRoad_1+
-2.602039,-0.8643027,10.586136,65760513,BrokenRoad_1+
-2.2882915,-1.0407857,9.774524,65760712,BrokenRoad_1+
-2.429448,-1.5759228,10.220447,65760912,BrokenRoad_1+
-2.1703367,-1.2466077,10.72864,65761112,BrokenRoad_1+
-2.3224206,-0.8894504,10.399474,65761312,BrokenRoad_1+
-2.327061,-0.8770262,10.603201,65761512,BrokenRoad_1+
-2.434238,-1.5495776,10.172696,65761712,BrokenRoad_1+
-2.188898,-1.757645,9.797875,65761912,BrokenRoad_1+
-2.0865111,-1.6259189,10.836116,65762112,BrokenRoad_1+
-2.0236418,-0.88481003,9.846075,65762312,BrokenRoad_1+
-2.2550607,-0.89079756,10.374926,65762512,BrokenRoad_1+
-1.9468515,-1.4413527,9.812545,65762712,BrokenRoad_1+
-2.0839663,-0.85127974,11.083252,65762912,BrokenRoad_1+
-1.7940193,-1.2476555,10.721754,65763112,BrokenRoad_1+
-1.9386187,-0.9610016,10.313403,65763312,BrokenRoad_1+
-1.7878821,-1.765279,10.001901,65763513,BrokenRoad_1+
-1.6334033,-1.4738351,10.232272,65763712,BrokenRoad_1+
-1.7591418,-0.97776675,10.615774,65763912,BrokenRoad_1+
-1.7284557,-1.223406,10.159074,65764112,BrokenRoad_1+
-1.920656,-1.0605446,10.78612,65764312,BrokenRoad_1+
-1.8100361,-0.87178713,10.602901,65764512,BrokenRoad_1+
-1.8327887,-0.5849835,10.57431,65764712,BrokenRoad_1+
-1.520987,-0.9897418,10.188862,65764912,BrokenRoad_1+
-1.7179774,-0.99977094,10.539733,65765113,BrokenRoad_1+
-1.8082397,-1.2759466,10.511142,65765312,BrokenRoad_1+
-1.873055,-0.80248123,10.408007,65765513,BrokenRoad_1+
-1.8311421,-1.1811937,10.489287,65765713
-1.7500108,-1.3727952,10.347083,65765912
-1.843267,-0.94363767,10.183474,65766112
-1.8916163,-0.8623567,10.341395,65766312
-1.5789167,-1.1228151,11.386671,65766513
-1.6317568,-0.80742097,10.254127,65766712
-1.7741107,-1.1490107,10.561587,65766912
-1.7881814,-1.2847782,10.187216,65767112
-1.9139199,-1.2144246,10.902578,65767312
-1.7848883,-0.89079756,10.318643,65767512
-1.6567547,-0.7936496,10.202035,66820801
-1.4989829,-0.68422717,10.931618,66821001
-1.6416363,-0.75847274,10.334509,66821201
-1.3587245,-0.9104068,10.171349,66821401
-1.6003221,-0.7225475,10.620415,66821601
-1.7540524,-0.5334906,10.680739,66821801
-1.6395406,-0.73078036,10.868,66822000
-1.8212627,-0.5510042,10.266252,66822201
-1.5726297,-0.66850984,9.980945,66822400
-1.9836749,-1.1511062,10.226134,66894416
-2.6243427,-1.4024336,10.823842,66894617,BrokenRoad_2+
-2.2305117,-1.343606,9.803863,66894817,BrokenRoad_2+
-1.8839822,-1.2784914,10.338101,66895017,BrokenRoad_2+
-2.2116508,-1.3331277,10.948682,66895217,BrokenRoad_2+
-2.0722907,-0.875679,10.48764,66895417,BrokenRoad_2+
-1.7591418,-0.7952962,9.783056,66895618,BrokenRoad_2+
-2.2427862,-1.0123448,10.177635,66895817,BrokenRoad_2+
-2.1725821,-1.14931,11.145074,66896018,BrokenRoad_2+
-2.219734,-0.7750882,10.555899,66896217,BrokenRoad_2+
-1.9996916,-0.73871386,10.82938,66896416,BrokenRoad_2+
-2.0110679,-0.32183075,9.881103,66896618,BrokenRoad_2+
-1.818718,-0.81700104,9.905651,66896818,BrokenRoad_2+
-2.0311263,-0.38425094,11.129356,66897018
-1.8067429,-1.1630814,9.897867,66897218
-2.0502863,-0.94423646,9.98783,66897417
-1.819167,-1.0850935,10.749745,66897618
-1.9461031,-0.8975336,11.100467,66897818
-2.0290306,-0.6737489,9.631721,66898018
-1.7789007,-0.84229845,10.2508335,66898217
-1.9173628,-1.4359639,10.1526375,66898418
-1.8531463,-1.2954062,10.330318,66898617
-1.8979033,-1.575324,9.929003,66898817
-2.7798693,-1.7690213,9.871821,67160829
-2.6867628,-1.8634748,10.272388,67161029
-2.551594,-1.9064355,10.227931,67161229
-2.8443851,-1.7877324,9.869127,67161428
-2.6987379,-1.7712666,10.07465,67161629
-2.9957204,-1.7339941,10.270443,67161829
-2.834805,-1.8498532,10.207124,67162029
-2.845433,-1.5173945,10.064172,67162228
-2.9130921,-1.7524059,10.468481,67162428
-2.8455825,-2.275568,10.111174,67166430
-2.6536818,-2.2751188,10.698103,67166629,BrokenRoad_3+
-2.4248075,-1.9056871,10.181976,67166829,BrokenRoad_3+
-2.4403753,-1.6202307,9.703721,67167029,BrokenRoad_3+
-2.7427464,-1.8323396,10.474468,67167229,BrokenRoad_3+
-3.0067973,-1.9184107,10.149644,67167428,BrokenRoad_3+
-3.0090427,-2.0070264,10.065369,67167629,BrokenRoad_3+
-3.0523026,-2.049538,9.615555,67167829
-3.0620325,-1.873504,9.993668,67168029
-2.5093818,-2.1772225,10.152937,67168229
-2.5471032,-1.8359321,10.0996475,67168428
-2.347119,-1.8477576,10.050999,67168629
-2.4789948,-1.9513421,10.509645,67168828
-2.7388544,-1.7161812,10.519375,67169029
-2.3980134,-1.6238233,10.032138,67169229
-2.7806177,-1.6968713,10.250235,67169428
-2.5767417,-1.6757653,10.013726,67169629
-3.254532,-2.264042,9.834549,67436041
-3.2525861,-1.7865349,10.059531,67436241
-2.6855652,-2.1962328,9.297466,67436440
-2.5695565,-1.9059864,10.38705,67436641
-1.9097286,-1.2735516,10.426269,67436840
-2.339036,-1.445544,9.675579,67437041
-2.5622218,-0.87433183,11.223062,67437241
-2.1547692,-1.0081536,9.948612,67437440
-2.2843995,-1.0412347,10.54602,67437641
-2.2912853,-1.1008109,10.9455385,67437840,BrokenRoad_4+
-2.1634512,-1.0198293,10.27134,67438041,BrokenRoad_4+
-2.7640023,-1.393153,9.87242,67438241,BrokenRoad_4+
-2.571802,-1.4019846,9.506731,67438440,BrokenRoad_4+
-2.8955786,-1.4750327,10.760075,67438641,BrokenRoad_4+
-3.137775,-1.5467335,10.513088,67438841,BrokenRoad_4+
-2.4792943,-1.477727,9.96388,67439041,BrokenRoad_4+
-3.2696507,-2.2272184,10.167007,67439241,BrokenRoad_4+
-3.3904495,-1.8827847,10.142609,67439440,BrokenRoad_4+
-2.8541148,-2.089954,9.944121,67439641,BrokenRoad_4+
-3.093467,-2.253863,9.863139,67439841,BrokenRoad_4+
-2.987188,-2.4754024,9.926009,67440041,BrokenRoad_4+
-2.6988876,-2.4908204,9.048384,67440241
-2.88525,-2.5999434,10.5306015,67440440
-2.7729836,-2.5771906,9.950857,67440641
-2.8744726,-2.8981233,10.075698,67440841
-2.619403,-2.5156686,9.268576,67441041
-2.793491,-2.9779074,10.186617,67441241
-2.770439,-2.8032207,9.932446,67441440
-2.6653574,-2.4023542,10.105636,67441640
-2.6274862,-2.1781206,9.668394,67441841
-2.8113039,-2.0992346,11.210188,67442041
-3.1148727,-1.8781444,10.05998,67442241
-3.0898745,-2.199975,9.190887,67442440
-3.2139666,-2.162104,10.318044,67442641
-3.069068,-1.9772383,10.366992,67442841
-3.0240116,-1.9419118,9.459129,67443041
-3.4102085,-2.0359163,10.111024,67443241
-2.8951294,-1.4789245,9.368419,67443440
-3.081043,-1.4876065,10.371183,67443641
-3.0889764,-1.6822019,10.04067,67443841
-2.3189776,-2.58243,10.020163,67449440
-2.1936882,-3.0912218,9.899963,67449641,BrokenRoad_5+
-1.612896,-3.233426,9.866582,67449841,BrokenRoad_5+
-2.0005898,-3.2150145,10.160571,67450041,BrokenRoad_5+
-2.3661296,-3.237767,9.993519,67450241,BrokenRoad_5+
-2.085014,-3.2413595,10.083033,67450440,BrokenRoad_5+
-2.020648,-3.3235388,9.172176,67450641,BrokenRoad_5+
-2.8719277,-2.963238,9.381142,67450841,BrokenRoad_5+
-2.8151958,-2.679428,9.409134,67451041,BrokenRoad_5+
-2.2742207,-2.0136127,9.399254,67451241,BrokenRoad_5+
-2.7075696,-2.4023542,10.787168,67451441,BrokenRoad_5+
-2.766996,-1.9499949,10.057137,67451641,BrokenRoad_5+
-2.2397923,-1.5932868,11.225456,67451841,BrokenRoad_5+
-2.7701395,-1.1948154,10.707983,67452041,BrokenRoad_5+
-3.035388,-1.5082636,9.782308,67452241,BrokenRoad_5+
-2.9045599,-1.7289047,10.864108,67452441,BrokenRoad_5+
-3.2828233,-2.0676503,9.796228,67452641,BrokenRoad_5+
-3.1711555,-1.8922151,10.167756,67452841,BrokenRoad_5+
-3.1126273,-1.921105,9.912686,67453041,BrokenRoad_5+
-3.3227901,-1.9953506,10.02166,67453241,BrokenRoad_5+
-3.3215928,-1.7726139,9.7321615,67453441,BrokenRoad_5+
-3.2894096,-1.7766554,10.4268675,67453641,BrokenRoad_5+
-2.891537,-1.5329622,9.413026,67453841,BrokenRoad_5+
-2.703079,-1.7518071,9.792786,67454041,BrokenRoad_5+
-2.6834698,-1.5037729,9.788594,67454242,BrokenRoad_5+
-2.5768914,-1.6236736,10.662028,67454441,BrokenRoad_5+
-2.6252408,-1.9907103,10.463691,67454640,BrokenRoad_5+
-2.7156527,-1.8016534,10.806777,67454841,BrokenRoad_5+
-2.5352778,-1.5805632,9.948761,67455041,BrokenRoad_5+
-2.2641916,-1.2358301,9.876312,67455241,BrokenRoad_5+
-2.7792704,-1.5024257,10.717263,67455441,BrokenRoad_5+
-2.4692652,-1.3530364,10.366992,67455642,BrokenRoad_5+
-2.9991632,-1.9181113,10.051448,67458041,BrokenRoad_5+
-3.2210019,-1.7244141,9.592652,67458242,BrokenRoad_5+
-3.4944832,-1.7390835,9.330697,67458440,BrokenRoad_5+
-3.2953973,-1.8395247,10.369536,67458641,BrokenRoad_5+
-3.323389,-1.816772,10.196346,67458841,BrokenRoad_5+
-3.0298493,-1.9505937,10.228979,67459042,BrokenRoad_5+
-2.9229717,-1.6419356,9.843081,67459241,BrokenRoad_5+
-2.5984466,-1.4467415,10.301428,67459441,BrokenRoad_5+
-2.480791,-1.2723541,10.065069,67459641,BrokenRoad_5+
-2.592459,-1.6278648,10.993588,67459842,BrokenRoad_5+
-2.0811224,-1.549877,10.417586,67460042,BrokenRoad_5+
-2.5059388,-1.5417938,10.44483,67460242,BrokenRoad_5+
-2.0727396,-1.1059003,9.660162,67460441,BrokenRoad_5+
-1.9514918,-1.6545094,11.123369,67460642,BrokenRoad_5+
-2.0568726,-2.0633094,10.195149,67460842,BrokenRoad_5+
-2.1381538,-2.595303,10.03109,67461042,BrokenRoad_5+
-1.9520906,-2.823279,9.784852,67461242,BrokenRoad_5+
-1.7892293,-2.7803183,10.334061,67461441,BrokenRoad_5+
-1.5250287,-2.9159362,10.691667,67461642,BrokenRoad_5+
-1.5319144,-2.7553203,8.876092,67461841,BrokenRoad_5+
-1.6661851,-3.7444634,10.665321,67462042,BrokenRoad_5+
-2.1308188,-3.1269975,9.1395445,67462242,BrokenRoad_5+
-2.7714868,-3.1951058,9.175919,67462441,BrokenRoad_5+
-2.4486082,-3.8525386,8.986712,67462642,BrokenRoad_5+
-2.421215,-3.352279,9.2697735,67462842,BrokenRoad_5+
-3.253185,-3.1139746,8.570578,67463041,BrokenRoad_5+
-2.762655,-3.4307158,9.430988,67463242,BrokenRoad_5+
-3.2359707,-2.7366092,9.836644,67463441,BrokenRoad_5+
-3.1033466,-2.759362,10.121053,67463642,BrokenRoad_5+
-3.2025902,-3.1515462,9.704619,67463842,BrokenRoad_5+
-2.8889923,-2.6767337,9.8833475,67464042,BrokenRoad_5+
-2.8249254,-3.1187644,9.474248,67464242,BrokenRoad_5+
-2.5725503,-2.955903,9.62244,67464441,BrokenRoad_5+
-2.2767653,-2.8136988,9.444909,67464642,BrokenRoad_5+
-2.5113277,-3.4293685,10.1156645,67464842,BrokenRoad_5+
-2.1097128,-3.137326,10.380014,67465042,BrokenRoad_5+
-2.601141,-3.1879206,10.047406,67465242,BrokenRoad_5+
-2.1941373,-3.7947588,10.166409,67465441,BrokenRoad_5+
-2.254312,-2.8898904,9.195977,67465641,BrokenRoad_5+
-2.4297473,-3.7697608,10.58419,67465842,BrokenRoad_5+
-2.113455,-3.6838393,8.986263,67466042,BrokenRoad_5+
-2.4098387,-3.2763867,10.5394335,67466242,BrokenRoad_5+
-2.3956182,-2.82762,9.807904,67466441,BrokenRoad_5+
-2.7961853,-3.0767019,8.89166,67466642,BrokenRoad_5+
-3.6682718,-2.5734484,11.134296,67466842,BrokenRoad_5+
-2.5780888,-1.9197578,9.5721445,67467042,BrokenRoad_5+
-2.8372,-1.7139359,9.92541,67467242,BrokenRoad_5+
-3.561394,-1.5441889,11.55537,67467441,BrokenRoad_5+
-3.1674132,-2.8177404,9.079519,67467642,BrokenRoad_5+
-2.415078,-2.6888585,8.159533,67467842,BrokenRoad_5+
-3.0172756,-4.6505294,10.095007,67468042,BrokenRoad_5+
-3.0611343,-3.5531611,9.494456,67468242,BrokenRoad_5+
-2.6780808,-2.3674767,8.558153,67468441,BrokenRoad_5+
-3.2509396,-2.992427,9.290879,67468642,BrokenRoad_5+
-3.5149906,-2.7836115,10.048005,67468841,BrokenRoad_5+
-2.7988796,-2.8201356,10.478809,67469042,BrokenRoad_5+
-3.1716046,-2.4906707,9.490115,67469242,BrokenRoad_5+
-3.181484,-2.907404,9.743238,67469441,BrokenRoad_5+
-3.4771192,-3.0003607,10.11776,67469642,BrokenRoad_5+
-3.2614179,-2.5903633,10.504705,67469842,BrokenRoad_5+
-3.4058676,-2.5815318,9.129515,67470042,BrokenRoad_5+
-3.7209623,-2.5210574,9.532328,67470242,BrokenRoad_5+
-3.4389486,-2.1565654,10.403216,67470441,BrokenRoad_5+
-2.979554,-2.315385,10.081835,67470642,BrokenRoad_5+
-3.139721,-2.272125,9.495953,67470842,BrokenRoad_5+
-3.393144,-2.1162992,9.715696,67471042,BrokenRoad_5+
-3.3028817,-2.4017556,9.695039,67471241,BrokenRoad_5+
-3.2187567,-2.0924985,9.456435,67471441,BrokenRoad_5+
-3.9763312,-3.0361364,9.323362,67471642,BrokenRoad_5+
-3.5992653,-2.3323,10.118508,67471842,BrokenRoad_5+
-3.2067814,-2.2091062,8.986263,67472042,BrokenRoad_5+
-2.499652,-2.681374,9.88694,67472242,BrokenRoad_5+
-2.3113434,-2.0237916,10.325678,67472441,BrokenRoad_5+
-2.6613157,-2.7695408,10.913805,67472642,BrokenRoad_5+
-2.9496162,-2.2635927,9.978998,67472842,BrokenRoad_5+
-2.5649161,-2.13037,9.636661,67473042,BrokenRoad_5+
-3.2094758,-2.237996,9.90146,67473242,BrokenRoad_5+
-3.0807436,-2.3083498,9.996363,67473441,BrokenRoad_5+
-3.35647,-2.6931994,10.0014515,67473642,BrokenRoad_5+
-3.0799952,-2.4324417,9.277857,67473842,BrokenRoad_5+
-2.9608428,-2.407294,9.883048,67474042,BrokenRoad_5+
-3.346441,-2.4239094,10.473869,67474242,BrokenRoad_5+
-3.228636,-2.2608984,9.588161,67474442,BrokenRoad_5+
-3.0009594,-2.4026537,10.223889,67474642,BrokenRoad_5+
-2.831961,-2.105821,9.881252,67474842,BrokenRoad_5+
-2.857408,-2.2742207,9.538465,67475042,BrokenRoad_5+
-3.0258079,-2.6128166,9.682466,67475242,BrokenRoad_5+
-3.25558,-2.6047335,9.866732,67475441,BrokenRoad_5+
-3.288811,-2.3093977,9.73276,67475642,BrokenRoad_5+
-3.0737083,-2.1604574,9.596395,67475842,BrokenRoad_5+
-3.1707065,-2.459236,10.015673,67476042,BrokenRoad_5+
-3.2663577,-2.3662794,10.479857,67476242,BrokenRoad_5+
-3.4533188,-2.80352,10.165361,67476442,BrokenRoad_5+
-3.1355295,-2.1299207,9.376651,67476642,BrokenRoad_5+
-3.3521292,-2.5330324,9.227561,67476842,BrokenRoad_5+
-3.7317398,-2.864144,10.567874,67477042,BrokenRoad_5+
-3.3986824,-2.5071363,9.166787,67477242
-2.9898825,-2.140998,9.2890835,67477442
-3.1563363,-2.2719755,10.33885,67477642
-3.1365774,-2.30341,9.063502,67477841
-3.3518298,-2.5110283,10.4638405,67478042
-3.4525704,-2.7249334,10.23766,67478242
-3.044519,-2.3035598,9.430539,67478441
-3.5943255,-2.3725662,9.702523,67478642
-3.5368452,-2.634222,9.919272,67478842
-3.1415172,-2.3309526,9.841285,67479042
-3.434458,-2.3090982,10.024953,67479242
-3.1768436,-2.1680915,9.906549,67479441
-3.146457,-2.0169058,9.377998,67479642
-3.1504984,-2.3535557,9.874665,67479843
-3.5910325,-2.2495222,11.375145,67480042
-3.1540911,-1.6775615,8.411308,67480242
-3.3434472,-1.8833835,9.587113,67480441
-3.581602,-1.7491127,10.484347,67480642
-3.1498997,-2.086062,10.237361,67480842
-3.032843,-1.7137861,9.820778,67482042
-3.2100747,-2.0842657,10.872042,67482243,BrokenRoad_6+
-2.6973908,-2.251468,10.6276,67482442,BrokenRoad_6+
-3.1633718,-2.4724085,9.483978,67482642,BrokenRoad_6+
-3.1277459,-2.4921675,10.263856,67482842,BrokenRoad_6+
-2.987188,-2.5729995,9.447155,67483042,BrokenRoad_6+
-2.8198361,-2.6382637,8.854387,67483243,BrokenRoad_6+
-3.152594,-2.6812243,9.267229,67483441,BrokenRoad_6+
-3.0400283,-2.5697062,10.764416,67483642,BrokenRoad_6+
-2.9087512,-2.4737558,9.539213,67483842,BrokenRoad_6+
-3.3211436,-2.5909622,9.454938,67484043,BrokenRoad_6+
-3.0831385,-2.5960515,9.445658,67484243,BrokenRoad_6+
-2.9285102,-1.9820284,10.121352,67484442,BrokenRoad_6+
-2.8490255,-2.4194188,10.210418,67484642,BrokenRoad_6+
-3.2796798,-2.2179377,9.9784,67484843,BrokenRoad_6+
-2.968477,-2.314038,9.729467,67485043,BrokenRoad_6+
-3.388204,-2.2492228,10.217154,67485243,BrokenRoad_6+
-3.0841863,-2.277514,9.986932,67485442,BrokenRoad_6+
-2.8575578,-1.8419197,9.678424,67485643,BrokenRoad_6+
-2.7792704,-1.8974543,9.60313,67485843,BrokenRoad_6+
-3.1028974,-1.9416124,11.270363,67486043,BrokenRoad_6+
-3.001708,-2.061064,9.75207,67486242,BrokenRoad_6+
-3.0460157,-1.6310083,10.300979,67486442
-3.0663733,-1.8342856,9.887239,67486643
-3.254233,-1.9752923,10.620714,67486843
-3.0707145,-1.8739531,9.933942,67487043
-3.0900242,-2.0574715,9.700727,67487243
-3.0533504,-2.2011726,10.048754,67487442
-2.971321,-1.9531385,9.514515,67487643
-3.0831385,-2.2396426,9.525592,67487843
-3.023263,-1.9987935,10.294692,67488042
-3.2352223,-2.0016375,10.619966,67488243
-3.215164,-2.2722747,10.750943,67488442
-3.1240036,-1.9014958,9.583221,67488642
-2.5887167,-1.9118243,9.675281,67488842
-2.3709197,-2.0007393,9.855804,67489043
-2.6286836,-1.8214123,10.856324,67489243
-2.9961693,-1.7926722,10.535991,67489442
-3.012785,-2.0288808,9.113199,67489643
-3.3223412,-2.411635,10.041419,67489843
-2.833907,-2.1002824,9.448352,67490043
-3.7477565,-2.1227357,9.292227,67514643
-3.728297,-3.0865815,10.385553,67514843,BrokenRoad_7+
-2.2496717,-2.2043161,10.465337,67515043,BrokenRoad_7+
-2.1887484,-1.8776953,8.985365,67515244,BrokenRoad_7+
-2.4017556,-2.1797671,10.768158,67515443,BrokenRoad_7+
-2.517016,-2.2207818,10.406959,67515643,BrokenRoad_7+
-2.425556,-2.189946,10.756033,67515844,BrokenRoad_7+
-2.3656805,-1.8434166,9.863139,67516044,BrokenRoad_7+
-3.222798,-1.8835331,9.024583,67516244,BrokenRoad_7+
-3.4200878,-1.9576291,9.5246935,67516443,BrokenRoad_7+
-3.281027,-2.1803658,9.624086,67516644,BrokenRoad_7+
-3.1150222,-2.1374052,9.449699,67516844,BrokenRoad_7+
-3.1777418,-1.8064435,9.949809,67517044,BrokenRoad_7+
-3.0373337,-1.9109262,10.976375,67517244,BrokenRoad_7+
-3.0379326,-2.320325,10.464439,67517443,BrokenRoad_7+
-3.2401621,-2.3430777,9.248069,67517644,BrokenRoad_7+
-3.3391063,-2.2695804,9.828262,67517844,BrokenRoad_7+
-3.251239,-2.3748116,9.359437,67518044,BrokenRoad_7+
-3.056494,-2.3227198,9.861793,67518244,BrokenRoad_7+
-3.0677207,-2.1802163,9.870474,67518443,BrokenRoad_7+
-3.035837,-2.6511369,9.790391,67518644,BrokenRoad_7+
-3.203189,-2.4878266,9.669742,67518844,BrokenRoad_7+
-3.2952476,-2.4354355,9.1323595,67519043,BrokenRoad_7+
-2.8716285,-2.4656725,9.942025,67519244
-2.5465045,-2.0938458,10.294692,67519443
-2.304757,-1.9440074,9.748777,67519644
-2.2983205,-2.1531227,10.922337,67519844
-2.1453388,-2.1168978,10.2563715,67520044
-2.0255878,-1.8471588,8.740174,67520244
-2.073638,-2.336192,10.849139,67520443
-2.464625,-2.186054,11.220517,67520644
-2.5397685,-2.310595,9.53083,67520844
-2.8234286,-1.8767972,9.540261,67521044
-2.6978397,-1.8996996,9.438622,67521244
-2.67374,-2.2752686,10.249785,67521443
-2.798281,-1.992806,10.056388,67521644
-2.852618,-1.9348764,10.130933,67521844
-2.6259892,-1.5832576,9.823173,67522044
-2.515519,-1.8410215,10.28122,67522244
-2.259102,-1.7797989,10.528506,67522443
-2.5173151,-1.8961071,10.02645,67522644
-1.9648142,-2.0401075,10.660381,67522844
-1.9895128,-2.135609,9.855954,67523244
-2.0866609,-2.0878582,10.109378,67523446,BrokenRoad_8+
-2.2085073,-2.2731729,10.433154,67523644
-2.0941453,-2.1055214,9.9379835,67523844
-1.771117,-1.6383431,10.272688,67524044
-2.1796174,-2.069147,9.250613,67524244
-2.171684,-2.0197499,11.566896,67524443
-2.509232,-1.8534458,9.859247,67524644
-2.556833,-2.2141955,9.09329,67524843
-2.9744647,-2.0704944,10.740465,67525044
-2.6343718,-1.9290385,9.986632,67525243
-2.6834698,-2.2219794,9.466314,67525443
-2.1796174,-2.069147,9.250613,67524244
-2.171684,-2.0197499,11.566896,67524443
-2.509232,-1.8534458,9.859247,67524644
-2.556833,-2.2141955,9.09329,67524843
-2.9744647,-2.0704944,10.740465,67525044
-2.6343718,-1.9290385,9.986632,67525243
-2.6834698,-2.2219794,9.466314,67525443
-2.8888426,-2.3266118,9.345067,67525644
-2.7792704,-2.1296215,10.131532,67525843
-2.6324258,-1.9851718,10.496173,67526044
-3.1211596,-2.0481908,10.816208,67526244,BrokenRoad_9+
-2.5628207,-1.6269667,9.856104,67526443,BrokenRoad_9+
-2.3745122,-1.578767,9.560618,67526644
-2.4810905,-1.6283139,10.264904,67526844
-2.4493566,-1.7877324,10.290501,67527044
-2.5738976,-1.5706837,9.916279,67527244
-2.577041,-1.9179616,10.552007,67527443
-2.4969575,-1.755699,10.740765,67527644
-2.5870702,-1.9405646,10.232122,67527843
-2.159709,-2.022145,9.849668,67528044
-2.238445,-1.9746937,10.214908,67528244
-1.9327807,-2.0477417,9.44955,67528444
-2.820285,-1.3950989,9.544901,67553845
-2.927612,-1.457519,10.265203,67554045
-3.255131,-2.1198916,10.425071,67554245
-3.3182995,-1.6251705,9.649533,67554444
-2.909799,-1.3398638,9.66061,67554645
-2.775678,-1.4024336,9.615106,67554845
-3.162324,-1.1567944,10.408905,67555045
-2.972818,-1.3522879,10.353969,67555245
-2.9729676,-1.8818866,10.327623,67555444
-2.4792943,-2.2773643,10.15129,67560646
-2.601141,-2.4782465,7.9400883,67560845,BrokenRoad_10+
-1.940864,-2.4715104,9.706415,67561046,BrokenRoad_10+
-2.0564237,-2.4285498,10.425071,67561246,BrokenRoad_10+
-2.12064,-2.4047494,10.574011,67561445,BrokenRoad_10+
-2.2896388,-2.4959097,10.147248,67561646,BrokenRoad_10+
-2.6002429,-1.7784517,10.580448,67561846,BrokenRoad_10+
-2.5421636,-2.2335055,10.803484,67562046,BrokenRoad_10+
-2.333198,-2.0799248,10.629396,67562246,BrokenRoad_10+
-2.5363257,-1.7432748,10.288705,67562445,BrokenRoad_10+
-2.580484,-1.6512163,10.148596,67562646,BrokenRoad_10+
-2.282753,-1.5868502,10.24769,67562846,BrokenRoad_10+
-2.3381379,-1.882635,9.979298,67563046,BrokenRoad_10+
-2.0472927,-1.5778688,9.744586,67563245
-2.3084993,-2.1275258,10.725496,67563445
-2.0583696,-1.7754579,9.951905,67563646
-2.3748116,-2.0877085,10.046957,67563846
-1.9490968,-1.8992505,9.814191,67564046
-2.1686902,-1.5690372,9.870923,67564245
-2.1763244,-1.854793,11.064691,67564445
-2.3734643,-1.4132112,10.138417,67564645
-2.6228456,-1.7459693,10.25218,67564846
-2.613565,-1.6203804,9.729318,67565046
-2.6604176,-1.8947598,10.459499,67565245
-2.5683591,-1.6477734,10.352921,67565445
-2.581382,-1.8606308,10.258318,67565646
-2.5574317,-1.7574953,9.784403,67565846
-2.698289,-2.0676503,10.547815,67566046
-2.4149282,-1.7414786,9.6035795,67566245
-2.8828552,-2.2406905,10.865006,67566445
-2.6140141,-2.1348605,10.128837,67566646
-2.5268953,-2.7659483,9.57918,67566846
-1.2108321,-2.7985804,10.932366,67598047
-1.0765613,-2.807412,9.84847,67598247,BrokenRoad_11+
-1.165177,-2.9234207,10.229279,67598446,BrokenRoad_11+
-1.2237053,-2.7797196,10.1719475,67598647,BrokenRoad_11+
-1.1204201,-2.7349627,9.435779,67598846,BrokenRoad_11+
-1.3379178,-2.7928922,10.017019,67599047,BrokenRoad_11+
-1.7125887,-3.045866,10.766661,67599247
-1.2539424,-2.9981153,9.613608,67599446
-1.6756155,-3.1630723,10.499316,67599646
-1.7666262,-2.9711714,10.448273,67599847
-1.9853215,-2.9767098,10.037228,67600046
-2.4081922,-3.221451,9.94936,67600247
-2.2959256,-2.7422974,9.296867,67600446
-2.4040008,-2.4533982,10.01193,68104997
-3.0103898,-2.3147864,10.185419,68105197
-2.6262887,-2.6125174,9.968221,68105397
-2.706372,-2.3583457,9.677675,68105597
-1.578767,-2.2968237,10.4991665,68105796
-1.361868,-2.3683748,10.098301,68105997
-1.5329622,-2.3167324,10.560689,68106197
-1.4166541,-2.1275258,10.374776,68106398
-1.5314653,-2.069147,10.499466,68106597
-1.437311,-1.1479628,11.030861,68165673
-1.9314336,-1.5995736,9.771081,68165874,BrokenRoad_12+
-1.6045134,-1.4971865,10.925032,68166074,BrokenRoad_12+
-1.6447797,-1.486409,10.8771305,68166274,BrokenRoad_12+
-1.6958236,-1.3573773,10.22838,68166472,BrokenRoad_12+
-1.6784596,-0.95501405,10.172696,68166674,BrokenRoad_12+
-1.7775536,-1.3662089,10.900632,68166874,BrokenRoad_12+
-1.6944764,-1.1624826,10.202185,68167074,BrokenRoad_12+
-1.834585,-1.0840458,10.467882,68167274,BrokenRoad_12+
-1.4504837,-1.3178595,10.203831,68167473,BrokenRoad_12+
-1.8512005,-1.2265494,10.904973,68167674,BrokenRoad_12+
-1.8248552,-0.9608519,10.693912,68167874,BrokenRoad_12+
-1.916315,-1.0813513,10.576556,68168074,BrokenRoad_12+
-2.0429516,-1.058898,11.053614,68168274,BrokenRoad_12+
-1.7437239,-0.9235794,10.915301,68168474,BrokenRoad_12+
-1.991309,-1.0294093,10.186916,68168674,BrokenRoad_12+
-1.5642471,-1.0725197,9.081016,68168873,BrokenRoad_12+
-1.7143849,-1.3338761,10.737022,68169074,BrokenRoad_12+
-1.7580941,-1.4482384,11.516003,68169274,BrokenRoad_12+
-1.7959653,-1.463806,10.28601,68169473,BrokenRoad_12+
-1.9221529,-1.6199313,9.582323,68169674,BrokenRoad_12+
-1.653761,-1.4882053,10.516681,68169874,BrokenRoad_12+
-1.4498849,-1.7410295,10.541678,68170074,BrokenRoad_12+
-1.7402811,-1.8271005,10.378818,68170274,BrokenRoad_12+
-1.8121316,-2.2095551,10.440189,68170474,BrokenRoad_12+
-1.7570462,-2.289489,9.924811,68170674,BrokenRoad_12+
-1.2772938,-2.261647,11.404036,68170874,BrokenRoad_12+
-1.669179,-2.0240908,10.360854,68171074,BrokenRoad_12+
-1.6154407,-2.374063,9.957743,68171274,BrokenRoad_12+
-1.3222004,-1.7669257,9.726324,68171474,BrokenRoad_12+
-1.2831317,-1.7606387,10.532547,68171674,BrokenRoad_12+
-1.5726297,-1.9229013,10.268047,68171874,BrokenRoad_12+
-1.7209712,-1.9718496,10.187066,68172074,BrokenRoad_12+
-1.5536193,-1.8027012,10.119257,68172274,BrokenRoad_12+
-1.6724721,-1.6859441,10.03109,68172473,BrokenRoad_12+
-1.963018,-1.7606387,10.319092,68172674,BrokenRoad_12+
-1.8464104,-1.5486795,10.287507,68172874,BrokenRoad_12+
-1.8224602,-1.2603791,10.306068,68173074,BrokenRoad_12+
-1.7609382,-1.4076728,10.769954,68173274,BrokenRoad_12+
-1.7669257,-1.6217276,10.198143,68173473,BrokenRoad_12+
-1.7516574,-1.8059944,10.501712,68173674,BrokenRoad_12+
-1.7362394,-2.1900957,9.848919,68173874,BrokenRoad_12+
-1.8229092,-1.929338,9.812096,68174074,BrokenRoad_12+
-1.3519886,-2.5360262,10.669513,68174273,BrokenRoad_12+
-2.223626,-1.7583934,11.356284,68174473,BrokenRoad_12+
-2.051035,-1.5175443,10.164313,68174674,BrokenRoad_12+
-2.3851402,-1.8459613,10.220746,68174874,BrokenRoad_12+
-2.8377988,-1.3994398,9.774673,68175074,BrokenRoad_12+
-2.2559588,-1.5530205,10.543923,68175274,BrokenRoad_12+
-2.1318667,-1.629212,10.748249,68175473,BrokenRoad_12+
-2.1965322,-1.6911832,10.110874,68175673,BrokenRoad_12+
-2.4809408,-1.7636325,9.382639,68175874,BrokenRoad_12+
-2.0898042,-1.5435901,10.278525,68176074,BrokenRoad_12+
-2.0854633,-1.5706837,10.479708,68176274,BrokenRoad_12+
-2.1694386,-1.5329622,9.408086,68176473,BrokenRoad_12+
-2.2617965,-1.5733781,9.80551,68176674,BrokenRoad_12+
-2.3180795,-1.4247372,10.462792,68176874,BrokenRoad_12+
-2.1344116,-1.5191908,10.304721,68177074,BrokenRoad_12+
-2.1020787,-1.3186079,9.686657,68177274,BrokenRoad_12+
-2.3602917,-1.7281563,10.812166,68177473,BrokenRoad_12+
-1.9974463,-1.6139438,9.553134,68177674,BrokenRoad_12+
-2.152374,-1.5076648,10.032138,68177873,BrokenRoad_12+
-1.809587,-1.5943346,10.663674,68178074
-1.9848725,-1.5166461,10.825039,68178274
-1.7863852,-1.3079801,9.690399,68178473
-1.5902929,-1.5904427,10.621912,68178674
-1.7377363,-1.3439053,10.656939,68178874
-1.7739611,-1.3831238,10.597512,68179074
-1.6968713,-1.5968792,10.583591,68179274
-1.7922231,-1.4768289,10.026899,68179474
-1.545087,-1.1395802,10.849289,68179674
-1.5991246,-1.3248949,10.354418,68179874
-1.9064355,-0.9051677,10.707085,68196675
-1.8088385,-1.1915222,10.400672,68196875
-1.6073575,-1.1481125,9.989925,68197075
-1.647474,-1.3174105,10.119407,68197275
-1.5979271,-1.2355307,10.067016,68197474
-1.7317488,-1.1165282,10.397529,68197675
-1.4766792,-0.8228389,9.8921795,68197875
-1.805246,-1.3060341,10.555749,68198074
-1.7503102,-1.4901512,10.397678,68198275
-2.1842577,-1.4578185,10.7855215,68201275
-1.979783,-0.9183403,9.843531,68201474,BrokenRoad_13+
-1.9278411,-1.036295,10.534943,68201675,BrokenRoad_13+
-1.9267932,-1.0395882,10.275831,68201875,BrokenRoad_13+
-1.852847,-1.2025992,10.467433,68202074,BrokenRoad_13+
-1.7531543,-1.0261161,10.498867,68202275,BrokenRoad_13+
-1.9878662,-1.3439053,10.587483,68202474,BrokenRoad_13+
-1.9856209,-1.7997075,10.677896,68202675,BrokenRoad_13+
-1.91871,-1.421444,10.414593,68202875,BrokenRoad_13+
-1.2138258,-1.7495618,10.331066,68203075,BrokenRoad_13+
-1.5290703,-1.5605049,10.537487,68203275,BrokenRoad_13+
-1.1452684,-1.6145425,10.581944,68203475,BrokenRoad_13+
-1.1364368,-1.1189232,10.883268,68203675,BrokenRoad_13+
-0.5990543,-1.2921131,10.022858,68203875,BrokenRoad_13+
-0.9172925,-1.3790822,10.419832,68204075,BrokenRoad_13+
-0.9136999,-1.1781999,10.583741,68204275,BrokenRoad_13+
-0.93345886,-0.9505234,10.941347,68204475,BrokenRoad_13+
-0.76475966,-1.1328442,10.490036,68204675,BrokenRoad_13+
-0.7685019,-1.0939251,10.660681,68204875,BrokenRoad_13+
-0.96145064,-0.8690927,10.713521,68205075,BrokenRoad_13+
-0.6527925,-1.081501,10.464439,68205275,BrokenRoad_13+
-0.85666853,-0.9264235,10.289303,68205474,BrokenRoad_13+
-0.85113007,-0.9352551,11.100317,68205675,BrokenRoad_13+
-0.5204677,-0.8352631,10.364297,68205875,BrokenRoad_13+
-0.88181627,-0.67644334,10.615624,68206075,BrokenRoad_13+
-0.81700104,-1.0344987,11.379486,68206275,BrokenRoad_13+
-0.5571414,-0.84514254,10.1277895,68206475
-0.7499405,-1.0244696,10.942994,68206675
-1.6943266,-1.2681628,10.3869,68225275
-1.5251784,-1.25993,10.4864435,68225475
-1.7577946,-1.3201048,10.459949,68225676
-1.7592915,-1.3504916,10.39199,68225876
-1.6857944,-1.2931609,10.39184,68226075
-1.6669335,-1.2557387,10.447973,68226276
-1.6566051,-1.2326866,10.445728,68226475
-1.6262183,-1.2704082,10.4461775,68226676
-1.6009209,-1.2183166,10.427017,68226876
-2.206262,-1.2272978,10.5184765,68245876
-2.0835173,-1.4055771,10.20428,68246076,BrokenRoad_14+
-2.3941214,-1.4563216,10.372829,68246276,BrokenRoad_14+
-2.199526,-1.3259426,10.169552,68246475,BrokenRoad_14+
-2.324067,-1.4874568,10.594818,68246676,BrokenRoad_14+
-2.3751109,-1.3067825,9.933494,68246876,BrokenRoad_14+
-2.234254,-1.4894028,10.028246,68247076,BrokenRoad_14+
-2.4560926,-1.8886226,10.781929,68247276,BrokenRoad_14+
-2.2493725,-1.6224761,9.73321,68247476,BrokenRoad_14+
-2.1680915,-1.5944842,10.378219,68247676,BrokenRoad_14+
-2.304757,-1.6931291,10.409204,68247876,BrokenRoad_14+
-2.5643175,-1.8962567,10.337354,68248076,BrokenRoad_14+
-2.3887327,-1.6530125,10.631492,68248276,BrokenRoad_14+
-1.9996916,-1.8006057,9.228759,68248476,BrokenRoad_14+
-2.3647823,-1.8916163,10.736873,68248676,BrokenRoad_14+
-2.236499,-2.0428019,10.654544,68248876,BrokenRoad_14+
-2.2483246,-1.8760487,10.084379,68249076,BrokenRoad_14+
-2.190844,-1.6543597,9.833052,68249276,BrokenRoad_14+
-2.6458979,-1.7070502,10.125544,68249475,BrokenRoad_14+
-2.2327569,-1.4456936,10.285262,68249676,BrokenRoad_14+
-2.1426444,-1.5250287,9.627829,68249876,BrokenRoad_14+
-2.0957918,-1.5967296,10.5780525,68250076,BrokenRoad_14+
-2.3123913,-1.8015038,10.611882,68250276,BrokenRoad_14+
-2.1366568,-1.7890795,9.729917,68250476,BrokenRoad_14+
-1.5861017,-1.6539106,10.068961,68250676,BrokenRoad_14+
-1.6825012,-1.2266991,10.301128,68250877,BrokenRoad_14+
-1.8401234,-1.2735516,10.568024,68251076,BrokenRoad_14+
-1.9779868,-1.3536351,10.384206,68251276,BrokenRoad_14+
-1.7106427,-1.19736,9.791588,68251476,BrokenRoad_14+
-1.8175205,-1.3042378,10.630593,68251676,BrokenRoad_14+
-1.8800904,-1.2548405,10.227182,68251876,BrokenRoad_14+
-1.8862276,-1.1596385,9.86778,68252076,BrokenRoad_14+
-2.4149282,-1.355132,10.961106,68252276,BrokenRoad_14+
-2.3126907,-1.1832893,10.313852,68252475,BrokenRoad_14+
-2.2980213,-1.2027489,9.7161455,68252676,BrokenRoad_14+
-2.362986,-1.1668236,10.365944,68252876,BrokenRoad_14+
-2.3897805,-1.3269905,10.751692,68253076,BrokenRoad_14+
-2.307751,-1.3952485,9.7139,68253276,BrokenRoad_14+
-2.1731808,-1.0741663,10.147548,68253476,BrokenRoad_14+
-2.0883074,-1.6058606,10.488688,68253676,BrokenRoad_14+
-2.280358,-1.6157401,10.215956,68253877,BrokenRoad_14+
-2.3575974,-1.3428575,10.0328865,68254077,BrokenRoad_14+
-2.3653812,-1.1364368,9.859397,68254277,BrokenRoad_14+
-2.055825,-1.1557466,11.078612,68254475,BrokenRoad_14+
-2.2213807,-1.3136683,10.144554,68254676,BrokenRoad_14+
-2.3150856,-1.7663269,9.6035795,68254876,BrokenRoad_14+
-2.2257216,-1.2737013,10.550061,68255077,BrokenRoad_14+
-2.3671775,-1.3096266,10.430759,68255276,BrokenRoad_14+
-2.4119344,-1.2232562,10.009984,68255475,BrokenRoad_14+
-2.479444,-1.4422508,10.559641,68255677,BrokenRoad_14+
-2.4102879,-1.2961546,10.281071,68255877,BrokenRoad_14+
-2.1025279,-1.2644206,10.060579,68256077,BrokenRoad_14+
-2.1992266,-1.4566209,10.361902,68256277,BrokenRoad_14+
-1.9251466,-1.4370117,10.385853,68256476,BrokenRoad_14+
-2.14474,-1.499432,10.578951,68256676,BrokenRoad_14+
-2.121688,-1.424887,9.410181,68256877,BrokenRoad_14+
-2.1408482,-1.8610798,11.210937,68257077,BrokenRoad_14+
-2.1823118,-1.6500188,10.28122,68257277,BrokenRoad_14+
-2.0279827,-1.2882211,9.855655,68257476,BrokenRoad_14+
-1.9574794,-1.3543836,9.783955,68257677,BrokenRoad_14+
-1.9317329,-1.185385,10.421927,68257877,BrokenRoad_14+
-2.1811144,-1.4630575,10.399923,68258077,BrokenRoad_14+
-2.2179377,-1.5158976,10.82025,68258276,BrokenRoad_14+
-2.0667522,-1.6705261,11.342363,68258476,BrokenRoad_14+
-2.121239,-1.3126204,9.686806,68258677,BrokenRoad_14+
-2.1188438,-1.3816268,10.150243,68258877,BrokenRoad_14+
-1.9137703,-1.1135345,10.077494,68259077,BrokenRoad_14+
-2.2679338,-1.4820681,10.457554,68259276,BrokenRoad_14+
-2.0929477,-1.1729608,10.150692,68259476,BrokenRoad_14+
-2.2070105,-1.5349082,9.755214,68259677,BrokenRoad_14+
-2.3882835,-1.7031583,10.709779,68259877,BrokenRoad_14+
-2.3598428,-1.178649,9.767339,68260077,BrokenRoad_14+
-2.2210813,-1.1933185,11.337274,68260277,BrokenRoad_14+
-2.139052,-1.1346405,9.772279,68260476,BrokenRoad_14+
-2.0522323,-1.0844948,10.227781,68260677,BrokenRoad_14+
-1.8464104,-1.4301261,10.413545,68260877,BrokenRoad_14+
-2.1239333,-1.6116985,10.157128,68261077,BrokenRoad_14+
-2.2475762,-1.6783099,10.259665,68261277,BrokenRoad_14+
-2.3029609,-1.8899698,10.519674,68261476,BrokenRoad_14+
-2.1333637,-1.5250287,10.357112,68261677,BrokenRoad_14+
-2.1077669,-1.5658937,10.706486,68261877,BrokenRoad_14+
-2.1094134,-1.4717395,10.249785,68262077,BrokenRoad_14+
-2.132615,-1.5934365,9.321715,68262277,BrokenRoad_14+
-2.2159917,-1.6934285,10.816956,68262476,BrokenRoad_14+
-2.1041744,-1.2446617,10.308912,68262677,BrokenRoad_14+
-2.0290306,-1.2951068,10.907068,68262877,BrokenRoad_14+
-1.9992425,-1.0798545,10.236014,68263077,BrokenRoad_14+
-1.8910176,-1.2326866,10.588082,68263276
-1.9905607,-1.2540921,10.467433,68263476
-2.1209395,-1.5832576,10.967692,68263677
-2.1049228,-1.135389,9.550739,68263877
-2.227069,-1.0939251,9.962982,68264077
-2.2359004,-1.0279125,10.430759,68264277
-2.6014402,-1.1464659,10.225536,68264476
-2.2414389,-1.4489868,10.158774,68264677
-2.3408322,-1.4467415,10.855875,68264877
-2.1377046,-1.4415023,10.650502,68265077
-1.6260686,-0.8728349,10.255324,69167400
-1.3572277,-1.1226654,10.640773,69167601
-1.4446459,-0.9129515,10.387798,69167801
-1.3909076,-0.96145064,10.640773,69168001
-1.453178,-0.9213341,10.475217,69168201
-1.2989987,-0.7966434,10.520573,69168401
-1.821113,-1.0665321,10.396031,69168601
-1.7471668,-1.0683284,10.320289,69168801
-1.8589842,-0.8770262,10.6255045,69169001
-1.4130615,-0.9421408,10.227332,69187202
-1.207988,-1.0301578,10.327324,69187401,BrokenRoad_15+
-0.7640112,-1.0635383,11.142678,69187602,BrokenRoad_15+
-0.5707631,-0.68976563,9.991123,69187802,BrokenRoad_15+
-0.8523276,-0.72554123,11.442056,69188001,BrokenRoad_15+
-1.3022919,-1.1421249,10.367441,69188202,BrokenRoad_15+
-1.2385244,-0.981509,9.8849945,69188403,BrokenRoad_15+
-1.3763878,-1.1204201,10.630743,69188602,BrokenRoad_15+
-1.2124786,-0.9102571,10.880275,69188802,BrokenRoad_15+
-1.5578105,-0.3237767,11.316318,69189002,BrokenRoad_15+
-1.2597803,-0.48858398,11.336077,69189202,BrokenRoad_15+
-1.3817766,-0.46687913,9.644744,69189403,BrokenRoad_15+
-1.2838801,-1.0856923,9.928853,69189602,BrokenRoad_15+
-1.249302,-0.9671388,11.508668,69189802,BrokenRoad_15+
-1.5655943,-0.9963281,10.632689,69190002,BrokenRoad_15+
-1.6549585,-1.4618601,10.810519,69190202,BrokenRoad_15+
-1.9032921,-1.7212706,9.622291,69190401,BrokenRoad_15+
-2.5938063,-1.0367441,10.236464,69190602,BrokenRoad_15+
-2.287543,-1.6622932,10.010283,69190802,BrokenRoad_15+
-2.141896,-1.6036153,10.193952,69191002,BrokenRoad_15+
-2.1281245,-1.4424005,10.466535,69191201,BrokenRoad_15+
-1.7821939,-1.368604,10.634485,69191401,BrokenRoad_15+
-1.5429913,-1.3250445,9.9644785,69191602,BrokenRoad_15+
-1.5245796,-1.420995,10.371781,69191802
-1.4139596,-1.3775853,11.1955185,69192001
-1.2539424,-1.3124707,10.945389,69192202
-1.3656102,-1.2141252,10.344838,69192402
-1.4488372,-1.0195298,10.577903,69192602
-1.4510825,-1.033451,10.224937,69192802
-1.4617103,-1.2451108,11.100317,69193001
-1.504671,-0.97237796,9.917626,69193202
-1.6673827,-1.0683284,10.78118,69193401
-1.6411872,-1.3227992,10.275831,69193603
-1.6185842,-1.1541001,10.315948,69193804
-1.6419356,-1.183439,10.436447,69194001
-1.7202228,-1.1153307,10.669812,69194201
-1.9565812,-1.0229727,10.498269,69194401
-1.7383351,-0.73467225,9.90146,69194602
-1.7922231,-0.9530681,10.381661,69194802
-1.852847,-0.7020401,10.398426,69195002
-1.8697618,-0.73572004,10.36295,69195202
-1.9435583,-0.6385721,10.357262,69195402
-1.6163388,-2.0984862,10.604248,69212203
-1.402733,-1.838926,10.786719,69212404,BrokenRoad_1+
-1.284928,-1.6042141,10.300081,69212603,BrokenRoad_1+
-1.3846207,-1.6351995,10.543325,69212803,BrokenRoad_1+
-1.4494358,-1.9821781,10.232272,69213003
-1.369053,-1.9303857,10.18063,69213203
-1.1798465,-1.5325131,10.0152235,69213403
-1.4102174,-1.6031662,10.724149,69213603
-0.9557625,-1.34166,10.091714,69213803
-1.0505154,-1.7866845,10.4428835,69214003
-1.3338761,-1.7074993,10.576556,69214203
-1.0330019,-1.5898439,10.537936,69214404
-1.3856685,-1.9011965,10.669363,69214604
-1.1099418,-1.2497511,9.876163,69214804
-1.9806812,-2.3436763,10.096055,69433812
-1.7342935,-2.0505857,10.625804,69434012
-2.1387525,-1.9516416,10.166858,69434212
-1.6459771,-1.6498691,10.034683,69434411
-2.786306,-1.6540604,10.255025,69434611
-2.2614973,-1.5359559,10.027348,69434812
-2.581382,-1.8094373,10.396181,69435012
-2.4527993,-1.3937516,10.32942,69435212
-2.1493804,-1.4518309,10.269844,69435411
-1.9770886,-2.0466938,10.806627,69465413
-1.5711328,-1.9621197,10.528207,69465614,BrokenRoad_2+
-1.561403,-1.4714401,10.399025,69465814,BrokenRoad_2+
-1.1948154,-1.6660354,9.682765,69466013,BrokenRoad_2+
-1.583557,-1.6631913,10.7275915,69466213,BrokenRoad_2+
-1.1288027,-1.5142511,10.29065,69466413,BrokenRoad_2+
-1.4602134,-1.7633331,10.585986,69466613,BrokenRoad_2+
-1.3247452,-1.5552658,10.222692,69466813,BrokenRoad_2+
-1.5310162,-1.5861017,10.529853,69467013,BrokenRoad_2+
-1.5910414,-1.4837146,10.248288,69467214,BrokenRoad_2+
-1.4441968,-1.4043796,10.4638405,69467414,BrokenRoad_2+
-1.4953903,-1.5864011,10.484048,69467614,BrokenRoad_2+
-1.2741504,-1.4521303,10.962902,69467814,BrokenRoad_2+
-1.475332,-1.7634828,9.639654,69468013,BrokenRoad_2+
-1.4356645,-1.5010785,10.566227,69468214,BrokenRoad_2+
-1.4254857,-1.7193246,10.273287,69468413,BrokenRoad_2+
-1.4690452,-1.3274395,11.182346,69468614,BrokenRoad_2+
-1.4154565,-1.2395723,9.973161,69468814,BrokenRoad_2+
-1.6284636,-1.3451028,10.480455,69469013,BrokenRoad_2+
-1.628763,-1.3449532,10.547217,69469214,BrokenRoad_2+
-1.2933105,-1.6718733,10.616822,69469413,BrokenRoad_2+
-1.497486,-1.4401551,10.274484,69469614,BrokenRoad_2+
-1.4428496,-1.6724721,10.26236,69469814,BrokenRoad_2+
-1.6432828,-2.1001327,10.345736,69470014,BrokenRoad_2+
-1.6569045,-1.712888,10.332863,69470214,BrokenRoad_2+
-1.5271243,-1.5173945,10.505454,69470414,BrokenRoad_2+
-1.7110918,-1.988914,9.1395445,69470614,BrokenRoad_2+
-1.7696201,-1.8269508,10.869198,69470814,BrokenRoad_2+
-2.0913012,-1.7594413,10.409204,69471014
-1.9037411,-1.4874568,10.566377,69471213
-1.7019608,-1.7474661,10.7645645,69471413
-1.7883312,-1.4184504,10.035131,69471614
-1.7021104,-1.9243982,10.062225,69471814
-1.563349,-1.8670675,10.606644,69472014
-1.2382251,-1.6929795,9.933494,69472214
-1.4813195,-1.7768052,10.470876,69472413
-1.3958473,-1.7357904,10.8241415,69472614
-1.5584092,-1.7892293,9.823173,69472814
-1.651366,-1.5103592,10.532697,69844230
-1.140179,-1.9977456,10.507998,69844429
-1.3503419,-1.7723144,10.278226,69844630
-1.1870315,-1.751358,10.548414,69844830
-1.0258168,-1.6040643,10.616822,69845030
-1.4745836,-1.7497115,10.658436,69845230
-1.0701246,-1.4847624,10.721904,69845431
-1.4717395,-1.7380357,10.197245,69845630
-1.3109738,-1.6408877,10.204579,69845830
2.4595354,-1.3819263,8.066575,69862630
1.5697856,-2.1359084,10.962604,69862831,BrokenRoad_3+
2.3408322,-2.0222945,10.044413,69863031,BrokenRoad_3+
2.5200095,-1.8308427,10.480306,69863231,BrokenRoad_3+
2.1480331,-2.202819,10.667866,69863431,BrokenRoad_3+
2.2104533,-1.1451187,10.555,69863631,BrokenRoad_3+
1.7986597,-1.5949333,10.640324,69863831,BrokenRoad_3+
1.79851,-1.2431648,10.332414,69864031,BrokenRoad_3+
1.7774038,-1.8025516,10.9615555,69864231,BrokenRoad_3+
1.6875906,-1.4016852,10.145602,69864431,BrokenRoad_3+
0.9201366,-1.199306,10.491682,69864631,BrokenRoad_3+
1.3498929,-0.14564712,11.76239,69864831,BrokenRoad_3+
1.2232562,-1.9294876,9.275162,69865031,BrokenRoad_3+
0.89783293,-0.6715036,10.190958,69865230,BrokenRoad_3+
0.8681946,-1.7616866,10.148596,69865430,BrokenRoad_3+
1.7832417,-1.6226257,10.614278,69865631,BrokenRoad_3+
1.6093035,0.71506304,11.426788,69865831,BrokenRoad_3+
0.6433621,-1.8636246,10.453812,69866031,BrokenRoad_3+
1.153651,-1.6718733,11.531121,69866231,BrokenRoad_3+
0.96160036,-0.85921323,9.962383,69866431,BrokenRoad_3+
0.49127838,-0.7084767,10.929073,69866631,BrokenRoad_3+
0.5574408,-0.006586304,11.030861,69866831,BrokenRoad_3+
0.37616774,-0.4923262,10.404714,69867031,BrokenRoad_3+
0.74544984,-0.25012985,11.126063,69867231,BrokenRoad_3+
0.28096572,-0.084723815,10.3987255,69867431,BrokenRoad_3+
-0.49531996,-0.16510665,10.456057,69871031,BrokenRoad_3+
-0.36119887,-0.8273296,10.564431,69871231,BrokenRoad_3+
-0.050594788,-1.2314891,10.538236,69871431,BrokenRoad_3+
-0.13382171,-1.3377681,10.590776,69871631,BrokenRoad_3+
0.3983217,-1.8368303,10.88252,69871831,BrokenRoad_3+
-0.18770966,-1.5049704,10.62236,69872031,BrokenRoad_3+
0.21165985,-1.986968,10.327024,69872231,BrokenRoad_3+
0.020207977,-2.2505698,11.242072,69872431,BrokenRoad_3+
0.21585113,-2.190844,10.590926,69872631,BrokenRoad_3+
0.22393432,-2.2778132,10.433603,69872831,BrokenRoad_3+
0.26255402,-2.5319848,10.842853,69873031,BrokenRoad_3+
0.3995192,-2.4435186,10.31505,69873231,BrokenRoad_3+
0.3450325,-1.8392253,10.18991,69873431,BrokenRoad_3+
-0.048349455,-1.8859282,8.764424,69873631,BrokenRoad_3+
-0.48469207,-2.6557772,11.4874115,69873832,BrokenRoad_3+
-0.13891113,-2.7053242,11.097473,69874031,BrokenRoad_3+
-0.1552272,-2.176923,9.909393,69874231,BrokenRoad_3+
-0.11870316,-1.7661772,9.542057,69874431,BrokenRoad_3+
0.18127304,-2.0778291,11.795471,69874632,BrokenRoad_3+
-0.060174868,-2.0269349,10.725646,69874832,BrokenRoad_3+
0.069455564,-1.2322376,9.950109,69875031,BrokenRoad_3+
-0.9520203,-1.0250684,9.826466,69875232,BrokenRoad_3+
-0.38395157,-2.799179,10.792108,69875431,BrokenRoad_3+
-0.3713777,-2.7152038,10.221195,69875631,BrokenRoad_3+
0.28830048,-2.2143452,12.102483,69875832,BrokenRoad_3+
0.29413834,-0.934357,10.803933,69876031,BrokenRoad_3+
-0.8243358,-2.6960435,9.753867,69876231,BrokenRoad_3+
-1.4251863,-1.6937279,9.932595,69876432,BrokenRoad_3+
-1.2461586,-1.84656,9.447753,69876632,BrokenRoad_3+
-1.0867401,-2.2044659,10.5112915,69876832,BrokenRoad_3+
-1.0032138,-2.0188518,10.072554,69877031,BrokenRoad_3+
-0.7072792,-2.5652156,10.503058,69877231,BrokenRoad_3+
-0.76505905,-2.0935464,9.54535,69877431,BrokenRoad_3+
-0.7830217,-2.5324337,12.019555,69877632,BrokenRoad_3+
-0.5014572,-1.3768369,10.985954,69877832,BrokenRoad_3+
-1.7477655,-1.8914666,9.948911,69878032,BrokenRoad_3+
-0.64845157,-2.1902454,10.810669,69878231,BrokenRoad_3+
-0.77523786,-1.5167958,10.123299,69878431,BrokenRoad_3+
-1.0380913,-2.6575735,9.955348,69878632,BrokenRoad_3+
-1.0897338,-1.8968555,9.892628,69878831,BrokenRoad_3+
-0.5743556,-1.7042061,10.573563,69879032,BrokenRoad_3+
-0.103734285,-1.8821859,10.577753,69879231,BrokenRoad_3+
0.102686465,-1.9588265,10.52147,69879431,BrokenRoad_3+
-0.1924997,-1.821113,9.994716,69879631,BrokenRoad_3+
-0.13262421,-2.1466858,10.744058,69879832
-0.3915857,-2.0965402,10.019115,69880032
-0.1965413,-1.8348843,10.756332,69880232
-0.08322693,-1.633553,10.688374,69880431
0.15313156,-2.118694,10.577005,69880632
0.32856673,-2.3189776,10.903326,69880832
-0.124391325,-2.1405487,9.978699,69881032
0.34054184,-2.3098466,10.999577,69881232
-0.052391052,-2.038461,10.411749,69881432
0.2415976,-1.7741107,10.159224,69881632
0.12843293,-0.9830058,10.500364,69896232,BrokenRoad_4+
-1.1367362,-0.94423646,10.468481,69896431,BrokenRoad_4+
0.22498214,-1.4317726,10.7485485,69896632,BrokenRoad_4+
-0.18007553,-1.3395643,10.661729,69896833,BrokenRoad_4+
-0.67734146,-1.2356803,9.27606,69897033,BrokenRoad_4+
0.17034577,-2.0743864,11.348949,69897231,BrokenRoad_4+
-0.09624985,-1.1186239,9.933044,69897431,BrokenRoad_4+
0.7921527,-2.13995,11.383378,69897631,BrokenRoad_4+
0.29788056,-1.3500426,9.934541,69897832,BrokenRoad_4+
0.24399261,-2.0110679,10.591675,69898032,BrokenRoad_4+
0.36943176,-1.984573,10.181078,69898232,BrokenRoad_4+
0.28201354,-1.1620336,10.902578,69898432,BrokenRoad_4+
