-1.2530442,-0.59127045,10.257719,65716912
-1.4620098,-0.81191164,10.772798,65717112
-1.4063256,-0.53274214,10.256222,65717312
-1.434467,-0.4629872,10.625804,65717511
-1.3672568,-0.66955763,10.464889,65717712
-1.3141173,-0.7316785,10.789413,65717912
-1.3367202,-0.4406836,10.371333,65718111
-1.2745994,-0.6716533,10.76217,65718312
-1.3603711,-0.70623136,10.782228,65718511
-1.1813434,-0.57914567,10.124945,65718712
-1.4732364,-0.5457651,10.970088,65718912,Bumper_4+
-1.2362791,-0.61686724,10.693912,65719112,Bumper_4+
-1.4033318,-0.6647676,10.606943,65719312,Bumper_4+
-1.3070819,-0.5803432,10.471624,65719512,Bumper_4+
-1.2801379,-0.6596782,10.49273,65719712,Bumper_4+
-1.3030403,-0.45445496,10.436747,65719912,Bumper_4+
-1.4650035,-0.64919996,10.330318,65720112,Bumper_4+
-1.5057188,-0.6623726,10.434052,65720311,Bumper_4+
-1.6828007,-0.5372328,10.07944,65720512,Bumper_4+
-1.5184424,-0.44382706,10.24799,65720712,Bumper_4+
-1.4212945,-0.5721103,10.605745,65720913,Bumper_4+
-1.3491445,-0.52795213,10.5057535,65721112,Bumper_4+
-1.2479548,-0.7933502,10.748998,65721312,Bumper_4+
-1.1160791,-0.46388534,10.753937,65721511,Bumper_4+
-1.1481125,-0.753533,10.627001,65721712,Bumper_4+
-0.96923447,-0.69859725,10.591825,65721911,Bumper_4+
-1.0873389,-0.47586045,10.781929,65722112,Bumper_4+
-1.129551,-0.51268387,10.623259,65722311,Bumper_4+
-1.1957135,-0.5480104,10.791509,65722512,Bumper_4+
-1.2533437,-0.77149564,10.447524,65722712
-1.3280383,-0.6200107,10.268946,65722912
-1.1846366,-0.85142946,11.206446,65723111
-1.0241703,-0.94139236,10.841954,65723312
-1.0123448,-0.9653426,10.077943,65723511
-1.113235,-0.72389466,10.371183,65723712
-1.1313473,-1.008902,10.623408,65723912
-1.8815873,-0.2748285,10.601704,66707596
-1.87545,-0.070503384,10.653346,66707796
-1.8431172,-0.31374756,10.546618,66707996
-1.8565892,-0.39517823,10.665172,66708196
-1.8435663,-0.15073654,10.674453,66708396
-2.0210972,-0.38170624,11.06514,66708595
-2.3337967,0.27946883,9.875264,66708796
-2.5956025,-0.11361374,10.615175,66708996
-2.0728893,-0.6737489,10.089469,66709196
-0.6933582,-1.1506572,11.025772,66712996
-0.88031936,-0.29309052,10.557995,66713196,Bumper_6+
-0.54606444,-2.0288808,10.352622,66713395,Bumper_6+
-0.6959029,-0.7246431,10.15144,66713596,Bumper_6+
-1.7676741,-0.7447014,10.042018,66713796,Bumper_6+
-1.0422826,-1.6215779,11.06514,66713996,Bumper_6+
-0.7975415,-0.0981958,12.042008,66714196,Bumper_6+
-1.3712983,-1.2124786,9.2449255,66714396,Bumper_6+
-2.0169058,-0.21151017,11.028616,66714596,Bumper_6+
-1.6214283,-1.747017,10.554852,66714796,Bumper_6+
-1.2395723,-1.1868819,10.678793,66714996,Bumper_6+
-1.6360977,0.12768447,11.460319,66715196,Bumper_6+
-1.6856446,-0.7209009,9.856703,66715398,Bumper_6+
-1.8983524,-0.57570285,10.470726,66715596,Bumper_6+
-1.5328125,-0.5239105,10.854527,66715797
-1.5221846,-0.36419266,10.675051,66715996
-1.6760646,-0.3980223,10.582543,66716196
-1.6551082,-0.5542973,10.52132,66716395
-1.5193405,-0.4204756,10.648556,66716596
-1.4163547,-0.5550458,10.535092,66716796
-1.4317726,-0.5824388,10.571317,66716996
-1.0690769,-0.47406417,10.542277,66717196
-1.096919,-0.2695894,10.609787,66717395
-0.9633966,-0.260159,10.630893,66717596
-2.51028,-1.242117,10.019415,66751797
-2.4447162,-1.5269747,9.729318,66751998
-2.203867,-1.3783337,10.0947075,66752198
-1.307531,-1.4295273,10.59362,66752397
-1.5751745,-1.0871892,10.513986,66752598
-1.7094452,-1.1434722,10.31505,66752798
-1.809587,-1.0871892,10.476713,66752998
-1.6245717,-0.84604067,10.5289545,66753198
-1.5100598,-0.6334827,9.897119,66753398
-0.17289047,-0.9761202,10.471025,66815601
-0.31898665,-1.259481,11.002271,66815801,Bumper_7+
0.01287323,-1.2864249,11.141781,66816000,Bumper_7+
0.4816983,-1.1991563,10.76711,66816201,Bumper_7+
-0.19893631,-0.8849597,10.532996,66816400,Bumper_7+
-0.34024248,-0.68377805,9.424402,66816601,Bumper_7+
-0.613125,-1.0092014,8.852142,66816801,Bumper_7+
-0.8135582,-1.3876145,11.467504,66817001,Bumper_7+
-0.16016693,-0.91265213,11.484717,66817201,Bumper_7+
-0.040715333,-0.9505234,11.119777,66817401,Bumper_7+
-0.20387603,-1.3184582,11.064541,66817601,Bumper_7+
-0.009580079,-1.1240126,10.469528,66817800,Bumper_7+
0.14474899,-0.9316626,10.545421,66818000,Bumper_7+
-0.16690293,-0.59635985,10.974428,66818201,Bumper_7+
-0.66282165,-0.5763016,10.399774,66818401,Bumper_7+
-0.8517288,-0.76475966,10.008636,66818601,Bumper_7+
-1.0855426,-0.7629634,10.703642,66818801
-0.98255676,-0.72778654,10.779085,66819001
-0.9288185,-0.60863435,10.657987,66819201
-1.0042616,-0.93076444,10.89195,66819401
-0.864602,-0.7893086,10.096953,66819600
-1.719624,-0.51522857,10.867102,66819801
-1.5643969,-0.7319778,10.43974,66820001
-1.7413288,-0.6459068,10.28122,66820201
-1.6822019,-1.013692,11.057655,66820400
-1.4103671,-0.95636123,10.216854,66820600
-1.7092955,-0.83002394,10.710078,66991621
-1.6075072,-0.6542894,10.577753,66991821
-1.6742684,-0.6927594,10.192155,66992021
-1.9336789,-0.58588165,10.53614,66992221
-1.6188835,-0.73976165,10.957514,66992421
-1.7727635,-0.8228389,10.202035,66992621
-1.9333795,-0.7195537,10.317295,66992821
-1.8968555,-0.6224057,11.099868,66993021
-1.8562899,-0.42167312,10.551558,66993221
-1.6184344,-0.57705003,10.224937,67012821
-1.8068925,-0.70533323,10.482402,67013022,Bumper_8+
-1.2630734,-0.88735473,10.7719,67013222,Bumper_8+
-1.2719051,-0.95860654,10.124795,67013422,Bumper_8+
-1.8137783,-0.9630972,10.388996,67013622,Bumper_8+
-1.8482066,-0.9976753,10.849738,67013821,Bumper_8+
-2.032174,-1.2945081,12.19514,67014022,Bumper_8+
-1.4196478,-0.6712042,7.1202435,67014222,Bumper_8+
-1.4168037,-0.93345886,11.571088,67014421,Bumper_8+
-1.6908838,-0.9786649,11.210787,67014622,Bumper_8+
-1.4630575,-1.373394,10.606793,67014822,Bumper_8+
-1.7794995,-0.6414162,10.620115,67015022,Bumper_8+
-1.2711567,-1.1925701,10.892848,67015222,Bumper_8+
-2.5605752,-0.71760774,9.755663,67015422,Bumper_8+
-2.4783962,-0.46328658,10.302626,67015621,Bumper_8+
-1.8925145,-0.7843689,10.981165,67015822,Bumper_8+
-2.0498374,-0.89424044,9.891581,67016022,Bumper_8+
-2.2812562,-0.74799454,10.892848,67016222,Bumper_8+
-2.3954687,-0.7710466,9.836944,67016422,Bumper_8+
-2.384242,-0.94992465,10.572365,67016622
-2.4367826,-0.93091416,10.022558,67016821
-2.3174808,-1.0951227,10.785072,67017022
-2.3348446,-1.0883867,10.388996,67017222
-2.443369,-0.9071137,10.23781,67017421
-2.3174808,-1.04348,10.318343,67017622
-2.3897805,-1.0873389,10.202334,67017822
-2.3155348,-1.1053015,10.470277,67018022
-2.3537054,-0.9472302,10.129436,67018222
-2.149979,-0.96923447,10.810669,67018421
-2.071093,-0.8253836,10.21431,67018622
-2.1424947,-0.837209,10.448572,67018822
-2.344275,-1.0666819,10.690469,67019022
-2.126029,-1.059347,10.062375,67019222
-2.0806732,-1.2460089,10.677746,67019422
-2.2499712,-1.0574012,10.202185,67019621
-2.0348685,-1.3064831,10.172546,67019822
-1.9699036,-1.2898678,10.191707,67020022
-1.9639161,-1.2998968,10.522368,67020222
-0.9529184,-1.0150392,11.097921,67028222
-0.9494755,-0.8551717,10.338101,67028422,Bumper_9+
-0.87148774,-0.95695996,10.866503,67028622,Bumper_9+
-0.8614586,-0.85113007,10.904674,67028823,Bumper_9+
-0.7788304,-0.7749385,9.883497,67029023,Bumper_9+
-0.86579955,-1.493145,13.149855,67029223,Bumper_9+
-1.074765,-0.64411056,10.3126545,67029422,Bumper_9+
-1.5055691,-0.6680608,8.520132,67029623,Bumper_9+
-1.9468515,-0.8253836,9.729617,67029823,Bumper_9+
-1.8862276,-0.73033124,10.802136,67030023,Bumper_9+
-1.4600638,-1.0157876,11.040891,67030222,Bumper_9+
-1.6582516,-0.7807764,11.01185,67030422,Bumper_9+
-1.4129119,-0.8319699,10.287357,67030623,Bumper_9+
-1.5081139,-0.8307724,10.568323,67030823,Bumper_9+
-1.7363892,-0.6746471,10.743309,67031023,Bumper_9+
-1.1970607,-0.5125342,10.335856,67031223,Bumper_9+
-0.8875044,-1.0186317,10.441986,67031422,Bumper_9+
-1.3178595,-0.80622345,10.890004,67031623,Bumper_9+
-1.4377601,-0.5986052,10.679841,67031823,Bumper_9+
-1.8297949,-0.581391,10.715467,67032023,Bumper_9+
-1.9564316,-1.0202783,10.245444,67032223,Bumper_9+
-2.0392094,-0.8186476,10.160871,67032423,Bumper_9+
-2.0061283,-0.6608757,10.507998,67032623,Bumper_9+
-1.9752923,-0.7671547,10.419982,67032823,Bumper_9+
-2.1998255,-0.6870712,10.399923,67033023,Bumper_9+
-2.2201831,-0.5315446,10.482851,67033223,Bumper_9+
-2.1959336,-0.6402187,10.20937,67033422,Bumper_9+
-2.110611,-0.7256909,10.468929,67033623,Bumper_9+
-2.1109104,-0.49322432,10.441836,67033823,Bumper_9+
-1.757645,-0.4936734,10.303374,67034022,Bumper_9+
-2.0987856,-0.69231033,11.025323,67034223
-1.7318985,-0.4340973,10.393936,67034423
-1.8982027,-0.6402187,10.286459,67034623
-1.9020946,-0.104632415,10.549762,67034823
-1.9995419,-0.25761428,10.533445,67035023
-2.0570223,-0.3504213,10.375673,67035223
-1.8498532,-0.18067428,10.171648,67035423
-1.8717078,-0.043858796,10.620115,67035623
-1.8779947,0.029638367,10.612032,67035823
-1.8440154,-0.43289977,10.741962,67036023
-2.942581,-1.9709514,10.104288,67082825
-2.8363018,-2.1791685,9.807156,67083025
-2.889591,-2.0215461,9.637858,67083225
-2.7631042,-2.2272184,10.080038,67083424
-2.8148963,-2.2029688,10.190958,67083625
-2.551594,-1.920656,9.434281,67083825
-2.4882755,-2.3593936,10.146351,67084025
-2.3990612,-2.0784278,9.545799,67084225
-2.3888824,-2.2469773,10.392888,67084424
-2.4041505,-2.3126907,9.986632,67084825
-2.4340882,-2.326462,10.197095,67085024,Bumper_10+
-2.3430777,-2.1204903,9.541758,67085225,Bumper_10+
-2.5246499,-2.3686743,10.689422,67085424,Bumper_10+
-2.2849984,-2.3680756,10.433304,67085625,Bumper_10+
-2.529889,-1.8113832,10.689571,67085825,Bumper_10+
-1.9098784,-2.6912534,8.046517,67086025,Bumper_10+
-2.1746778,-2.194287,11.4134655,67086225,Bumper_10+
-1.9815793,-2.216441,10.377919,67086425,Bumper_10+
-1.637894,-2.8080108,9.977652,67086625,Bumper_10+
-2.995421,-1.4673985,10.821297,67086826,Bumper_10+
-2.2525158,-2.7292745,10.127041,67087025,Bumper_10+
-2.6042843,-2.5875192,9.065149,67087225,Bumper_10+
-2.156266,-2.8503726,10.381212,67087424,Bumper_10+
-2.4899223,-2.699187,10.0715065,67087625,Bumper_10+
-2.4632776,-2.9590466,10.176438,67087825,Bumper_10+
-2.165846,-2.8508217,9.645791,67088025,Bumper_10+
-2.2631438,-2.7457402,10.1896105,67088224,Bumper_10+
-2.3641837,-2.9868886,9.607771,67088424
-2.259701,-2.8749216,10.096055,67088625
-2.2302122,-2.8885431,9.885742,67088825
-2.5237517,-2.8493247,9.938433,67089025
-2.321223,-2.6969416,8.929082,67089225
-2.4870782,-3.0735586,9.668694,67089424
-2.6875112,-3.2626154,10.52147,67089625
-2.3661296,-3.2844698,9.518705,67089825
-2.6494904,-2.8972251,10.705438,67090025
-2.5771906,-2.5017476,9.981094,67090225
-2.2345533,-2.8927345,9.080418,67090424
-2.3022125,-3.1467562,9.632319,67090625
-2.3704705,-2.8966265,9.625883,67090825
-2.5176146,-2.5408163,10.326725,67091026
-2.4575894,-2.6981392,10.548863,67091225
-2.4613316,-2.418371,9.386531,67091425
-2.651586,-2.5180635,10.023457,67091625
-2.6993368,-2.4117846,10.004446,67091825
-2.8536658,-2.4225624,10.279424,67092026
-1.0321038,-1.511407,10.626701,67113826
-1.4778768,-1.5488292,11.499836,67114026,Bumper_11+
-1.4180013,-1.6748672,11.464509,67114226,Bumper_11+
-1.7714163,-1.0551558,6.7849407,67114425,Bumper_11+
-2.1909938,-2.0845652,9.001382,67114626,Bumper_11+
-3.1939082,-1.981729,13.196259,67114826,Bumper_11+
-2.2674847,-2.0011885,10.2210455,67115026,Bumper_11+
-1.8175205,-1.2790902,9.263786,67115226,Bumper_11+
-1.6221766,-1.9699036,10.225237,67115426,Bumper_11+
-2.328408,-1.1915222,11.686498,67115626,Bumper_11+
-2.583328,-1.5417938,9.822574,67115826,Bumper_11+
-2.7663972,-1.750909,8.873098,67116026,Bumper_11+
-3.0783486,-1.3865666,10.71891,67116226,Bumper_11+
-2.596351,-1.6479231,10.325378,67116426,Bumper_11+
-2.9344976,-1.2927117,9.820928,67116626,Bumper_11+
-2.930606,-1.6456778,10.681638,67116825,Bumper_11+
-2.9678783,-1.4166541,10.175989,67117025,Bumper_11+
-2.936743,-1.3480966,10.286309,67117225
-2.9291089,-1.4732364,9.748328,67117425
-3.0802946,-1.5843054,10.377021,67117625
-3.1395712,-1.3543836,9.762998,67117825
-3.0211675,-1.3861176,10.043215,67118026
-3.1563363,-1.2070899,10.266401,67118226
-3.02955,-1.2922627,10.235266,67118426
-2.9695249,-1.2413685,9.75731,67118626
-3.1024485,-1.5307169,10.476414,67118826
-2.9936247,-1.203647,9.698781,67119026
-3.3452435,-1.723516,10.027348,67148427
-3.6769538,-1.6488212,9.926907,67148628
-3.973038,-1.7777033,9.881401,67148828
-4.0285726,-1.7280066,9.77183,67149028
-4.0953336,-1.8318906,9.506432,67149227,Bumper_12+
-3.8803806,-1.850901,9.931547,67149428,Bumper_12+
-3.9031334,-1.8091378,9.835447,67149628,Bumper_12+
-3.328628,-2.0146606,11.167228,67149828,Bumper_12+
-2.4700136,-1.0785072,10.004446,67150027,Bumper_12+
-3.163222,-1.6167879,7.2769675,67150228,Bumper_12+
-3.1240036,-0.84843564,11.691887,67150429,Bumper_12+
-2.52944,-1.9366727,11.247012,67150628,Bumper_12+
-2.6798773,-1.4266832,9.609716,67150828,Bumper_12+
-2.8856993,-1.2668157,9.829309,67151028,Bumper_12+
-2.1830604,-1.5111077,10.203831,67151227,Bumper_12+
-3.265609,-0.9222322,11.00751,67151428,Bumper_12+
-2.364483,-1.9465522,11.390862,67151628,Bumper_12+
-3.1380744,-1.3242961,8.77116,67151828,Bumper_12+
-2.6768835,-1.662892,9.676477,67152028,Bumper_12+
-2.5906627,-1.9910097,11.004665,67152228,Bumper_12+
-2.9633875,-1.4810202,9.689501,67152428,Bumper_12+
-3.0951138,-1.5030245,10.038425,67152628,Bumper_12+
-3.102748,-1.4765296,10.100546,67152827
-3.2323782,-2.0052302,10.054891,67153028
-2.8033705,-1.6784596,9.955049,67153228
-3.1022987,-1.6269667,10.413844,67153428
-2.3340962,-1.7112415,10.001152,67153628
-2.5680597,-1.8447638,10.271939,67153828
-2.317331,-1.7408798,10.042466,67154028
-2.2474265,-1.388812,10.1227,67154228
-2.280358,-1.5055691,10.269694,67154428
-2.237547,-1.502276,10.419533,67154628
-2.237547,-1.502276,10.419533,67154628
-2.007625,-1.2561878,10.194401,67154828
-1.9437081,-1.4290782,10.52626,67155028
-2.1017792,-1.1099418,10.520722,67155228
-2.0809727,-1.4298266,10.643916,67155428
-1.981729,-1.5703844,9.77138,67155627
-2.5761428,-1.5039226,10.657388,67155828
-2.2083578,-1.2825329,10.390343,67156028
-2.2656884,-1.3364209,10.709479,67156229
-2.1722827,-1.4630575,10.280771,67156429
-1.8862276,-1.7827927,9.475745,67156628,Bumper_13+
-2.2832022,-1.9137703,10.76711,67156828,Bumper_13+
-2.6391618,-1.4286292,12.307107,67157028,Bumper_13+
-1.8441651,-1.0820998,7.8206367,67157229,Bumper_13+
-2.6807754,-2.0118165,9.903256,67157429,Bumper_13+
-3.1737003,-1.9926562,11.2357855,67157629,Bumper_13+
-2.240391,-1.8073416,9.527388,67157828,Bumper_13+
-2.944527,-1.4560221,10.458002,67158029,Bumper_13+
-2.7123597,-1.9101777,9.756112,67158229,Bumper_13+
-3.5495687,-1.4057268,9.421108,67158428,Bumper_13+
-2.9210258,-1.4150075,10.289004,67158627,Bumper_13+
-2.7159522,-1.821562,10.235266,67158829
-2.9048593,-1.5096108,10.306368,67159029
-2.1222868,-1.5063176,10.4815035,67159229
-2.210603,-1.5602056,10.084229,67159428
-2.122586,-1.9606229,10.365944,67159629
-2.165397,-1.76483,10.059831,67159828
-2.3767576,-1.7998571,10.366094,67160028
-2.3969655,-1.9543359,10.499915,67160229
-2.4574397,-1.6690292,10.118359,67160428
-2.3555017,-1.6636405,10.038276,67160629
-1.2654685,-2.7101142,10.206676,68022594
-1.3105247,-2.6126668,10.62266,68022793
-1.429677,-3.0918205,11.075618,68022993
-1.3855188,-2.9867392,9.431138,68023194
-1.4099181,-2.9403355,10.144105,68023393
-1.1328442,-3.18343,9.832154,68023594
-1.0562036,-3.2802787,10.064919,68023794
-1.2252022,-3.7408707,10.611433,68023994
-1.0416838,-3.2931519,9.72827,68024194
-0.032632142,-1.2048445,10.526859,68039794
-0.17259109,-1.3485457,11.164982,68039995,Bumper_14+
0.040715333,-1.0846444,10.528357,68040195,Bumper_14+
-0.540526,-0.94363767,10.768307,68040394,Bumper_14+
-0.52061737,-1.4001883,12.996274,68040595,Bumper_14+
-0.7161108,-0.79320055,7.337292,68040795,Bumper_14+
-0.7680528,-1.8006057,8.99255,68040995,Bumper_14+
-1.3144166,-1.817221,13.285473,68041195,Bumper_14+
-1.0364447,-1.4112653,10.383607,68041394,Bumper_14+
-0.47226793,-1.267115,9.835747,68041595,Bumper_14+
-0.9635463,-1.0734178,11.632011,68041795,Bumper_14+
-1.0313553,-1.2210109,10.0450115,68041995,Bumper_14+
-2.107318,-1.6188835,9.97331,68042194,Bumper_14+
-1.8086888,-1.7401314,11.044184,68042394,Bumper_14+
-1.8464104,-1.541195,10.145303,68042594,Bumper_14+
-2.379452,-1.4702426,9.956245,68042794
-2.0932472,-1.5287709,10.336755,68042995
-2.1085153,-1.723965,10.825488,68043195
-2.1724324,-1.6405884,9.8254175,68043394
-1.9673588,-1.5379019,10.150243,68043595
-1.986519,-1.8688637,10.49767,68043795
-2.0466938,-1.5028747,10.213411,68043995
-1.9505937,-1.6387922,10.304871,68044195
-2.0862117,-1.832639,10.053693,68044396
-2.1389022,-1.6922309,10.023605,68044595
-2.0083735,-1.9699036,10.187216,68044795
-2.1481829,-1.8299446,10.255175,68044995
-2.184108,-1.8262024,10.774744,68045195
-2.1625528,-1.7516574,10.018217,68045394
-2.2146447,-1.9014958,10.610536,68045595
-1.9739451,-1.900897,10.066716,68045795
-2.2811065,-1.8038988,10.012379,68045995
-2.131717,-1.6179854,10.610086,68046195
-2.0767813,-1.8606308,10.14201,68046396
-0.19429596,-1.6069084,10.981613,68050794
-0.33141083,-1.5534695,10.333761,68050995,Bumper_15+
-0.2174977,-1.9038908,11.141931,68051195,Bumper_15+
-0.0067359926,-1.676364,12.337644,68051394,Bumper_15+
-0.22887406,-1.2448114,9.480685,68051595,Bumper_15+
-1.7074993,-1.7338444,7.0009413,68051795,Bumper_15+
-2.0752845,-2.1963825,11.8002615,68051995,Bumper_15+
-2.0715423,-2.084715,11.345357,68052195,Bumper_15+
-2.301464,-2.0228934,9.556726,68052395,Bumper_15+
-2.5962012,-1.9977456,10.289902,68052595,Bumper_15+
-2.5192611,-2.2632935,9.86269,68052795,Bumper_15+
-2.0616627,-2.224524,10.033186,68052995,Bumper_15+
-2.6393116,-1.69268,10.244696,68053195,Bumper_15+
-1.5872992,-2.2526655,10.963351,68053394,Bumper_15+
-2.6643095,-2.272125,9.591604,68053595,Bumper_15+
-2.8517199,-1.8300943,10.070758,68053795,Bumper_15+
-2.36598,-2.1189935,10.32433,68053995,Bumper_15+
-3.5468743,-2.1935384,9.507778,68054195,Bumper_15+
-2.9045599,-2.1802163,10.306068,68054397,Bumper_15+
-3.152594,-2.2011726,9.768686,68054594,Bumper_15+
-3.319048,-2.0553758,9.928104,68054795,Bumper_15+
-2.7946885,-2.1327648,10.303374,68054994,Bumper_15+
-3.167563,-2.3454726,10.087822,68055195,Bumper_15+
-3.2828233,-1.7956659,9.986034,68055396,Bumper_15+
-1.8321899,-2.0651057,10.033785,68055595,Bumper_15+
-1.8700612,-1.8491048,10.494677,68055795,Bumper_15+
-1.5723304,-1.9811302,10.528805,68055995,Bumper_15+
-1.5295193,-1.7272582,10.206226,68056194,Bumper_15+
-1.7762064,-1.8155745,10.479109,68056395,Bumper_15+
-1.8146764,-1.997596,10.292297,68056595,Bumper_15+
-2.188898,-2.047592,9.92571,68056795,Bumper_15+
-2.395319,-2.0838168,10.56982,68056995,Bumper_15+
-2.5158184,-2.0103195,9.975106,68057195,Bumper_15+
-2.5670118,-2.0969894,10.028995,68057395,Bumper_15+
-2.346221,-2.1007316,10.059082,68057595,Bumper_15+
-2.6200018,-2.1553679,10.47836,68057795,Bumper_15+
-2.6002429,-2.0386107,10.01223,68057995,Bumper_15+
-2.3831942,-2.073039,10.102941,68058195,Bumper_15+
-2.8937824,-2.1733305,9.80012,68058395,Bumper_15+
-2.708318,-2.1002824,10.052047,68058595
-2.667453,-2.2361999,10.308463,68058795
-2.7369087,-2.1215382,9.976903,68058995
-2.653981,-2.1402493,10.021061,68059195
-2.5560846,-2.0862117,10.064919,68059395
-2.609224,-2.1110601,10.1719475,68059595
-2.5325835,-1.893712,10.229279,68059795
-2.5969496,-2.0068767,9.652827,68059994
-2.6173072,-1.9543359,10.383158,68060195
-2.4221132,-1.6932788,10.365345,68060394
-1.4708414,-1.5727794,10.610086,69104999
-1.6110997,-1.6564554,10.091864,69105199
-1.6157401,-1.2966037,10.188712,69105399
-1.599424,-1.6886384,10.760822,69105599
-1.18299,-1.2901671,10.124047,69105799
-1.6275655,-1.0852432,10.722203,69105998
-1.751358,-1.4814693,9.999506,69106199
-1.8760487,-1.5326629,10.446476,69106399
-1.9200572,-1.1942166,10.344239,69106598
0.082927555,-0.8937914,10.265952,69148801
-0.41478744,-0.8981323,10.889405,69149000,Bumper_16+
-0.7595206,-1.1684701,10.679392,69149201,Bumper_16+
-0.5876779,-1.0401869,10.69451,69149402,Bumper_16+
-0.6686595,-0.9922865,10.580748,69149601,Bumper_16+
0.09624985,-0.6197113,11.482173,69149801,Bumper_16+
-0.6477031,-1.6845969,8.625962,69150001,Bumper_16+
-1.7061521,-0.5164261,11.971355,69150201,Bumper_16+
-1.0130932,-1.0728191,10.678195,69150400,Bumper_16+
-0.9889934,-0.84484315,9.993668,69150601,Bumper_16+
-1.246907,-1.321452,11.279345,69150801,Bumper_16+
-1.4139596,-1.6500188,10.614128,69151001,Bumper_16+
-2.3400838,-1.3347744,9.393416,69151201,Bumper_16+
-1.5898439,-1.5287709,11.0581045,69151400,Bumper_16+
-2.2444327,-1.375789,10.103839,69151600,Bumper_16+
-2.1076171,-1.6389418,10.225835,69151801,Bumper_16+
-2.1661456,-1.6459771,10.08887,69152001,Bumper_16+
-1.7808467,-1.607058,10.69496,69152201,Bumper_16+
-1.4724879,-1.4801221,9.97331,69152400,Bumper_16+
-1.4432987,-1.4976356,10.366243,69152601,Bumper_16+
-1.3078303,-1.145418,10.152937,69152801,Bumper_16+
-1.387315,-1.3921051,10.393637,69153001
-1.3088782,-1.6088544,10.98311,69153201
-1.3792319,-1.4820681,10.246193,69153400
-1.0819501,-1.2981006,10.623708,69153601
-0.77838135,-1.2225078,11.006163,69153801
-0.5960605,-1.3692027,10.723999,69154001
-0.68767,-1.2564871,10.7478,69154200
-1.096919,-1.3964461,10.452614,69154401
-1.1575428,-1.5073655,10.52656,69154601
-0.9035211,-1.4853612,10.305619,69154801
