-1.5890955,-0.60773623,10.704091,66235580
-1.5223343,-0.5640271,10.073602,66235780
-1.479224,-0.45834687,10.85363,66235980
-1.5434403,-0.61372375,11.007211,66236180
-1.8541942,-0.49606842,10.029444,66236380
-2.3980134,-0.39428008,10.897788,66236580
-2.7735822,-0.7337741,9.786649,66236779
-2.3915768,-0.934357,10.171049,66236980
-2.5773404,-0.57899594,10.344988,66237180
-2.7497818,-0.3210823,10.832074,66358984
-2.7819648,-0.51433045,9.932146,66359184,BusyRoad_1+
-2.7614574,-0.45191026,10.662627,66359385,BusyRoad_1+
-2.7849586,-0.53304154,9.806258,66359584,BusyRoad_1+
-2.8012748,-0.4099974,10.691816,66359784,BusyRoad_1+
-2.7521768,-0.33066237,9.875863,66359984,BusyRoad_1+
-2.4574397,-0.2945874,10.888956,66360184,BusyRoad_1+
-2.0200493,-0.19175126,9.890083,66360385,BusyRoad_1+
-2.3623874,-0.39622605,10.813812,66360584,BusyRoad_1+
-2.6207502,-0.43813887,10.058633,66360784,BusyRoad_1+
-2.887645,-0.5017566,10.756183,66360984,BusyRoad_1+
-2.5569828,-0.16615447,10.1156645,66361184,BusyRoad_1+
-2.5444088,-0.105680235,10.183174,66361386,BusyRoad_1+
-2.7283764,-0.26524842,9.919572,66361584,BusyRoad_1+
-2.4789948,-0.28485763,10.3319645,66361784,BusyRoad_1+
-2.897824,-0.35416353,10.33885,66361984,BusyRoad_1+
-2.775678,-0.09131012,10.089768,66362184,BusyRoad_1+
-2.889591,-0.27512786,11.037598,66362387,BusyRoad_1+
-2.889142,-0.21210891,9.472602,66362584,BusyRoad_1+
-2.8648925,-0.34024248,10.617721,66362785,BusyRoad_1+
-2.7421477,-0.16944763,9.936188,66362984,BusyRoad_1+
-2.8032207,-0.10837463,10.023307,66363184,BusyRoad_1+
-2.8678863,-0.20731887,10.523267,66363386,BusyRoad_1+
-2.9362938,-0.20567231,10.535242,66363585,BusyRoad_1+
-2.9568014,-0.40041733,10.115814,66363785,BusyRoad_1+
-2.9075537,-0.3329077,9.921818,66363984,BusyRoad_1+
-2.8316615,-0.28066635,9.912986,66364185,BusyRoad_1+
-3.0032048,-0.03517685,10.274035,66364387,BusyRoad_1+
-2.805466,-0.07125183,10.2193985,66364585,BusyRoad_1+
-3.1672637,-0.34578094,10.122999,66364785,BusyRoad_1+
-2.8571086,-0.065264285,10.505454,66364984,BusyRoad_1+
-3.0011091,0.20851639,10.469528,66365183,BusyRoad_1+
-2.9413834,-0.1115181,10.434951,66365385,BusyRoad_1+
-3.1672637,-0.101189576,10.177186,66365585,BusyRoad_1+
-2.782414,-0.14968872,10.002799,66365785,BusyRoad_1+
-2.8325596,-0.23605911,10.34379,66365984
-2.5252488,-0.0597258,10.394684,66366185
-2.513573,-0.25252488,10.492131,66366387
-2.3345454,-0.10074051,10.171199,66366585
-2.408641,-0.014819183,10.5973625,66366785
-2.4153771,-0.10103989,10.656939,66366984
-2.2715263,-0.23590942,10.782678,66367184
-1.9919078,-0.11630814,10.190659,66367386
-2.1155508,-0.088016964,10.5312,66367585
-2.3328986,-0.2547702,10.659184,66367785
-3.2769854,0.29413834,9.472602,66465788
-3.095413,0.33530274,11.331286,66465987
-3.0647268,0.47481263,10.52147,66466188
-1.9766395,-0.038020935,10.553803,66466387
-1.6833993,0.15477814,10.097103,66466587
-1.6705261,0.47765672,10.956615,66466788
-1.6455281,0.39712417,10.778037,66466988
-1.8359321,0.4869374,10.34379,66467188
-1.6155903,0.3995192,10.514435,66467390
-1.4063256,0.45699966,10.682236,66517790
-1.9606229,0.34533188,9.969269,66517990,BusyRoad_2+
-2.1127067,0.12948075,10.073153,66518190,BusyRoad_2+
-2.0330722,0.120349735,10.524165,66518390,BusyRoad_2+
-1.8543439,-0.2336641,9.896819,66518589,BusyRoad_2+
-1.9736458,7.484436E-4,11.289373,66518790,BusyRoad_2+
-1.9645147,-0.122295685,10.02166,66518990,BusyRoad_2+
-2.000889,0.20447479,10.336006,66519190,BusyRoad_2+
-1.561403,0.3966751,10.967543,66519390,BusyRoad_2+
-1.6693286,0.35625917,10.047406,66519590,BusyRoad_2+
-1.6052618,0.359702,10.997181,66519790,BusyRoad_2+
-1.4048287,0.3065625,10.481653,66519990
-1.2895683,0.48798522,10.513836,66520190
-1.2457095,0.28186387,9.914633,66520390
-1.4108162,0.42945695,10.581346,66520590
-1.6658858,0.31629226,10.172996,66520790
-1.7085471,0.3197351,11.3006,66520990
-1.6597486,0.35476226,10.487192,66521190
-1.7024099,0.6629713,11.004216,66521389
-1.5895445,0.59770703,9.51646,66521590
-1.4537768,0.44771898,10.007889,66521790
