-1.6624429,0.3888913,11.338921,66521990
-1.3832735,0.29219237,10.859617,66522190
-1.4319223,0.11855347,10.174791,66522389
-1.2573853,-0.07933502,10.365046,66522590
-1.4720389,-0.12783417,10.808125,66522790
-1.5115567,0.05269043,10.162217,66522990
-1.7690213,0.069455564,11.07487,66523190
-1.7443227,0.023201752,10.618768,66523389
-1.5040723,0.014819183,10.018966,66523590
-0.59531206,-0.64845157,11.064691,66539789
-0.63497955,-0.40430924,10.573861,66539990,Junction_1+
-0.50669634,-0.9380992,10.15144,66540191,Junction_1+
-0.6218069,-0.68243086,11.19971,66540390,Junction_1+
-0.5046007,-0.66910857,10.4268675,66540591,Junction_1+
-0.55893767,-0.5771997,10.729688,66540791,Junction_1+
-0.6816824,-0.5902226,10.9102125,66540990,Junction_1+
-0.41912842,-0.5604346,10.433903,66541191,Junction_1+
-0.50205594,-0.4180806,10.956615,66541390,Junction_1+
-0.5315446,-0.52121615,10.662178,66541590,Junction_1+
-0.5417235,-0.5718109,10.627899,66541791,Junction_1+
-0.5040019,-0.37122804,10.833272,66541990,Junction_1+
-0.38649628,-0.29548553,10.739118,66542191,Junction_1+
-0.37796402,-0.50205594,10.737771,66542390,Junction_1+
-0.24983047,-0.6101312,10.66128,66542590,Junction_1+
-0.20627105,-0.5402266,10.765313,66542791,Junction_1+
-1.2889695,-0.41583526,10.697953,66542990,Junction_1+
-1.3608202,-0.39637575,10.43046,66543191,Junction_1+
-0.93196195,-0.29114455,10.650652,66543391,Junction_1+
-1.1190729,-0.23950195,10.485845,66543590,Junction_1+
-1.0100995,-0.27961853,10.626851,66543790,Junction_1+
-1.1886781,-0.29922774,10.590627,66543990,Junction_1+
-1.002166,-0.25701553,10.666669,66544191,Junction_1+
-1.0380913,-0.2971321,10.596165,66544393,Junction_1+
-1.054108,-0.27512786,10.610985,66544590,Junction_1+
-1.1073972,-0.2776726,10.580298,66544790,Junction_1+
-1.1018586,-0.3079097,10.608589,66544990,Junction_1+
-1.0448272,-0.33679962,10.62266,66545191,Junction_1+
-1.0442286,-0.3161426,10.617571,66545390,Junction_1+
-1.0692265,-0.3198848,10.592124,66545591,Junction_1+
-1.051713,-0.29234207,10.605446,66545790,Junction_1+
-1.065185,-0.30776,10.585836,66545990,Junction_1+
-1.0674303,-0.31284943,10.597961,66546191,Junction_1+
-1.0714718,-0.30192214,10.602452,66546391,Junction_1+
-1.129551,-0.30476624,10.606494,66546591,Junction_1+
-1.0955718,-0.29144394,10.623408,66546791,Junction_1+
-1.1044034,-0.2944377,10.593171,66546990,Junction_1+
-1.0686278,-0.2906955,10.581944,66547191,Junction_1+
-1.1033555,-0.31135255,10.579101,66547390,Junction_1+
-1.0798545,-0.3305127,10.606793,66547590,Junction_1+
-1.0913805,-0.3156935,10.63239,66547790,Junction_1+
-1.0594968,-0.31808853,10.621163,66547990,Junction_1+
-1.0901829,-0.316891,10.599159,66548190,Junction_1+
-1.0828482,-0.2906955,10.58434,66548390,Junction_1+
-1.1487112,-0.28874955,10.574011,66548591,Junction_1+
-1.1144326,-0.30461654,10.597063,66548791,Junction_1+
-1.0963202,-0.29548553,10.606494,66548991,Junction_1+
-1.0909314,-0.28830048,10.609338,66549191,Junction_1+
-1.0936258,-0.27617568,10.597213,66549391,Junction_1+
-1.1126362,-0.28231293,10.582394,66549591,Junction_1+
-1.0982661,-0.28156447,10.580448,66549791,Junction_1+
-1.1048524,-0.2933899,10.599758,66549991,Junction_1+
-1.1274555,-0.2944377,10.636132,66550191,Junction_1+
-1.1178753,-0.30686188,10.631342,66550390,Junction_1+
-1.0392888,-0.2776726,10.606943,66550591,Junction_1+
-1.0976673,-0.28889924,10.575209,66550791,Junction_1+
-1.1099418,-0.2933899,10.555,66550991,Junction_1+
-1.0957215,-0.2812651,10.582244,66551191,Junction_1+
-1.1035053,-0.2945874,10.614876,66551391,Junction_1+
-1.1183244,-0.2933899,10.628049,66551591,Junction_1+
-1.0647359,-0.27288255,10.603949,66551791,Junction_1+
-1.0823991,-0.26075774,10.583591,66551991,Junction_1+
-1.1066487,-0.26734406,10.5780525,66552191,Junction_1+
-1.1198213,-0.27662477,10.575508,66552392,Junction_1+
-1.0353969,-0.31165192,10.583292,66552591,Junction_1+
-1.0800041,-0.31195128,10.608589,66552791,Junction_1+
-1.1319461,-0.29144394,10.64167,66552991,Junction_1+
-1.1005114,-0.27662477,10.626552,66553191,Junction_1+
-1.0909314,-0.2836601,10.591226,66553391,Junction_1+
-1.093027,-0.27408004,10.557995,66553591,Junction_1+
-1.0469229,-0.27018815,10.572814,66553791,Junction_1+
-1.0327024,-0.27557695,10.5924225,66553991,Junction_1+
-1.0856923,-0.24833359,10.636581,66554191,Junction_1+
-1.131048,-0.255818,10.647059,66554392,Junction_1+
-1.127156,-0.25641677,10.606793,66554591,Junction_1+
-1.0892848,-0.25297394,10.573563,66554791,Junction_1+
-1.1045531,-0.25312364,10.572365,66554991,Junction_1+
-1.0713222,-0.2749782,10.603351,66555191,Junction_1+
-1.0850935,-0.29533586,10.600506,66555391,Junction_1+
-1.1114388,-0.29503646,10.631791,66555591,Junction_1+
-1.060844,-0.27153534,10.618768,66555791,Junction_1+
-1.049767,-0.25806335,10.596016,66555991,Junction_1+
-1.1204201,-0.25701553,10.583891,66556191,Junction_1+
-1.1177257,-0.25776398,10.559641,66556392,Junction_1+
-1.0768607,-0.260159,10.572515,66556590,Junction_1+
-1.1117381,-0.25042924,10.644365,66556791,Junction_1+
-1.0916798,-0.21300705,10.628947,66556991,Junction_1+
-1.1180251,-0.21330643,10.612481,66557191,Junction_1+
-1.1253598,-0.22094055,10.597063,66557391,Junction_1+
-1.1615845,-0.24653733,10.566078,66557591,Junction_1+
-1.1283536,-0.26704466,10.555749,66557791,Junction_1+
-1.2268487,-0.28455827,10.587933,66557991,Junction_1+
-1.3425581,-0.2839595,10.5553,66558191,Junction_1+
-1.2418176,-0.30401778,10.596913,66558390,Junction_1+
-1.023272,-0.19489472,10.646461,66558591,Junction_1+
-0.8728349,-0.10807525,10.63718,66558791,Junction_1+
-0.929567,-0.066012725,10.604248,66558991,Junction_1+
-1.1308982,-0.061821442,10.562186,66559191,Junction_1+
-1.3352234,-0.20731887,10.533296,66559392,Junction_1+
-1.4069242,-0.35206786,10.559641,66559591,Junction_1+
-1.3847704,-0.33530274,10.554402,66559791,Junction_1+
-1.367107,-0.19743942,10.587933,66559991,Junction_1+
-1.4066249,-0.13427079,10.570718,66560191,Junction_1+
-1.4406042,-0.124541014,10.539583,66560390,Junction_1+
-1.4925462,-0.1459465,10.530901,66560591,Junction_1+
-1.522484,-0.12484039,10.528207,66560791,Junction_1+
-1.5640974,-0.14220428,10.52656,66560991,Junction_1+
-1.5976278,-0.11780503,10.524015,66561191,Junction_1+
-1.6323555,-0.05254074,10.556348,66561390,Junction_1+
-1.6395406,0.0029937744,10.512789,66561591,Junction_1+
-1.6208295,0.020657044,10.530302,66561791,Junction_1+
-1.6962726,0.004191284,10.513388,66561991,Junction_1+
-1.7883312,0.013921051,10.495574,66562191,Junction_1+
-1.8200651,-0.026195526,10.465786,66562390,Junction_1+
-1.9541862,-0.033081207,10.471475,66562591,Junction_1+
-1.9640657,-0.005388794,10.487042,66562791,Junction_1+
-2.021247,-0.015268249,10.490036,66562991,Junction_1+
-1.9761904,0.00943039,10.466834,66563191,Junction_1+
-1.995201,0.010178833,10.460847,66563391,Junction_1+
-1.9938538,-0.04326004,10.45396,66563591,Junction_1+
-2.0359163,-0.066761166,10.438394,66563791,Junction_1+
-2.0103195,-0.07214996,10.419982,66563991,Junction_1+
-1.9398161,-0.0782872,10.472223,66564191,Junction_1+
-1.8675165,-0.084125064,10.501113,66564391,Junction_1+
-1.7748592,-0.07574249,10.503058,66564591,Junction_1+
-1.7443227,-0.12828323,10.519525,66564791,Junction_1+
-1.7562977,-0.1791774,10.524165,66564991,Junction_1+
-1.7739611,-0.25042924,10.4919815,66565191,Junction_1+
-1.7742604,-0.2615062,10.488539,66565391,Junction_1+
-1.7805474,-0.24698639,10.485545,66565592,Junction_1+
-1.7890795,-0.20716919,10.485545,66565791,Junction_1+
-1.7997075,-0.16645385,10.500215,66565991,Junction_1+
-1.7901274,-0.15852036,10.520722,66566191,Junction_1+
-1.8461109,-0.13322297,10.49797,66566391,Junction_1+
-1.8666184,-0.16480727,10.490335,66566591,Junction_1+
-1.8501526,-0.17304017,10.453662,66566791,Junction_1+
-1.8309925,-0.16121475,10.466834,66566991,Junction_1+
-1.7851877,-0.14953904,10.468331,66567191,Junction_1+
-1.7413288,-0.13876145,10.512489,66567391,Junction_1+
-1.6923807,-0.12888199,10.534344,66567591,Junction_1+
-1.669628,-0.12064911,10.54078,66567791,Junction_1+
-1.697021,-0.11466156,10.511741,66567991,Junction_1+
-1.6405884,-0.09355545,10.516232,66568191,Junction_1+
-1.64463,-0.09759705,10.517578,66568390,Junction_1+
-1.7178278,-0.04086502,10.515633,66568591,Junction_1+
-1.7034576,0.002694397,10.545271,66568791,Junction_1+
-1.6440312,-0.018411713,10.513537,66568991,Junction_1+
-1.6736696,-0.03278183,10.517578,66569192,Junction_1+
-1.6875906,-0.0124241635,10.495873,66569391,Junction_1+
-1.68789,-0.011076965,10.524015,66569591,Junction_1+
-1.7762064,0.06346802,10.44498,66569791,Junction_1+
-1.8606308,0.064216465,10.520872,66569991,Junction_1+
-1.7539028,0.09580078,10.518327,66570191,Junction_1+
-1.8268012,0.100291446,10.525362,66570391,Junction_1+
-1.789379,0.121547244,10.509047,66570591,Junction_1+
-1.7107924,0.11406281,10.4833,66570791,Junction_1+
-1.6940273,0.13442047,10.530302,66570991,Junction_1+
-1.7339941,0.20896545,10.509795,66571191,Junction_1+
-1.7964144,0.20013382,10.523866,66571391,Junction_1+
-1.812431,0.19998413,10.503807,66571592,Junction_1+
-1.8344352,0.22408402,10.485695,66571791,Junction_1+
-1.850452,0.16480727,10.466984,66571991,Junction_1+
-1.7744101,0.18785934,10.481204,66572191,Junction_1+
-1.7922231,0.19429596,10.51189,66572391,Junction_1+
-1.7619859,0.17453705,10.524165,66572592,Junction_1+
-1.7721648,0.18426682,10.527907,66572792,Junction_1+
-1.7592915,0.21076173,10.4936285,66572991,Junction_1+
-1.7702188,0.19294876,10.48779,66573191,Junction_1+
-1.7714163,0.2161505,10.494976,66573391,Junction_1+
-1.7844392,0.22977218,10.506501,66573591,Junction_1+
-1.8041981,0.2323169,10.507549,66573792,Junction_1+
-1.7881814,0.23965164,10.508448,66573991,Junction_1+
-1.7926722,0.22782624,10.487342,66574192,Junction_1+
-1.8094373,0.23171814,10.468631,66574391,Junction_1+
-1.8101857,0.20716919,10.453063,66574592,Junction_1+
-1.8074913,0.20836669,10.496173,66574792,Junction_1+
-1.8034497,0.21106109,10.527608,66574991,Junction_1+
-1.8067429,0.21794678,10.52177,66575192,Junction_1+
-1.805246,0.22064118,10.51728,66575391,Junction_1+
-1.8182689,0.23186783,10.469378,66575592,Junction_1+
-1.8035994,0.1844165,10.47342,66575792,Junction_1+
-1.8019528,0.20701951,10.489287,66575991,Junction_1+
-1.8074913,0.22932312,10.515932,66576192,Junction_1+
-1.798959,0.22183868,10.522518,66576391,Junction_1+
-1.8133292,0.20941453,10.498419,66576592,Junction_1+
-1.8016534,0.21989273,10.47866,66576791,Junction_1+
-1.7955163,0.1857637,10.460098,66576991,Junction_1+
-1.8166223,0.19594254,10.466535,66577192,Junction_1+
-1.7645307,0.17274079,10.487192,66577393,Junction_1+
-1.8040484,0.1751358,10.534793,66577591,Junction_1+
-1.8000069,0.2136058,10.525212,66577791,Junction_1+
-1.7914746,0.22947282,10.498867,66577991,Junction_1+
-1.8038988,0.21330643,10.4836,66578192,Junction_1+
-1.8031503,0.21450394,10.479708,66578391,Junction_1+
-1.8285974,0.22213806,10.490335,66578591,Junction_1+
-1.8368303,0.22977218,10.509945,66578792,Junction_1+
-1.8250049,0.23950195,10.506651,66578991,Junction_1+
-1.8272502,0.23082,10.484946,66579191,Junction_1+
-1.7895286,0.20776795,10.482402,66579393,Junction_1+
-1.8196161,0.1884581,10.4726715,66579592,Junction_1+
-1.7815951,0.1896556,10.480007,66579792,Junction_1+
-1.8059944,0.18995498,10.51698,66579991,Junction_1+
-1.8220111,0.19070344,10.538385,66580192,Junction_1+
-1.7940193,0.20851639,10.530901,66580391,Junction_1+
-1.771566,0.2201921,10.493928,66580592,Junction_1+
-1.7973125,0.21180955,10.491383,66580792,Junction_1+
-1.801354,0.21570145,10.481953,66580992,Junction_1+
-1.8119819,0.2323169,10.496173,66581192,Junction_1+
-1.8049465,0.22588028,10.51189,66581392,Junction_1+
-1.7655785,0.22393432,10.5201235,66581592,Junction_1+
-1.8130298,0.24249573,10.479558,66581792,Junction_1+
-1.7839901,0.19743942,10.475816,66581992,Junction_1+
-1.8214123,0.22064118,10.467283,66582191,Junction_1+
-1.8097366,0.21869522,10.494976,66582391,Junction_1+
-1.8127304,0.21091141,10.511142,66582592,Junction_1+
-1.7991087,0.20836669,10.539583,66582792,Junction_1+
-1.8220111,0.22647904,10.500215,66582991,Junction_1+
-1.8390756,0.21121079,10.472373,66583192,Junction_1+
-1.8395247,0.19564316,10.470876,66583391,Junction_1+
-1.8567389,0.18681152,10.472821,66583592,Junction_1+
-1.8712587,0.1977388,10.5074,66583792,Junction_1+
-1.8541942,0.20133133,10.52656,66583992,Junction_1+
-1.8583854,0.22887406,10.494826,66584192,Junction_1+
-1.7468674,0.20642075,10.484048,66584391,Junction_1+
-1.7705182,0.1803749,10.492281,66584591,Junction_1+
-1.8016534,0.14534774,10.481354,66584792,Junction_1+
-1.8444644,0.13322297,10.488688,66584992,Junction_1+
-1.8696121,0.11181747,10.5234165,66585191,Junction_1+
-1.8712587,0.11076965,10.52147,66585392,Junction_1+
-1.8806891,0.119002536,10.480755,66585592,Junction_1+
-1.8794916,0.07454498,10.470277,66585792,Junction_1+
-1.9227517,0.05029541,10.460398,66585991,Junction_1+
-1.8871257,0.05463638,10.500664,66586191,Junction_1+
-1.900448,0.05254074,10.498269,66586392,Junction_1+
-1.8200651,0.04326004,10.512639,66586592,Junction_1+
-1.890868,0.083975375,10.480156,66586792,Junction_1+
-1.8769469,0.064815216,10.479259,66586992,Junction_1+
-1.8946102,0.07813751,10.449171,66587192,Junction_1+
-1.8500029,0.05748047,10.4687805,66587392,Junction_1+
-1.850901,0.0583786,10.48764,66587592,Junction_1+
-1.819167,0.08083191,10.543176,66587792,Junction_1+
-1.8058448,0.08068222,10.539583,66587992,Junction_1+
-1.7729132,0.1194516,10.514285,66588192,Junction_1+
-1.8155745,0.15462846,10.496023,66588392,Junction_1+
-1.8688637,0.12169693,10.466684,66588592,Junction_1+
-1.9633173,0.09834549,10.4592,66588792,Junction_1+
-2.068249,0.09041199,10.4566555,66588992,Junction_1+
-2.065405,0.09744736,10.461595,66589192,Junction_1+
-2.1094134,0.082927555,10.460697,66589391,Junction_1+
-2.11585,-0.010178833,10.445728,66589592,Junction_1+
-2.1745281,-0.07933502,10.417736,66589792,Junction_1+
-2.3234682,-0.11765534,10.38241,66589992,Junction_1+
-2.4522007,-0.124541014,10.344688,66590191,Junction_1+
-2.3424788,0.04580475,10.385853,66590391,Junction_1+
-2.3372397,0.083526306,10.406659,66590591,Junction_1+
-2.3492148,0.053438872,10.423724,66590792,Junction_1+
-2.3770568,0.032183073,10.380763,66590991,Junction_1+
-2.382745,0.046253815,10.402468,66591192,Junction_1+
-2.314038,0.0875679,10.391091,66591392,Junction_1+
-2.326013,0.09235794,10.399774,66591591,Junction_1+
-2.237098,0.10912308,10.380314,66591792,Junction_1+
-2.2815554,0.160616,10.393637,66591992,Junction_1+
-2.307302,0.14280304,10.405013,66592192,Junction_1+
-2.270179,0.14923966,10.41594,66592392,Junction_1+
-2.2861958,0.15717316,10.407258,66592592,Junction_1+
-2.3026617,0.1445993,10.373279,66592792,Junction_1+
-2.3049068,0.12648697,10.345436,66592992,Junction_1+
-2.2917342,0.119002536,10.380014,66593191,Junction_1+
-2.3049068,0.10538086,10.410102,66593391,Junction_1+
-2.3037095,0.081580356,10.424023,66593592,Junction_1+
-2.3189776,0.11840378,10.413694,66593792,Junction_1+
-2.317331,0.12918137,10.394085,66593992,Junction_1+
-2.3090982,0.11585907,10.376272,66594191,Junction_1+
-2.2992187,0.12963043,10.375225,66594392,Junction_1+
-2.2972727,0.123642884,10.372231,66594592,Junction_1+
-2.2872436,0.13786331,10.418934,66594792,Junction_1+
-2.3028114,0.1594185,10.413694,66594992,Junction_1+
-2.3107448,0.16435821,10.389595,66595192,Junction_1+
-2.2920337,0.13636643,10.383607,66595392,Junction_1+
-2.2897882,0.1579216,10.384056,66595592,Junction_1+
-2.3007157,0.14010864,10.385853,66595792,Junction_1+
-2.303859,0.15298188,10.405761,66595992,Junction_1+
-2.3022125,0.14444962,10.424771,66596192,Junction_1+
-2.2833517,0.16435821,10.4301605,66596394,Junction_1+
-2.2791605,0.15477814,10.40606,66596592,Junction_1+
-2.2815554,0.13861175,10.399923,66596791,Junction_1+
-2.2903872,0.11765534,10.380913,66596991,Junction_1+
-2.289938,0.123792574,10.388846,66597191,Junction_1+
-2.2923331,0.12903167,10.405761,66597392,Junction_1+
-2.2863455,0.13067825,10.421329,66597591,Junction_1+
-2.2685325,0.16375946,10.419982,66597792,Junction_1+
-2.2725742,0.13980927,10.402019,66597992,Junction_1+
-2.271676,0.13591737,10.379865,66598192,Junction_1+
-2.2817051,0.13217515,10.378668,66598393,Junction_1+
-2.2664368,0.14654526,10.396331,66598592,Junction_1+
-2.2632935,0.15088624,10.430909,66598791,Junction_1+
-2.271676,0.12768447,10.43031,66598992,Junction_1+
-2.2854474,0.1300795,10.40636,66599192,Junction_1+
-2.3017635,0.104931794,10.414593,66599392,Junction_1+
-2.3011646,0.09565109,10.396481,66599592,Junction_1+
-2.2911355,0.08202942,10.392289,66599793,Junction_1+
-2.3011646,0.05733078,10.395283,66599992,Junction_1+
-2.3128405,0.060623933,10.418485,66600192,Junction_1+
-2.316433,0.056582335,10.415491,66600392,Junction_1+
-2.3023622,0.024399262,10.404863,66600592,Junction_1+
-2.3008654,0.029937744,10.390642,66600792,Junction_1+
-2.29383,0.017214203,10.37762,66600992,Junction_1+
-2.2745202,-0.015417938,10.383008,66601191,Junction_1+
-2.2806573,0.011825409,10.393786,66601392,Junction_1+
-2.2869444,0.02335144,10.416987,66601592,Junction_1+
-2.2778132,-0.008831634,10.43974,66601792,Junction_1+
-2.2631438,0.0092807,10.432256,66601992,Junction_1+
-2.2589524,0.003293152,10.42043,66602192,Junction_1+
-2.2406905,-0.022602998,10.3987255,66602393,Junction_1+
-2.2156925,4.4906617E-4,10.401719,66602592,Junction_1+
-2.0438497,-0.045954436,10.433004,66602792,Junction_1+
-1.9360739,-0.024099885,10.480605,66602992,Junction_1+
-1.9317329,0.0071850587,10.516232,66603192,Junction_1+
-1.9856209,0.038020935,10.489587,66603391,Junction_1+
-2.0275338,0.026494903,10.468032,66603592,Junction_1+
-2.0236418,0.046253815,10.466834,66603791,Junction_1+
-1.9649638,0.032931518,10.4638405,66603992,Junction_1+
-1.9097286,0.0583786,10.465337,66604192,Junction_1+
-1.8914666,0.082478486,10.482552,66604392,Junction_1+
-1.8946102,0.065413974,10.505155,66604593,Junction_1+
-1.8952088,0.06915619,10.510842,66604792,Junction_1+
-1.8895208,0.07454498,10.502161,66604992,Junction_1+
-1.8872753,0.061372377,10.476713,66605192,Junction_1+
-1.8899698,0.054037627,10.467732,66605394,Junction_1+
-1.888922,0.058977354,10.469678,66605593,Junction_1+
-1.8998493,0.042960662,10.460697,66605793,Junction_1+
-1.9215541,0.0059875487,10.466385,66605991,Junction_1+
-1.927392,0.052391052,10.508298,66606192,Junction_1+
-1.8977536,0.0398172,10.503508,66606393,Junction_1+
-1.9107765,0.022004241,10.476563,66606593,Junction_1+
-1.9215541,0.015118561,10.479259,66606793,Junction_1+
-1.9023939,0.018411713,10.458451,66606992,Junction_1+
-1.9193088,0.022004241,10.45935,66607193,Junction_1+
-1.9351758,0.041763153,10.469528,66607395,Junction_1+
-1.9437081,0.052840117,10.498269,66607592,Junction_1+
-1.9574794,0.050744478,10.504256,66607793,Junction_1+
-1.9564316,0.048499145,10.481204,66607992,Junction_1+
-1.9529887,0.040266264,10.466235,66608192,Junction_1+
-1.9513421,0.032632142,10.457554,66608393,Junction_1+
-2.0053797,0.03876938,10.441986,66608592,Junction_1+
-2.0426524,0.027542725,10.434502,66608791,Junction_1+
-2.0203485,0.019160157,10.455907,66608992,Junction_1+
-2.0164568,0.031135254,10.477911,66609192,Junction_1+
-2.0118165,0.020507354,10.489138,66609392,Junction_1+
-2.0260367,0.0035925293,10.472373,66609592,Junction_1+
-1.9646645,0.010178833,10.456506,66609792,Junction_1+
-1.9486477,7.484436E-4,10.468929,66609993,Junction_1+
-1.936523,-0.0056881714,10.452764,66610192,Junction_1+
-1.9534378,0.003293152,10.454559,66610392,Junction_1+
-1.9703526,0.007484436,10.47357,66610593,Junction_1+
-1.9660116,0.006586304,10.503208,66610792,Junction_1+
-1.9589763,0.011376343,10.506501,66610992,Junction_1+
-1.9431093,0.019609222,10.475067,66611193,Junction_1+
-1.9431093,0.0052391053,10.460248,66611395,Junction_1+
-1.9601738,0.0034428407,10.460697,66611593,Junction_1+
-1.9574794,0.010178833,10.466085,66611792,Junction_1+
-1.9716998,0.020657044,10.458302,66611992,Junction_1+
-1.9919078,0.015417938,10.453213,66612192,Junction_1+
-1.984573,0.030686188,10.480455,66612392,Junction_1+
-1.9775376,0.0017962647,10.487042,66612592,Junction_1+
-1.9800824,-0.0059875487,10.466984,66612792,Junction_1+
-1.9898121,-0.0038919067,10.451715,66612992,Junction_1+
-1.9938538,0.0014968872,10.447374,66613193,Junction_1+
-1.981729,1.4968873E-4,10.434801,66613392,Junction_1+
-2.006727,0.0092807,10.462942,66613593,Junction_1+
-2.0046313,0.006586304,10.49273,66613792,Junction_1+
-1.9960991,0.020357667,10.504855,66613992,Junction_1+
-1.9947519,0.019309845,10.481953,66614193,Junction_1+
-1.9814296,0.006586304,10.441836,66614392,Junction_1+
-1.9631675,0.012723541,10.444381,66614593,Junction_1+
-1.9645147,0.023201752,10.465038,66614792,Junction_1+
-1.984573,0.008981323,10.46414,66614993,Junction_1+
-1.9787352,0.0055384827,10.503358,66615192,Junction_1+
-1.9902612,0.023201752,10.481054,66615394,Junction_1+
-1.99565,0.0011975098,10.460847,66615593,Junction_1+
-1.9983444,-0.022453308,10.446476,66615793,Junction_1+
-2.011966,-0.017962646,10.4301605,66615993,Junction_1+
-2.0137625,-0.021405486,10.463092,66616192,Junction_1+
-2.0142114,-0.00464035,10.498119,66616393,Junction_1+
-1.9922072,-0.0011975098,10.492131,66616593,Junction_1+
-1.9809805,-0.003742218,10.460697,66616793,Junction_1+
-1.9844234,-8.9813233E-4,10.462643,66616993,Junction_1+
-1.979783,0.0119750975,10.448422,66617193,Junction_1+
-1.9853215,0.0013471985,10.470127,66617393,Junction_1+
-1.986519,0.003293152,10.488389,66617593,Junction_1+
-1.9606229,0.0047900393,10.47866,66617793,Junction_1+
-1.9721489,0.022303618,10.468481,66617993,Junction_1+
-1.9649638,0.003143463,10.46399,66618193,Junction_1+
-1.952839,0.0040415954,10.451416,66618392,Junction_1+
-1.9805315,-0.020956421,10.465786,66618593,Junction_1+
-2.0068767,-0.0086819455,10.469977,66618793,Junction_1+
-2.0157082,-0.0199086,10.489737,66618993,Junction_1+
-2.0029848,-0.0034428407,10.478809,66619193,Junction_1+
-1.9919078,-0.003742218,10.458451,66619396,Junction_1+
-1.9875668,-0.0076341247,10.452614,66619593,Junction_1+
-1.9872675,0.012124786,10.448273,66619793,Junction_1+
-1.9898121,-0.0019459534,10.464739,66619993,Junction_1+
-1.9860699,0.006586304,10.494826,66620193,Junction_1+
-1.9896625,0.021555176,10.480306,66620394,Junction_1+
-1.9820284,0.008831634,10.4621935,66620593,Junction_1+
-1.9815793,-7.484436E-4,10.456057,66620793,Junction_1+
-1.9848725,-0.0055384827,10.431507,66620993,Junction_1+
-1.9996916,-0.012274475,10.452015,66621193,Junction_1+
-2.0089724,-0.0047900393,10.490485,66621394,Junction_1+
-2.0130138,-0.016316071,10.491234,66621593,Junction_1+
-2.0185523,-0.016914826,10.4759655,66621793,Junction_1+
-2.0231926,-0.043709107,10.452764,66621993,Junction_1+
-2.0160077,-0.031883698,10.453213,66622193,Junction_1+
-2.0160077,-0.061222687,10.44004,66622392,Junction_1+
-2.023492,-0.03861969,10.462643,66622593,Junction_1+
-2.0194504,-0.0019459534,10.489437,66622793,Junction_1+
-2.002835,-0.00943039,10.480755,66622993,Junction_1+
-1.9898121,0.0067359926,10.462792,66623193,Junction_1+
-1.9995419,-0.0025447083,10.442136,66623394,Junction_1+
-1.9860699,-0.012274475,10.435399,66623593,Junction_1+
-2.008673,-0.0028440857,10.452764,66623793,Junction_1+
-2.0079246,-0.018112335,10.4919815,66623993,Junction_1+
-1.9907103,0.004939728,10.503058,66624193,Junction_1+
-1.9685564,0.0013471985,10.474917,66624394,Junction_1+
-1.9728973,-0.0029937744,10.464439,66624593,Junction_1+
-1.9871178,-0.0017962647,10.451865,66624793,Junction_1+
-1.997147,-0.030237122,10.447374,66624992,Junction_1+
-2.0285816,-0.025447082,10.48345,66625193,Junction_1+
-2.02454,-0.0047900393,10.503208,66625394,Junction_1+
-2.002835,-0.013921051,10.473869,66625593,Junction_1+
-2.0083735,-0.013471985,10.451715,66625793,Junction_1+
-2.000889,0.003143463,10.450518,66625993,Junction_1+
-1.9987935,-0.019609222,10.445579,66626193,Junction_1+
-2.013912,-0.010328522,10.463242,66626395,Junction_1+
-1.9895128,-0.012573852,10.509346,66626593,Junction_1+
-1.9637663,-0.0034428407,10.508597,66626793,Junction_1+
-1.9806812,-0.008232879,10.478809,66626993,Junction_1+
-1.9588265,0.0034428407,10.458002,66627192,Junction_1+
-1.9489472,-0.018262023,10.448273,66627393,Junction_1+
-1.9155666,-0.039218444,10.480007,66627593,Junction_1+
-1.8606308,-0.032033388,10.481354,66627793,Junction_1+
-1.8179696,-0.13561799,10.51189,66627993,Junction_1+
-1.7757573,-0.20866607,10.538835,66628193,Junction_1+
-1.7405804,-0.30985564,10.513537,66628395,Junction_1+
-1.710493,-0.3835025,10.496772,66628593,Junction_1+
-1.6895366,-0.42182282,10.481953,66628793,Junction_1+
-1.7853373,-0.44247985,10.483749,66628993,Junction_1+
-1.7675244,-0.45610154,10.512789,66629193,Junction_1+
-1.739832,-0.4778064,10.533895,66629393,Junction_1+
-1.7045054,-0.4761598,10.522818,66629593,Junction_1+
-1.7320482,-0.49457154,10.502759,66629793,Junction_1+
-1.7028589,-0.49951127,10.491682,66629993,Junction_1+
-1.7338444,-0.5300478,10.453812,66630193,Junction_1+
-1.755699,-0.513582,10.490785,66630393,Junction_1+
-1.6992663,-0.5053491,10.530901,66630592,Junction_1+
-1.6283139,-0.5090913,10.539134,66630793,Junction_1+
-1.6119978,-0.5213658,10.520273,66630992,Junction_1+
-1.6069084,-0.5132826,10.499466,66631193,Junction_1+
-1.6263679,-0.49412248,10.494377,66631397,Junction_1+
-1.6049625,-0.50490004,10.493479,66631593,Junction_1+
-1.5864011,-0.50070876,10.546319,66631793,Junction_1+
-1.5471826,-0.4656816,10.575059,66631993,Junction_1+
-1.4467415,-0.49442184,10.585687,66632193,Junction_1+
-1.4849122,-0.4791536,10.553354,66632395,Junction_1+
-1.5141014,-0.48005173,10.535242,66632593,Junction_1+
-1.4904506,-0.47286665,10.509196,66632793,Junction_1+
-1.4533278,-0.46807662,10.560539,66632992,Junction_1+
-1.4687457,-0.45235932,10.578951,66633193,Junction_1+
-1.4874568,-0.47047165,10.560539,66633393,Junction_1+
-1.5073655,-0.4617897,10.5570965,66633593,Junction_1+
-1.5081139,-0.47750703,10.509196,66633793,Junction_1+
-1.5082636,-0.47990203,10.499466,66633992,Junction_1+
-1.5135026,-0.4845424,10.519824,66634193,Junction_1+
-1.529669,-0.4830455,10.535092,66634393,Junction_1+
-1.5362554,-0.49097902,10.580598,66634593,Junction_1+
-1.5147002,-0.48843428,10.556797,66634793,Junction_1+
-1.5245796,-0.5031038,10.544073,66634993,Junction_1+
-1.5567627,-0.49651748,10.530003,66635193,Junction_1+
-1.5480808,-0.4926256,10.514135,66635393,Junction_1+
-1.5467335,-0.4950206,10.513836,66635594,Junction_1+
-1.556613,-0.47660887,10.529703,66635794,Junction_1+
-1.5440391,-0.49023056,10.562485,66635993,Junction_1+
-1.5432907,-0.4872368,10.559641,66636193,Junction_1+
-1.5458354,-0.46777725,10.537487,66636392,Junction_1+
-1.5422429,-0.49382308,10.5184765,66636593,Junction_1+
-1.49075,-0.5105882,10.515034,66636794,Junction_1+
-1.4482384,-0.50490004,10.509945,66636994,Junction_1+
-1.4720389,-0.5040019,10.522069,66637193,Junction_1+
-1.5765216,-0.48484176,10.482851,66637397,Junction_1+
-1.5382013,-0.51013917,10.569072,66637593,Junction_1+
-1.5742763,-0.5093907,10.5620365,66637794,Junction_1+
-1.5341597,-0.49097902,10.585537,66637992,Junction_1+
-1.5539186,-0.4948709,10.5322485,66638193,Junction_1+
-1.542692,-0.48648834,10.544822,66638395,Junction_1+
-1.5649955,-0.5096901,10.504855,66638593,Junction_1+
-1.556613,-0.51208514,10.4936285,66638794,Junction_1+
-1.5661931,-0.4778064,10.477911,66638993,Junction_1+
-1.5678396,-0.49008086,10.5041065,66639193,Junction_1+
-1.5429913,-0.4975653,10.537637,66639397,Junction_1+
-1.5501764,-0.50609756,10.5675745,66639594,Junction_1+
-1.5371535,-0.4896318,10.572065,66639794,Junction_1+
-1.547482,-0.4790039,10.543774,66639993,Junction_1+
-1.5376025,-0.48094985,10.547367,66640193,Junction_1+
-1.5467335,-0.5062473,10.517728,66640395,Junction_1+
-1.5545174,-0.50894165,10.493329,66640594,Junction_1+
-1.5581099,-0.49052992,10.492431,66640793,Junction_1+
-1.57248,-0.49981064,10.510992,66640993,Junction_1+
-1.5584092,-0.5041516,10.543625,66641193,Junction_1+
-1.5491285,-0.51567763,10.579849,66641397,Junction_1+
-1.5420932,-0.5034032,10.578502,66641593,Junction_1+
-1.5386504,-0.48903304,10.561438,66641794,Junction_1+
-1.5377523,-0.47556105,10.538385,66641994,Junction_1+
-1.5492783,-0.5071454,10.51728,66642194,Junction_1+
-1.5516733,-0.50385225,10.516232,66642395,Junction_1+
-1.5669415,-0.50490004,10.506203,66642594,Junction_1+
-1.5576608,-0.49202684,10.488539,66642794,Junction_1+
-1.5579602,-0.4816983,10.523267,66642994,Junction_1+
-1.5548167,-0.4936734,10.547965,66643194,Junction_1+
-1.5500267,-0.5095404,10.569072,66643397,Junction_1+
-1.5464342,-0.48529083,10.560988,66643594,Junction_1+
-1.5429913,-0.48244676,10.5553,66643794,Junction_1+
-1.5380516,-0.4764592,10.544073,66643994,Junction_1+
-1.5356566,-0.49427214,10.517878,66644194,Junction_1+
-1.5575111,-0.5019063,10.5057535,66644394,Junction_1+
-1.5536193,-0.5107379,10.494078,66644594,Junction_1+
-1.5624509,-0.5028044,10.490934,66644794,Junction_1+
-1.561403,-0.48873368,10.52147,66644994,Junction_1+
-1.5491285,-0.50130755,10.54078,66645193,Junction_1+
-1.5293697,-0.52346146,10.568922,66645393,Junction_1+
-1.529669,-0.49621812,10.577305,66645593,Junction_1+
-1.5346087,-0.4831952,10.560539,66645794,Junction_1+
-1.5256275,-0.48214737,10.542427,66645994,Junction_1+
-1.5346087,-0.49397278,10.53135,66646194,Junction_1+
-1.5401473,-0.50130755,10.519525,66646394,Junction_1+
-1.5429913,-0.50265473,10.501412,66646594,Junction_1+
-1.5593075,-0.48738647,10.4936285,66646794,Junction_1+
-1.5649955,-0.4754114,10.521172,66646994,Junction_1+
-1.5414945,-0.4840933,10.542876,66647194,Junction_1+
-1.5390995,-0.51462984,10.561438,66647394,Junction_1+
-1.53401,-0.48858398,10.571916,66647594,Junction_1+
-1.5591577,-0.47226793,10.554852,66647794,Junction_1+
-1.5432907,-0.47675857,10.537637,66647994,Junction_1+
-1.526825,-0.48918274,10.523866,66648194,Junction_1+
-1.5530205,-0.5113367,10.502311,66648395,Junction_1+
-1.5551162,-0.5161267,10.503208,66648594,Junction_1+
-1.5516733,-0.49681687,10.497221,66648794,Junction_1+
-1.5741266,-0.48738647,10.522818,66648994,Junction_1+
-1.5413448,-0.4948709,10.550211,66649194,Junction_1+
-1.5232325,-0.5122348,10.568922,66649397,Junction_1+
-1.5524217,-0.5119354,10.587483,66649594,Junction_1+
-1.5257771,-0.50205594,10.57955,66649794,Junction_1+
-1.5105089,-0.4805008,10.552007,66649994,Junction_1+
-1.5175443,-0.475112,10.537038,66650194,Junction_1+
-1.5178436,-0.49861312,10.532846,66650394,Junction_1+
-1.5256275,-0.5095404,10.5129385,66650594,Junction_1+
-1.5362554,-0.5053491,10.500963,66650794,Junction_1+
-1.5302678,-0.5005591,10.50725,66650994,Junction_1+
-1.540746,-0.4843927,10.505304,66651194,Junction_1+
-1.5376025,-0.48918274,10.54078,66651396,Junction_1+
-1.52922,-0.4926256,10.551558,66651594,Junction_1+
-1.5170952,-0.49472123,10.556198,66651794,Junction_1+
-1.5199393,-0.49561936,10.577603,66651994,Junction_1+
-1.5200889,-0.47840515,10.564581,66652194,Junction_1+
-1.5242802,-0.4831952,10.541229,66652395,Junction_1+
-1.5161971,-0.48529083,10.535392,66652594,Junction_1+
-1.5123051,-0.49831375,10.5184765,66652794,Junction_1+
-1.5250287,-0.5096901,10.508597,66652994,Junction_1+
-1.5274237,-0.5056485,10.503058,66653194,Junction_1+
-1.5361056,-0.497715,10.506501,66653398,Junction_1+
-1.5349082,-0.49846345,10.509496,66653594,Junction_1+
-1.5350578,-0.48768586,10.524465,66653794,Junction_1+
-1.5437398,-0.49546966,10.535542,66653994,Junction_1+
-1.515299,-0.50579816,10.573711,66654193,Junction_1+
-1.5093113,-0.50609756,10.580598,66654396,Junction_1+
-1.4901512,-0.50235534,10.57446,66654594,Junction_1+
-1.5018269,-0.4926256,10.555,66654794,Junction_1+
-1.517694,-0.48588958,10.535392,66654994,Junction_1+
-1.5040723,-0.48738647,10.530302,66655193,Junction_1+
-1.5147002,-0.49337402,10.529703,66655397,Junction_1+
-1.5266752,-0.497715,10.5008135,66655594,Junction_1+
-1.5438895,-0.49292496,10.505903,66655794,Junction_1+
-1.5323634,-0.48349458,10.501263,66655994,Junction_1+
-1.5322137,-0.48843428,10.513388,66656194,Junction_1+
-1.5194902,-0.48873368,10.537487,66656394,Junction_1+
-1.5245796,-0.4840933,10.547068,66656594,Junction_1+
-1.5167958,-0.49576905,10.554552,66656794,Junction_1+
-1.5118561,-0.49801436,10.566526,66656994,Junction_1+
-1.5126045,-0.48514116,10.559341,66657194,Junction_1+
-1.5082636,-0.47930327,10.56488,66657396,Junction_1+
-1.5084132,-0.49023056,10.529703,66657594,Junction_1+
-1.5299684,-0.49427214,10.524165,66657793,Junction_1+
-1.5208374,-0.50759447,10.515782,66657993,Junction_1+
-1.5257771,-0.5161267,10.507549,66658194,Junction_1+
-1.5163467,-0.51462984,10.519375,66658395,Junction_1+
-1.5419436,-0.51043856,10.50695,66658594,Junction_1+
-1.5441889,-0.50325346,10.537936,66658794,Junction_1+
-1.5561639,-0.4921765,10.529553,66658994,Junction_1+
-1.5425422,-0.48798522,10.55066,66659194,Junction_1+
-1.5364051,-0.51013917,10.556048,66659394,Junction_1+
-1.5328125,-0.52061737,10.573563,66659593,Junction_1+
-1.5404466,-0.5053491,10.567275,66659794,Junction_1+
-1.53401,-0.50011003,10.558743,66659994,Junction_1+
-1.542692,-0.49352372,10.539134,66660193,Junction_1+
-1.522933,-0.48334488,10.547666,66660394,Junction_1+
-1.5212865,-0.49337402,10.516381,66660594,Junction_1+
-1.5212865,-0.51298326,10.515782,66660794,Junction_1+
-1.5338603,-0.51522857,10.511591,66660994,Junction_1+
-1.5420932,-0.5186714,10.511741,66661194,Junction_1+
-1.5444882,-0.51807266,10.509945,66661396,Junction_1+
-1.5353572,-0.48933244,10.538535,66661594,Junction_1+
-1.5435901,-0.484243,10.538685,66661794,Junction_1+
-1.5349082,-0.49157774,10.546319,66661994,Junction_1+
-1.5317646,-0.49127838,10.5620365,66662194,Junction_1+
-1.5286212,-0.5110373,10.560839,66662395,Junction_1+
-1.5368541,-0.5189708,10.54572,66662594,Junction_1+
-1.5393988,-0.5221143,10.543176,66662794,Junction_1+
-1.5405964,-0.5072951,10.532398,66662994,Junction_1+
-1.5413448,-0.49127838,10.533445,66663194,Junction_1+
-1.5408957,-0.4870871,10.544971,66663397,Junction_1+
-1.5395485,-0.49352372,10.52671,66663594,Junction_1+
-1.5346087,-0.49876282,10.52147,66663794,Junction_1+
-1.5405964,-0.513582,10.521022,66663993,Junction_1+
-1.5382013,-0.52480865,10.5289545,66664193,Junction_1+
-1.5416441,-0.5071454,10.528805,66664395,Junction_1+
-1.5341597,-0.4989125,10.535092,66664594,Junction_1+
-1.5373032,-0.49112868,10.529703,66664794,Junction_1+
-1.5262262,-0.4936734,10.556048,66664994,Junction_1+
-1.5256275,-0.5099895,10.571616,66665194,Junction_1+
-1.5244299,-0.51522857,10.564731,66665396,Junction_1+
-1.5313156,-0.52091676,10.566078,66665594,Junction_1+
-1.5241306,-0.52196455,10.570718,66665794,Junction_1+
-1.5304174,-0.5131329,10.557396,66665994,Junction_1+
-1.5350578,-0.4921765,10.538236,66666194,Junction_1+
-1.5283219,-0.481848,10.538385,66666395,Junction_1+
-1.5178436,-0.49157774,10.533745,66666594,Junction_1+
-1.511407,-0.4978647,10.525811,66666794,Junction_1+
-1.5096108,-0.5150789,10.524165,66666994,Junction_1+
-1.5235318,-0.5188211,10.519824,66667194,Junction_1+
-1.5295193,-0.5150789,10.525212,66667396,Junction_1+
-1.5331119,-0.5108876,10.51683,66667595,Junction_1+
-1.5352075,-0.49666718,10.531051,66667795,Junction_1+
-1.5587087,-0.49292496,10.528057,66667994,Junction_1+
-1.5555652,-0.49352372,10.530003,66668194,Junction_1+
-1.5516733,-0.4830455,10.543026,66668396,Junction_1+
-1.5440391,-0.4791536,10.548564,66668594,Junction_1+
-1.5401473,-0.51148635,10.543325,66668794,Junction_1+
-1.5390995,-0.5213658,10.534194,66668994,Junction_1+
-1.5524217,-0.5028044,10.544373,66669195,Junction_1+
-1.5569124,-0.524659,10.534044,66669397,Junction_1+
-1.5621514,-0.5218149,10.527159,66669594,Junction_1+
-1.5747254,-0.50669634,10.5410795,66669795,Junction_1+
-1.5486795,-0.49412248,10.538685,66669994,Junction_1+
-1.5480808,-0.49816406,10.547965,66670195,Junction_1+
-1.5471826,-0.4840933,10.534493,66670396,Junction_1+
-1.5374528,-0.50070876,10.527308,66670595,Junction_1+
-1.5446379,-0.4872368,10.536888,66670795,Junction_1+
-1.5377523,-0.4725673,10.529703,66670994,Junction_1+
-1.5398479,-0.4921765,10.518926,66671195,Junction_1+
-1.5313156,-0.47601014,10.520273,66671394,Junction_1+
-1.5284715,-0.4894821,10.510693,66671594,Junction_1+
-1.5244299,-0.49681687,10.517578,66671794,Junction_1+
-1.531615,-0.4989125,10.519674,66671994,Junction_1+
-1.5269747,-0.5040019,10.515932,66672195,Junction_1+
-1.5241306,-0.51807266,10.508148,66672395,Junction_1+
-1.5347584,-0.5144801,10.507549,66672595,Junction_1+
-1.5402969,-0.5243596,10.518776,66672795,Junction_1+
-1.5578105,-0.5349875,10.492281,66672994,Junction_1+
-1.6610957,-0.53109556,10.489886,66673195,Junction_1+
-1.6081059,-0.52091676,10.5129385,66673396,Junction_1+
-1.6004719,-0.51043856,10.492131,66673595,Junction_1+
-1.5856526,-0.5242099,10.529703,66673795,Junction_1+
-1.5643969,-0.5239105,10.57431,66673994,Junction_1+
-1.5169455,-0.51148635,10.5747595,66674195,Junction_1+
-1.4721886,-0.5047504,10.571466,66674396,Junction_1+
-1.5182927,-0.49816406,10.549762,66674595,Junction_1+
-1.5154486,-0.5144801,10.522069,66674795,Junction_1+
-1.5280224,-0.531844,10.51683,66674995,Junction_1+
-1.5368541,-0.5284012,10.522069,66675195,Junction_1+
-1.5861017,-0.53423905,10.551109,66675396,Junction_1+
-1.5569124,-0.5267546,10.553354,66675595,Junction_1+
-1.4418018,-0.5056485,10.551408,66675795,Junction_1+
-1.4635066,-0.5236111,10.514585,66675995,Junction_1+
-1.4492862,-0.5236111,10.524614,66676195,Junction_1+
-1.4682966,-0.51747394,10.5201235,66676396,Junction_1+
-1.4629079,-0.5185217,10.57431,66676595,Junction_1+
-1.457519,-0.5292993,10.572814,66676795,Junction_1+
-1.4645544,-0.5144801,10.56533,66676995,Junction_1+
-1.4587166,-0.5267546,10.525512,66677195,Junction_1+
-1.4768289,-0.5451663,10.519974,66677397,Junction_1+
-1.4831158,-0.5324428,10.501562,66677595,Junction_1+
-1.4694942,-0.5278024,10.5482645,66677795,Junction_1+
-1.461411,-0.52196455,10.576107,66677995,Junction_1+
-1.45707,-0.5113367,10.567125,66678194,Junction_1+
-1.4828165,-0.5198689,10.54078,66678394,Junction_1+
-1.4920971,-0.54157376,10.519225,66678595,Junction_1+
-1.5069164,-0.53783154,10.488988,66678795,Junction_1+
-1.525328,-0.540526,10.519824,66678994,Junction_1+
-1.5103592,-0.5480104,10.573711,66679195,Junction_1+
-1.5000306,-0.5322931,10.586286,66679394,Junction_1+
-1.4952407,-0.52914965,10.546618,66679595,Junction_1+
-1.5003301,-0.5411247,10.519674,66679795,Junction_1+
-1.5004797,-0.54067564,10.496173,66679995,Junction_1+
-1.5281721,-0.52316207,10.507549,66680195,Junction_1+
-1.4846127,-0.52346146,10.555749,66680395,Junction_1+
-1.4798226,-0.52855086,10.586435,66680595,Junction_1+
-1.4670992,-0.51208514,10.570718,66680795,Junction_1+
-1.4706917,-0.51657575,10.540481,66680994,Junction_1+
-1.4739848,-0.5430707,10.519525,66681195,Junction_1+
-1.4967375,-0.5369334,10.505903,66681397,Junction_1+
-1.5145504,-0.53289187,10.515782,66681595,Junction_1+
-1.5102096,-0.53558624,10.572365,66681795,Junction_1+
-1.4832655,-0.53828067,10.6061945,66681995,Junction_1+
-1.4882053,-0.5170248,10.578202,66682195,Junction_1+
-1.4934443,-0.52316207,10.544971,66682395,Junction_1+
-1.5060182,-0.54471725,10.507998,66682595,Junction_1+
-1.5001804,-0.5269043,10.49303,66682795,Junction_1+
-1.5245796,-0.5306465,10.505005,66682994,Junction_1+
-1.497935,-0.5348378,10.568323,66683195,Junction_1+
-1.486409,-0.51971924,10.587184,66683394,Junction_1+
-1.4886544,-0.5185217,10.564731,66683594,Junction_1+
-1.4977853,-0.5228627,10.541379,66683795,Junction_1+
-1.5061679,-0.5423222,10.50725,66683995,Junction_1+
-1.5178436,-0.5388794,10.49273,66684194,Junction_1+
-1.5299684,-0.5343887,10.532398,66684395,Junction_1+
-1.5203884,-0.5480104,10.582843,66684595,Junction_1+
-1.5040723,-0.54636383,10.599608,66684794,Junction_1+
-1.5148499,-0.53109556,10.561438,66684995,Junction_1+
-1.5215858,-0.5439688,10.52641,66685195,Junction_1+
-1.5379019,-0.5575905,10.502161,66685396,Junction_1+
-1.5486795,-0.5438191,10.483749,66685595,Junction_1+
-1.5373032,-0.5309459,10.522668,66685795,Junction_1+
-1.5302678,-0.54875886,10.569671,66685995,Junction_1+
-1.5112573,-0.5269043,10.585387,66686195,Junction_1+
-1.5232325,-0.52226394,10.563683,66686397,Junction_1+
-1.5196398,-0.5441185,10.516531,66686595,Junction_1+
-1.5382013,-0.5511539,10.490036,66686796,Junction_1+
-1.5537689,-0.53962785,10.490785,66686995,Junction_1+
-1.5437398,-0.54322034,10.541978,66687196,Junction_1+
-1.5199393,-0.5562433,10.588082,66687395,Junction_1+
-1.5118561,-0.53274214,10.576556,66687595,Junction_1+
-1.513353,-0.5376819,10.539284,66687796,Junction_1+
-1.5260766,-0.5528004,10.524015,66687995,Junction_1+
-1.5344591,-0.53828067,10.489437,66688195,Junction_1+
-1.5479311,-0.5267546,10.482851,66688395,Junction_1+
-1.5452367,-0.5348378,10.549612,66688595,Junction_1+
-1.5275733,-0.5400769,10.5940695,66688795,Junction_1+
-1.5319144,-0.52600616,10.5852375,66688995,Junction_1+
-1.5352075,-0.5349875,10.537038,66689195,Junction_1+
-1.5473323,-0.5559439,10.501412,66689395,Junction_1+
-1.5468832,-0.5533992,10.492281,66689595,Junction_1+
-1.5602056,-0.54157376,10.498269,66689795,Junction_1+
-1.5401473,-0.5493576,10.5603895,66689995,Junction_1+
-1.5271243,-0.5457651,10.581795,66690195,Junction_1+
-1.5215858,-0.5454657,10.555,66690395,Junction_1+
-1.524879,-0.54337007,10.534943,66690595,Junction_1+
-1.5386504,-0.55549484,10.500364,66690795,Junction_1+
-1.5462844,-0.5397775,10.491532,66690994,Junction_1+
-1.5491285,-0.53019744,10.515633,66691195,Junction_1+
-1.5444882,-0.55384827,10.55994,66691396,Junction_1+
-1.5265256,-0.5185217,10.570568,66691595,Junction_1+
-1.5145504,-0.527054,10.5620365,66691795,Junction_1+
-1.5503261,-0.5556445,10.518626,66691995,Junction_1+
-1.6208295,-0.5701643,10.476863,66692195,Junction_1+
-1.5618521,-0.54337007,10.494527,66692396,Junction_1+
-1.5793657,-0.55324954,10.531949,66692596,Junction_1+
-1.6341518,-0.5780978,10.5394335,66692795,Junction_1+
-1.6443306,-0.5866301,10.522668,66692996,Junction_1+
-1.6654367,-0.5824388,10.523866,66693196,Junction_1+
-1.665287,-0.58962387,10.494976,66693395,Junction_1+
-1.6678318,-0.57959473,10.486893,66693595,Junction_1+
-1.6681311,-0.5875282,10.516681,66693795,Junction_1+
-1.6560063,-0.5798941,10.489886,66693995,Junction_1+
-1.6531622,-0.57705003,10.514585,66694195,Junction_1+
-1.6417859,-0.56567365,10.500065,66694395,Junction_1+
-1.6543597,-0.583786,10.505454,66694595,Junction_1+
-1.6578026,-0.5664221,10.483749,66694795,Junction_1+
-1.6838484,-0.5653743,10.504705,66694995,Junction_1+
-1.6795075,-0.5644762,10.488539,66695196,Junction_1+
-1.7071998,-0.5715115,10.496622,66695397,Junction_1+
-1.703308,-0.556842,10.479708,66695596,Junction_1+
-1.7214203,-0.5625302,10.524764,66695796,Junction_1+
-1.7067508,-0.5441185,10.510543,66695995,Junction_1+
-1.7937199,-0.583786,10.478959,66696196,Junction_1+
-1.929338,-0.5360353,10.462942,66696395,Junction_1+
-1.9799327,-0.5093907,10.450069,66696596,Junction_1+
-1.9339783,-0.5303471,10.457554,66696795,Junction_1+
-1.9160156,-0.48529083,10.410851,66696995,Junction_1+
-1.7956659,-0.45295808,10.453662,66697195,Junction_1+
-1.7741107,-0.41508684,10.525811,66697397,Junction_1+
-1.7242644,-0.4101471,10.461296,66697595,Junction_1+
-1.7360898,-0.38155654,10.531051,66697795,Junction_1+
-1.8519489,-0.41778123,10.432405,66697995,Junction_1+
-2.0953426,-0.55160296,10.390194,66698196,Junction_1+
-2.1279747,-0.569865,10.430909,66698395,Junction_1+
-1.9544857,-0.45580214,10.392139,66698596,Junction_1+
-1.9020946,-0.4685257,10.35816,66698796,Junction_1+
-1.9398161,-0.4510121,10.52641,66698995,Junction_1+
-1.9139199,-0.49666718,10.516082,66699196,Junction_1+
-1.950444,-0.56118304,10.399923,66699396,Junction_1+
-1.9700532,-0.5186714,10.442136,66699596,Junction_1+
-1.7841399,-0.5632787,10.607691,66699796,Junction_1+
-1.8318906,-0.46523255,10.543026,66699995,Junction_1+
-1.7568965,-0.49097902,10.515034,66700196,Junction_1+
-1.775907,-0.56208116,10.303524,66700395,Junction_1+
-1.8232086,-0.56312895,10.6906185,66700596,Junction_1+
-1.7681231,-0.53932846,10.209969,66700795,Junction_1+
-1.8597326,-0.5604346,10.51219,66700995,Junction_1+
-1.7892293,-0.5420229,10.728789,66701195,Junction_1+
-1.7046552,-0.4513115,10.466984,66701397,Junction_1+
-1.7193246,-0.58303756,10.234966,66701596,Junction_1+
-1.859583,-0.5664221,10.616523,66701796,Junction_1+
-1.850452,-0.5548961,10.78148,66701996,Junction_1+
-1.7042061,-0.5999524,10.498119,66702196,Junction_1+
-1.8507514,-0.45879593,10.418784,66702395,Junction_1+
-1.8902692,-0.26360184,10.470277,66702596,Junction_1+
-1.8673668,-0.5730084,10.494826,66702796,Junction_1+
-1.7512083,-0.5942642,10.768756,66702996,Junction_1+
-1.728755,-0.46014312,10.12255,66703196,Junction_1+
-1.8459613,-0.4010161,10.987002,66703397,Junction_1+
-1.8160236,-0.26509872,10.080038,66703596,Junction_1+
-1.890868,-0.23740631,10.903775,66703796,Junction_1+
-1.8655705,-0.35670823,10.5394335,66703996,Junction_1+
-2.5541387,-0.24010071,10.062525,66704196,Junction_1+
-2.6716442,-0.35910323,10.558743,66704395,Junction_1+
-2.1002824,-0.72494245,10.27673,66704596,Junction_1+
-2.0145109,-0.22318588,10.4550085,66704796,Junction_1+
-1.9245479,-0.25027955,10.399025,66704996,Junction_1+
-1.8284477,-0.3677852,10.440788,66705196,Junction_1+
-1.6607964,-0.73946226,10.481803,66705398,Junction_1+
-1.6793578,-0.4870871,10.768008,66705595
-1.7345929,-0.45191026,10.485395,66705796
-1.6215779,-0.5303471,10.5024605,66705996
-1.6889378,-0.50774413,10.704689,66706196
-1.8613793,-0.31748977,10.428064,66706396
-1.9962487,-0.57764876,10.409204,66706596
-2.0161574,-0.65458876,10.299482,66706796
-1.9640657,-0.719404,10.35307,66706995
-1.8482066,-0.75742495,10.367441,66707196
-1.9853215,-0.6146219,10.202185,66707395
