-2.5262966,-0.2775229,10.488988,67254633
-2.6822722,-1.4968873E-4,10.731933,67254833
-2.653981,0.14923966,10.4589,67255033
-2.6613157,-0.011376343,10.484198,67255233
-2.6664052,-0.35386413,10.344239,67255432
-2.5800347,-0.9181906,9.982142,67255633
-2.634222,-1.2886702,10.192754,67255833,Pothhole_3+
-2.652634,-1.3359718,10.332563,67256033,Pothhole_3+
-2.5619226,-1.6598983,10.178234,67256233,Pothhole_3+
-2.518962,-1.8263521,10.31505,67256432,Pothhole_3+
-2.3863375,-2.108216,9.8849945,67256633,Pothhole_3+
-2.4611819,-2.2700295,10.381961,67256833,Pothhole_3+
-2.8111541,-2.0151095,9.794133,67257033,Pothhole_3+
-2.3999593,-2.1224363,10.080787,67257233
-2.6676028,-2.2405407,10.101594,67257433
-2.6629624,-2.3435266,10.180928,67257633
-2.623744,-2.5117767,10.18063,67257834
-2.692002,-2.3689737,9.577234,67258033
-2.7008336,-2.5942552,10.153536,67258233
-2.7659483,-2.244283,9.673783,67258432
-2.658322,-2.1595592,10.268047,67258633
-2.700534,-2.0851638,9.55987,67258834
-2.8288174,-2.310146,9.910891,67259033
-3.333867,-1.9496956,9.222023,67431440
-3.2813265,-1.943259,10.54093,67431641
-3.3703911,-1.710493,9.146729,67431840
-3.2415092,-2.1694386,10.332114,67432040
-2.8630962,-2.1941373,9.53113,67432240
-2.5259972,-2.08696,9.806856,67432440
-2.746788,-2.0098705,10.232871,67432641
-2.4544458,-1.9398161,10.005044,67432840
-2.5177643,-1.9339783,10.462942,67433041
-2.6089246,-1.6578026,10.228829,67433240
-2.5006998,-1.5392491,9.544901,67433440,Pothhole_4+
-2.694397,-1.6452287,10.474169,67433641,Pothhole_4+
-2.5185127,-1.3332775,10.20413,67433841,Pothhole_4+
-2.2873933,-1.1193722,9.064251,67434041,Pothhole_4+
-2.6556275,-2.9770093,11.213482,67434241,Pothhole_4+
-3.1256502,-0.82343763,11.22381,67434440,Pothhole_4+
-2.4474106,-1.0984159,10.208771,67434641,Pothhole_4+
-3.5226247,-1.7042061,9.842483,67434841,Pothhole_4+
-2.687212,-1.6875906,8.99225,67435041,Pothhole_4+
-3.0054502,-1.5522721,10.433603,67435241,Pothhole_4+
-3.0344896,-1.4587166,9.625134,67435440,Pothhole_4+
-3.379672,-1.5016773,10.604997,67435641,Pothhole_4+
-3.1006522,-1.2915143,10.357861,67435841,Pothhole_4+
-3.254532,-2.264042,9.834549,67436041
-3.2525861,-1.7865349,10.059531,67436241
-2.6855652,-2.1962328,9.297466,67436440
-2.5695565,-1.9059864,10.38705,67436641
-1.9097286,-1.2735516,10.426269,67436840
-2.339036,-1.445544,9.675579,67437041
-2.5622218,-0.87433183,11.223062,67437241
-2.1547692,-1.0081536,9.948612,67437440
-2.2843995,-1.0412347,10.54602,67437641
-1.936523,-1.6902851,10.607391,68006194
-1.8046472,-1.8092875,10.10324,68006393
-1.9437081,-1.7518071,10.1012945,68006594
-1.968706,-1.9194585,10.251732,68006793
-1.9160156,-1.8712587,10.649604,68006993
-1.9877166,-1.848955,9.950707,68007194
-1.9148182,-2.02454,10.679991,68007393
-1.9826272,-2.046544,10.040521,68007594
-1.8531463,-1.8838326,10.273137,68007793
-0.34593064,-1.5217355,10.20413,68018594
-0.6237529,-1.6503181,10.297985,68018793,Pothhole_6+
-0.46268785,-1.5534695,10.913056,68018994,Pothhole_6+
-0.17154327,-1.4245876,10.44483,68019194,Pothhole_6+
-0.73721695,-1.9058368,11.310031,68019394,Pothhole_6+
-0.7023395,-2.0314257,9.570947,68019594,Pothhole_6+
-0.94902647,-2.7442434,9.974059,68019794,Pothhole_6+
-0.5448669,-2.719844,9.576785,68019994,Pothhole_6+
-0.95980406,-2.8595037,10.769055,68020194,Pothhole_6+
-1.0686278,-2.737657,10.144554,68020395,Pothhole_6+
-0.9099577,-3.0027556,10.2185,68020594
-0.8053253,-3.206033,10.443782,68020794
-0.9599538,-3.1725028,10.605745,68020994
-1.0988649,-3.045866,9.855505,68021194
-1.1359878,-3.0768516,10.144404,68021393
-1.3669574,-2.926115,9.910891,68021594
-1.3629158,-3.1472054,10.072254,68021793
-1.2008029,-3.1055918,10.35831,68021994
-1.1356883,-2.8225305,10.407408,68022194
-1.2885205,-2.7620564,10.435249,68022397
-3.126698,-2.1885989,10.09381,68604689
-3.0618827,-2.3215225,9.950558,68604889
-3.760929,-1.7818946,10.272388,68605089
-3.4036222,-1.3630655,9.970017,68605289
-2.8577073,-2.3218217,10.202035,68605488
-3.1611264,-2.1758752,9.141939,68605688
-3.5353482,-1.9914588,10.722802,68605889
-3.4407449,-2.1255798,10.324929,68606089
-1.5922389,-2.0281324,10.315948,68606289
-1.7441729,-1.4425502,10.107881,68623088
-2.1110601,-1.2305909,10.590776,68623289,Pothhole_7+
-1.8699116,-1.2371773,9.549841,68623488,Pothhole_7+
-1.8265017,-1.9999909,10.027049,68623689,Pothhole_7+
-1.6106507,-1.8714083,11.0106535,68623889,Pothhole_7+
-1.502276,-1.5979271,10.024055,68624089,Pothhole_7+
-1.4057268,-1.1906241,10.042168,68624289,Pothhole_7+
-1.4501843,-1.3665084,11.364218,68624488
-1.0487192,-1.3919554,10.159373,68624689
-1.0686278,-1.5576608,9.776619,68624889
-0.93480605,-1.7006135,10.344539,68625089
-1.0359956,-2.0166063,11.783646,68625289
-0.99453187,-1.3109738,10.524315,68625489
-1.317111,-1.6304096,10.070309,68625689
-1.2323872,-1.382525,9.840985,68625889
-1.3867164,-1.411415,10.929372,68626090
-1.2467574,-1.41381,10.633139,68626290
