-1.6164885,-0.554447,10.242151,65826515
-1.6642392,-0.77014846,10.5620365,65826715
-1.5861017,-1.0099498,10.623558,65826915
-1.667682,-0.7949968,10.398426,65827115
-1.6441809,-0.8168514,10.851684,65827315
-1.4932947,-0.9315129,10.470277,65827515
-1.8486557,-0.9451346,10.304871,65827715
-1.6169375,-1.2295432,10.488838,65827915
-1.694626,-0.9647438,10.135124,65828115
-2.2709277,-0.86864364,10.761271,66028772
-2.2713766,-1.2237053,10.29589,66028973,Turn_1+
-2.4137306,-0.9156459,9.80521,66029173,Turn_1+
-2.5354276,-0.62420195,10.165511,66029372,Turn_1+
-2.4628286,-0.49038026,9.885592,66029574,Turn_1+
-3.1190639,-0.5426216,10.373129,66029773,Turn_1+
-2.6714945,-0.6780899,10.392139,66029973,Turn_1+
-2.8491752,-0.5510042,10.765163,66030173,Turn_1+
-2.69769,-0.48933244,9.82901,66030373,Turn_1+
-2.5258474,-0.32317793,10.509795,66030573,Turn_1+
-2.3971152,-0.042960662,10.274933,66030774,Turn_1+
-2.4653733,-0.32168105,9.920021,66030973,Turn_1+
-2.4590864,-0.12858261,10.244247,66031174,Turn_1+
-2.319277,-0.011526031,10.385404,66031374,Turn_1+
-2.3098466,0.10762619,10.575508,66031573,Turn_1+
-2.1318667,0.07783814,9.592203,66031773,Turn_1+
-2.3119423,0.36673737,10.543625,66031973,Turn_1+
-2.609224,0.3170407,10.866054,66032173,Turn_1+
-2.2766159,0.35775605,9.694889,66032373,Turn_1+
-2.5366251,0.32946488,10.876682,66032573,Turn_1+
-2.411635,0.20013382,10.253827,66032773,Turn_1+
-2.3828948,0.4393364,10.413395,66032973,Turn_1+
-2.5276437,0.54860914,10.447674,66033174,Turn_1+
-2.5315356,0.45984375,10.7242985,66033374,Turn_1+
-2.4498055,-0.124541014,10.43959,66033574,Turn_1+
-2.1981788,0.18142273,9.872271,66033774,Turn_1+
-2.356849,0.26375154,10.400223,66033973,Turn_1+
-2.507286,-0.11076965,9.942474,66034174,Turn_1+
-2.3456223,0.3546126,10.91081,66034373,Turn_1+
-2.510579,0.50355285,11.081905,66034573,Turn_1+
-2.4650738,0.8744815,10.533745,66034773,Turn_1+
-2.5456064,0.20881577,10.440639,66034973,Turn_1+
-2.3700216,-0.3318599,9.63217,66035174,Turn_1+
-3.4251773,0.22348526,10.07435,66035373,Turn_1+
-2.58243,0.44442582,11.428584,66035573,Turn_1+
-2.7978318,0.77673477,10.068213,66035774,Turn_1+
-2.7999275,0.33500335,9.863139,66035974,Turn_1+
-2.6146128,-0.59890455,10.649155,66036174,Turn_1+
-2.645299,0.23680755,10.53614,66036374,Turn_1+
-2.4189696,-0.11511063,10.629546,66036574,Turn_1+
-2.5036936,-0.33739838,10.148147,66036774,Turn_1+
-2.7699897,-0.55579424,10.262809,66036974,Turn_1+
-2.6479936,-0.5167255,10.053095,66037174,Turn_1+
-2.4764502,-0.4647835,9.818382,66037374,Turn_1+
-2.7204428,-0.3276686,10.719658,66037574,Turn_1+
-2.4393275,-0.55130357,10.056088,66037774,Turn_1+
-2.517016,-0.9900412,10.659634,66037974,Turn_1+
-2.4354355,-0.6703061,10.0450115,66038174,Turn_1+
-2.3528073,-0.8336165,10.64197,66038374,Turn_1+
-2.3411317,-0.5686675,10.178384,66038573,Turn_1+
-2.583328,-0.8244855,10.64691,66038774,Turn_1+
-2.3674767,-0.719404,9.999057,66038974,Turn_1+
-2.1633015,-0.8692424,10.359358,66039174
-2.3195765,-1.0306069,10.905722,66039374
-1.9443069,-0.8940907,9.849817,66039573
-2.011966,-1.3289365,10.838212,66039774
-1.8745519,-1.0446776,10.418934,66039974
-1.8276993,-1.4362633,10.385703,66040174
-1.719175,-1.3539345,10.741064,66040374
-1.5750247,-0.9394464,10.200538,66040573
-1.5103592,-1.0951227,10.211615,66040774
-1.388812,-1.2299923,10.383906,66040974
-1.9399658,0.031434633,10.374177,67036223
-1.7094452,-0.15223342,10.764116,67036422
-1.9739451,-1.4968873E-4,10.479109,67036623
-1.7473165,0.16405883,10.524465,67036823
-1.7516574,0.21240829,10.450069,67037023
-1.7839901,0.1951941,10.647359,67037223
-1.7476158,0.1061293,10.636581,67037423
-1.7838405,0.28425887,10.709779,67037623
-1.805246,0.31913635,10.426418,67037823
-1.7492623,0.28889924,10.632689,67038222
-1.5935861,0.2959346,10.434202,67038423,Turn_2+
-1.7060024,0.39487883,10.724748,67038623,Turn_2+
-1.6328045,0.3571573,10.781779,67038823,Turn_2+
-1.8682649,0.44801834,10.590327,67039023,Turn_2+
-1.9387683,0.42511597,10.485395,67039223,Turn_2+
-2.0996838,0.8399034,10.297686,67039423,Turn_2+
-2.1613555,0.75622743,10.816058,67039623,Turn_2+
-2.2435346,0.5945636,10.250534,67039823,Turn_2+
-1.9559826,0.76161623,10.184521,67040023,Turn_2+
-1.9805315,1.1600876,10.803484,67040223,Turn_2+
-1.9688557,1.2804374,10.581196,67040422,Turn_2+
-2.093696,1.283431,10.58868,67040623,Turn_2+
-2.0236418,1.0551558,10.583891,67040823,Turn_2+
-2.1900957,0.6912625,10.327923,67041023,Turn_2+
-2.5138724,0.7518864,10.74795,67041223,Turn_2+
-2.5782385,0.98764616,10.407857,67041422,Turn_2+
-2.5093818,0.8421487,9.922565,67041623,Turn_2+
-2.603985,0.20193009,10.522069,67041823,Turn_2+
-2.7382557,-0.15043716,10.241403,67042023,Turn_2+
-2.9066556,-0.703537,10.159224,67042223,Turn_2+
-2.8865974,-0.21929398,10.699001,67042422,Turn_2+
-2.722239,-0.07080276,10.136171,67042622
-2.7810667,0.03278183,10.688224,67042823
-2.5902135,-0.1633104,10.063423,67043023
-2.6605673,-0.25686586,10.610386,67043223
-2.464924,-0.3210823,10.232871,67043423
-2.2052143,-0.44218048,10.407108,67043623
-2.0724404,-0.43724075,10.272388,67043823
-2.1727319,-0.1419049,10.88237,67044023
-2.2796094,-0.49831375,10.414443,67044223
-2.732867,-0.599653,10.038574,67044423
-2.5126748,-0.65638506,10.623109,67044623
-2.7604096,-0.60294616,10.03109,67044823
-2.773732,-0.75278455,10.174043,67045023
-2.7533743,-1.040636,10.628498,67045223
-2.561623,-0.8026309,10.211615,67045423
-1.6557069,-0.99108905,10.301278,67045623
-1.7289047,-0.9675879,10.258917,67045823
-1.3895603,-1.2470567,10.269095,67046023
-1.4678476,-0.85906357,10.586136,67046223
-2.7385552,0.49082932,10.196646,67076424
-2.8131,0.31823823,10.561438,67076625,Turn_3+
-2.850672,0.017812958,10.421628,67076824,Turn_3+
-2.726131,-0.12693603,10.18991,67077025,Turn_3+
-2.8271708,0.059426423,10.515932,67077225,Turn_3+
-2.8659403,0.19878662,10.072404,67077424,Turn_3+
-2.7334657,0.30731094,10.250534,67077625,Turn_3+
-2.8077114,0.26210496,10.111922,67077825,Turn_3+
-2.941533,0.28605515,10.847941,67078025,Turn_3+
-2.6670039,0.33784744,10.096953,67078225,Turn_3+
-2.7430458,0.37886214,10.568323,67078424,Turn_3+
-2.8255243,0.25506958,10.663076,67078625,Turn_3+
-2.476001,0.18411712,10.054441,67078824,Turn_3+
-2.6499395,0.20821701,10.202035,67079025,Turn_3+
-2.7403514,0.09535172,10.437495,67079225,Turn_3+
-2.705025,0.22647904,10.23796,67079424,Turn_3+
-2.5384214,0.3713777,9.962084,67079625,Turn_3+
-2.5911117,0.14789246,10.572964,67079825,Turn_3+
-2.678979,0.19609222,10.244696,67080025,Turn_3+
-2.7705886,0.24219635,10.5747595,67080225,Turn_3+
-2.6821225,0.07574249,10.463242,67080424,Turn_3+
-2.9817994,-0.25970992,10.645862,67080625,Turn_3+
-2.959346,-0.85651886,9.848021,67080824
-3.1097832,-1.0756631,10.442435,67081025
-2.9138405,-0.86894304,9.914783,67081225
-2.5435107,-1.0708731,9.810598,67081424
-2.884352,-1.4317726,10.297835,67081625
-2.9630883,-1.679208,10.101594,67081825
-3.1540911,-1.9061362,10.472971,67082025
-3.1183155,-1.9628682,9.997261,67082225
-2.829566,-2.1679418,10.100546,67082424
-2.7907965,-2.0776794,10.592274,67082625
-3.354225,-1.4491365,10.343491,67222431
-3.2699502,-1.6377443,9.915231,67222631
-3.2744408,-1.7045054,10.05549,67222831
-3.1524444,-1.4819183,9.506731,67223031
-2.9621902,-1.7348922,10.139914,67223231
-3.2537837,-1.5639478,10.224039,67223431
-3.006947,-1.7142352,10.062525,67223632
-2.998265,-1.7865349,10.211764,67223831
-3.1124775,-1.7585431,9.64639,67224031
-2.123185,-0.03397934,10.725197,67250033
-2.0573218,-0.20582199,10.758877,67250232,Turn_4+
-1.9808308,-0.41583526,10.172996,67250432,Turn_4+
-2.10148,-0.38320312,10.6752,67250633,Turn_4+
-2.1636007,-0.07409592,10.38705,67250833,Turn_4+
-2.1619542,0.17738113,10.5041065,67251033,Turn_4+
-2.2248235,-0.123343505,10.633139,67251233,Turn_4+
-2.088457,0.123642884,10.022708,67251440,Turn_4+
-2.1492307,-0.08876541,10.599159,67251633,Turn_4+
-2.1508772,-0.10627899,10.653945,67251833,Turn_4+
-2.0050805,-0.2868036,10.441537,67252033,Turn_4+
-1.9875668,-0.50759447,10.477761,67252233,Turn_4+
-2.118694,-0.42421782,10.98341,67252432,Turn_4+
-1.905238,-0.3023712,10.147248,67252633,Turn_4+
-1.9675086,-0.6144722,10.287357,67252832,Turn_4+
-2.2709277,-0.7572752,10.332414,67253033,Turn_4+
-2.5077353,-0.5261558,10.64676,67253233,Turn_4+
-2.7162516,-0.4152365,9.808503,67253432,Turn_4+
-2.5574317,-0.8782237,10.72819,67253633,Turn_4+
-2.418371,-0.38949004,10.16117,67253833,Turn_4+
-2.3239174,-0.49966094,10.222692,67254033,Turn_4+
-2.5406666,-0.5346881,10.939701,67254233,Turn_4+
-2.4547453,-0.36389327,10.13213,67254432,Turn_4+
-2.5262966,-0.2775229,10.488988,67254633
-2.6822722,-1.4968873E-4,10.731933,67254833
-2.653981,0.14923966,10.4589,67255033
-2.6613157,-0.011376343,10.484198,67255233
-2.6664052,-0.35386413,10.344239,67255432
-2.5800347,-0.9181906,9.982142,67255633
-3.4260755,-1.4702426,9.586365,67273433
-3.2672558,-1.7329463,10.487492,67273633
-3.1783407,-1.5173945,9.833651,67273834
-3.473976,-1.6458275,10.206226,67274034
-3.270399,-1.5637981,10.0748,67274234
-3.3504827,-1.5081139,9.663754,67274433
-3.4506245,-1.3260924,10.540481,67274634
-3.3922458,-1.800905,10.007889,67274834
-3.2181578,-1.7904267,10.230176,67275034
-1.7100439,-3.6836898,10.122999,67323036
-1.540746,-3.6910245,9.749975,67323236,Turn_5+
-1.389261,-3.9212458,10.208471,67323436,Turn_5+
-1.203647,-3.973038,9.455088,67323636,Turn_5+
-1.0807526,-4.4951525,10.266999,67323836,Turn_5+
-1.3126204,-3.9815702,9.7796135,67324036,Turn_5+
-1.1780503,-3.846551,10.332713,67324236,Turn_5+
-1.6290623,-3.722459,10.089469,67324435,Turn_5+
-1.5952327,-3.6573446,10.17569,67324636,Turn_5+
-1.2826827,-3.7779937,10.275382,67324836,Turn_5+
-1.4675483,-4.1339536,9.813293,67325036,Turn_5+
-1.3998889,-3.697012,9.614058,67325236,Turn_5+
-1.5675403,-3.3744328,10.07959,67325436,Turn_5+
-1.4913487,-3.3913476,9.574839,67325636,Turn_5+
-1.3156142,-3.5368452,10.614577,67325836,Turn_5+
-1.2177178,-3.1030471,10.075698,67326036,Turn_5+
-0.8699908,-3.0370345,10.308313,67326236,Turn_5+
-1.1466156,-2.5146208,10.338251,67326436,Turn_5+
-0.7111711,-2.6604176,10.211615,67326636,Turn_5+
-0.89783293,-2.8842022,10.527308,67326836,Turn_5+
-0.97731763,-2.251468,10.405761,67327036
-1.0086026,-2.0877085,10.803933,67327236
-1.1364368,-1.5723304,10.517728,67327436
-1.3301339,-1.8190173,11.205399,67327636
-0.5745053,-1.8321899,10.547516,67327836
-3.0385313,-1.9152672,10.159373,67389839
-2.9696746,-2.2600002,10.00235,67390039
-3.0535002,-2.4816892,10.215057,67390239
-2.737657,-2.1314178,9.600586,67390438
-3.0807436,-2.0438497,10.044263,67390638
-2.9940739,-2.1868026,9.928703,67390838
-2.8975246,-1.9785855,9.605675,67391038
-2.892435,-2.488575,10.447075,67391238
-1.8797909,-2.04849,9.457483,67391438
-1.547033,-3.1769934,10.264455,67425640
-1.2358301,-3.4864,9.917776,67425840,Turn_6+
-1.4311738,-3.633095,10.273886,67426040,Turn_6+
-1.3138179,-3.8145177,10.4726715,67426240,Turn_6+
-1.3015435,-3.268154,9.629476,67426440,Turn_6+
-1.3163626,-3.8579273,10.84375,67426640,Turn_6+
-1.4352155,-3.5337017,9.258697,67426840,Turn_6+
-1.3808784,-4.234095,10.25712,67427040,Turn_6+
-1.5030245,-4.0429425,10.160421,67427240,Turn_6+
-1.1416758,-3.5910325,8.85304,67427440,Turn_6+
-1.2669654,-3.6757562,10.1227,67427640,Turn_6+
-1.5826589,-3.653752,11.372601,67427840,Turn_6+
-1.6392412,-3.3944912,10.462044,67428040,Turn_6+
-1.7441729,-3.9281313,10.045161,67428240,Turn_6+
-1.7094452,-4.138294,8.685538,67428440,Turn_6+
-2.1472847,-4.757856,10.148895,67428640,Turn_6+
-1.9998413,-4.5372148,9.325757,67428840,Turn_6+
-1.9056871,-4.6373568,10.218052,67429041,Turn_6+
-2.064956,-4.1218286,9.264684,67429241,Turn_6+
-2.38993,-3.7166212,10.038724,67429440,Turn_6+
-2.8080108,-3.4986744,10.15638,67429641,Turn_6+
-2.7722352,-2.8027716,9.288634,67429841,Turn_6+
-3.006947,-2.8948302,9.241482,67430040,Turn_6+
-3.2168107,-2.7095156,10.256521,67430240,Turn_6+
-3.0532007,-2.1835093,9.11769,67430440
-3.3986824,-2.4345374,10.407857,67430641
-3.20753,-2.2261705,9.510623,67430841
-3.2980917,-2.2430854,10.023307,67431040
-3.3682957,-1.9806812,10.2298765,67431240
-3.333867,-1.9496956,9.222023,67431440
-3.2813265,-1.943259,10.54093,67431641
-3.3703911,-1.710493,9.146729,67431840
-3.2415092,-2.1694386,10.332114,67432040
-2.8630962,-2.1941373,9.53113,67432240
-1.7125887,-3.045866,10.766661,67599247
-1.2539424,-2.9981153,9.613608,67599446
-1.6756155,-3.1630723,10.499316,67599646
-1.7666262,-2.9711714,10.448273,67599847
-1.9853215,-2.9767098,10.037228,67600046
-2.4081922,-3.221451,9.94936,67600247
-2.2959256,-2.7422974,9.296867,67600446
-2.210603,-2.4507036,10.082583,67600646,Turn_7+
-1.9853215,-1.905238,10.681638,67600847,Turn_7+
-1.9029927,-1.6769627,9.895023,67601047,Turn_7+
-1.7461189,-1.645079,10.241702,67601247,Turn_7+
-2.1713846,-1.4750327,10.825039,67601446,Turn_7+
-2.0492387,-0.9942325,10.377919,67601647,Turn_7+
-2.3408322,-1.1380833,10.995984,67601847,Turn_7+
-2.4839346,-0.6905141,10.307416,67602047,Turn_7+
-2.126478,-1.1079959,10.072853,67602246,Turn_7+
-2.4396267,-0.8562195,11.063793,67602446,Turn_7+
-2.1564157,-0.7532337,9.876163,67602647,Turn_7+
-2.1757255,-0.99842376,9.60328,67602847,Turn_7+
-2.361639,-0.72868466,11.5171995,67603047,Turn_7+
-2.1308188,-0.3198848,10.950778,67603247,Turn_7+
-2.0338206,-0.4234694,10.186767,67603446,Turn_7+
-2.1567152,-0.15013778,10.303075,67603647,Turn_7+
-2.1320164,0.0022453307,10.7275915,67603847,Turn_7+
-1.9038908,0.069455564,10.082134,67604047,Turn_7+
-2.1300704,-0.11331436,10.979817,67604247,Turn_7+
-1.9185604,-0.09909394,10.421179,67604446,Turn_7+
-1.9157163,-0.07200027,10.823243,67604647,Turn_7+
-2.039958,0.06316864,10.793755,67604847,Turn_7+
-1.869163,0.18950592,10.507549,67605047,Turn_7+
-2.3694227,-1.6425344,10.168954,67738252
-2.626139,-1.6134948,10.116563,67738451
-2.4441175,-1.5423926,10.35322,67738651
-2.379452,-1.5211368,10.352472,67738852
-2.495311,-1.549428,9.993817,67739052
-2.207759,-1.6895366,10.338251,67739252
-2.1448896,-1.5257771,9.878557,67739452
-1.6733702,-1.4826667,10.49303,67739652
-1.3129197,-1.3229489,10.630444,67739852
-1.8916163,-0.54860914,10.296489,67827987
-1.99565,-0.5011578,10.491532,67828188,Turn_8+
-1.8809885,-0.43469605,10.370884,67828387,Turn_8+
-2.0957918,-0.3504213,10.3827095,67828587,Turn_8+
-2.0929477,-0.40865022,10.356962,67828787,Turn_8+
-1.9302361,-0.38455033,10.265802,67828987,Turn_8+
-2.0830681,-0.40146515,10.916948,67829187,Turn_8+
-1.9925065,-0.29922774,10.134226,67829389,Turn_8+
-2.165846,-0.2642006,10.794652,67829587,Turn_8+
-2.0917501,-0.199086,10.203232,67829788,Turn_8+
-2.1570144,0.05882767,10.427317,67829988,Turn_8+
-2.1468356,0.11346405,10.902578,67830188,Turn_8+
-2.0333717,0.28440857,9.7851515,67830387,Turn_8+
-2.0686982,0.31105316,10.70903,67830587,Turn_8+
-2.0477417,0.5709128,10.336755,67830787,Turn_8+
-1.9824774,0.43649232,10.652897,67830988,Turn_8+
-1.9196081,0.5652246,10.521172,67831188,Turn_8+
-1.9652632,0.5888754,10.905722,67831389,Turn_8+
-1.9690055,0.66940796,10.610685,67831587,Turn_8+
-1.9940034,0.69066375,10.518027,67831787,Turn_8+
-1.9946022,0.50774413,10.499616,67831988,Turn_8+
-2.147135,0.60234743,11.053614,67832188,Turn_8+
-1.9330802,0.81789917,10.264006,67832388,Turn_8+
-2.0366647,0.8336165,10.669363,67832588,Turn_8+
-2.1863534,0.8876541,10.1929035,67832788,Turn_8+
-2.2704785,0.69994444,10.45411,67832988,Turn_8+
-2.3776557,0.7470964,10.649903,67833187,Turn_8+
-2.279909,0.85142946,10.684032,67833388,Turn_8+
-2.4062462,1.0264156,10.395133,67833588,Turn_8+
-2.4822881,0.9942325,10.393786,67833788,Turn_8+
-2.5432115,0.8241861,10.4589,67833988,Turn_8+
-2.6812243,0.6740483,10.400073,67834188,Turn_8+
-2.6939478,0.5176236,10.700798,67834388,Turn_8+
-2.7229874,0.5548961,10.060879,67834588,Turn_8+
-2.7750793,0.63273424,10.794054,67834787,Turn_8+
-2.8942313,0.6010002,9.917776,67834988,Turn_8+
-3.014132,0.41852966,11.06993,67835188,Turn_8+
-2.798281,0.18696122,9.805659,67835387,Turn_8+
-2.8921359,-0.21180955,10.56982,67835588,Turn_8+
-2.8126512,-0.055235136,9.983938,67835788,Turn_8+
-2.6421556,-0.06915619,10.601254,67835988,Turn_8+
-2.770439,-0.10657837,10.080188,67836188,Turn_8+
-2.7547216,-0.30985564,10.298584,67836388,Turn_8+
-2.7720854,-0.17393829,10.206526,67836588,Turn_8+
-2.8068132,0.024249572,9.827663,67836788,Turn_8+
-2.7999275,-0.07005432,9.845476,67836988,Turn_8+
-2.7253826,-0.30341902,10.38675,67837188,Turn_8+
-2.9657826,0.106728055,10.48809,67837389,Turn_8+
-2.8870463,0.16929795,10.60829,67837587,Turn_8+
-2.9847932,-0.13636643,10.493928,67837788,Turn_8+
-2.9716206,-0.4405339,10.316696,67837988,Turn_8+
-3.1034963,-0.8628058,10.100995,67838188,Turn_8+
-2.7442434,-1.1946657,9.951606,67838388,Turn_8+
-2.6310787,-1.5368541,9.915231,67838588,Turn_8+
-2.8418403,-1.497486,10.40606,67838788,Turn_8+
-2.7482848,-1.4377601,9.897418,67838988,Turn_8+
-2.7312205,-1.5106586,10.303674,67839188,Turn_8+
-2.8663893,-1.6043637,9.744736,67839388
-2.8569589,-1.751358,10.563683,67839588
-2.9207263,-1.6182847,10.677896,67839788
-2.1215382,-1.4775773,9.6951885,67839988
-1.823059,-1.4712905,10.424172,67840188
-1.7871337,-1.3741424,9.837093,67840388
-1.7359401,-1.3626164,9.95909,67840588
-1.6799566,-1.513802,9.991722,67840788
-1.8278489,-1.6428337,11.53636,67840988
-1.8929635,-1.6197816,9.802516,67841188
-2.0104692,-1.8764977,9.607621,67841388
-2.1389022,-1.785487,10.649005,67841588
-1.9483484,-1.4778768,10.899434,67841789
-2.0579205,-1.4438974,9.893526,67841988
-2.0830681,-1.443598,10.274783,67842188
-2.1468356,-1.5952327,10.534643,67842388
-2.1324656,-1.6941769,9.710307,67842588
-2.2140458,-1.6929795,11.368259,67842788
-2.2296135,-1.3727952,10.18482,67842987
-1.7860858,-2.8068132,10.023307,67873389
-1.3771362,-2.9139903,10.582244,67873589,Turn_9+
-1.1189232,-3.1070888,10.091714,67873789,Turn_9+
-1.2946577,-3.1674132,10.054441,67873989,Turn_9+
-1.2919633,-3.0496082,10.171498,67874189,Turn_9+
-1.1479628,-3.020868,9.710307,67874388,Turn_9+
-1.3374687,-2.9722192,10.751093,67874588,Turn_9+
-1.2172687,-2.7903473,9.943073,67874789,Turn_9+
-1.1870315,-2.965633,10.3631,67874989,Turn_9+
-1.315165,-3.028053,10.261162,67875189,Turn_9+
-1.2702584,-2.8231292,10.529254,67875389,Turn_9+
-1.3114228,-2.9304562,10.335707,67875589,Turn_9+
-1.1323951,-3.3045282,9.689351,67875789,Turn_9+
-1.2287947,-3.152594,10.56488,67875989,Turn_9+
-0.9922865,-2.8892918,9.237142,67876189,Turn_9+
-1.0336006,-2.8828552,10.741513,67876388,Turn_9+
-1.0391392,-2.256258,10.219997,67876589,Turn_9+
-1.314716,-2.2598505,10.491383,67876789,Turn_9+
-1.1488609,-1.9422112,10.655592,67876989,Turn_9+
-0.9753717,-1.4949412,10.297835,67877189,Turn_9+
-0.9581575,-1.2277468,10.793156,67877388,Turn_9+
-0.72958285,-1.2880714,10.203083,67877589,Turn_9+
-0.7728429,-1.3847704,10.707085,67877789,Turn_9+
-0.6969507,-1.0431807,10.357262,67877989,Turn_9+
-0.5596861,-1.0967692,10.758727,67878189,Turn_9+
-0.6078859,-0.95366687,10.618618,67878389,Turn_9+
-0.45086244,-1.2011023,10.81022,67878589,Turn_9+
-0.5542973,-0.93345886,10.840756,67878789,Turn_9+
-0.69754946,-1.2364289,10.722203,67878989
-0.8710387,-1.0240206,10.503957,67879189
-0.89498883,-1.2229569,10.759775,67879389
-0.805475,-1.3337265,10.478061,67879589
-1.814377,-1.3293855,10.232721,68180074
-1.924997,-1.4030324,10.755584,68180274
-1.9098784,-1.4251863,10.462343,68180473
-1.7342935,-1.4876065,10.327474,68180674
-1.8568885,-1.5123051,10.562485,68180874
-1.8779947,-1.6717236,10.550211,68181074
-1.9239491,-1.5887961,10.088421,68181274
-1.7856368,-1.4997313,10.968441,68181473
-1.5965799,-1.3539345,9.843979,68181674
-1.9056871,0.2881508,10.503358,68188874
-1.739832,0.19684067,10.80064,68189074,Turn_10+
-1.8589842,0.47166917,10.621762,68189274,Turn_10+
-1.651815,0.5906717,10.896141,68189474,Turn_10+
-1.4814693,0.5138814,10.795101,68189674,Turn_10+
-1.5621514,0.6629713,10.671608,68189874,Turn_10+
-1.4841636,0.41718248,10.651401,68190074,Turn_10+
-1.5540683,0.60070086,10.995235,68190274,Turn_10+
-1.5649955,0.2481839,9.907896,68190474,Turn_10+
-1.9836749,0.5402266,10.625804,68190674,Turn_10+
-1.8176701,0.4019142,10.483001,68190875,Turn_10+
-2.0886068,0.48394364,10.754386,68191075,Turn_10+
-1.9612216,0.22647904,10.096953,68191274,Turn_10+
-2.2662873,0.39338195,10.827285,68191473,Turn_10+
-1.8411713,0.5761519,9.878557,68191674,Turn_10+
-1.8526973,0.32692015,10.225835,68191875,Turn_10+
-1.9422112,0.060174868,11.327095,68192075,Turn_10+
-1.7539028,0.36853364,10.556198,68192275,Turn_10+
-1.6365467,-0.08996292,10.092612,68192473,Turn_10+
-1.9053878,-0.41688308,10.315798,68192675,Turn_10+
-1.5853533,-0.051193543,10.905722,68192875,Turn_10+
-2.110611,0.067210235,10.522368,68193074,Turn_10+
-2.0445983,-0.12663665,9.87272,68193274,Turn_10+
-2.427053,-0.5412744,10.548714,68193473,Turn_10+
-2.3099964,-0.68183213,11.042088,68193674,Turn_10+
-2.2652395,-0.8494835,10.153087,68193874,Turn_10+
-2.3632855,-0.82179105,9.734557,68194074,Turn_10+
-2.4795938,-0.95606184,10.544672,68194274,Turn_10+
-1.8537451,-0.98195803,11.176658,68194473,Turn_10+
-1.8796413,-0.7212002,10.311607,68194674
-2.1950355,-0.6529422,10.328971,68194874
-2.049538,-0.7381151,10.104887,68195074
-1.9318826,-1.011297,10.61802,68195274
-1.7953665,-1.0868897,10.5427265,68195474
-1.8019528,-0.9996213,10.918594,68195675
-1.798959,-0.8912466,10.396031,68195875
-1.972598,-0.69754946,10.475217,68196075
-2.063459,-0.87927157,10.482102,68196275
-1.9675086,-1.0960208,10.075698,68196474
-1.9892135,-0.99438214,9.375005,68265277
-1.5060182,-1.1139835,9.624536,68265476
-1.6795075,-1.1889775,11.628868,68265677
-1.6039146,-0.83002394,10.509047,68265877
-1.8952088,-1.2650194,10.258617,68266076
-1.5893948,-1.315165,9.732611,68266277
-1.8700612,-1.5629,10.282268,68266477
-1.4989829,-1.4494358,10.549762,68266676
-1.753304,-1.3735437,10.037078,68266877
-1.4982344,-2.626139,10.3054695,68332279
-1.3248949,-2.2320085,9.7603035,68332478,Turn_11+
-1.3254936,-2.405797,10.288705,68332679,Turn_11+
-1.4501843,-2.513573,10.6276,68332879,Turn_11+
-1.4256353,-2.0830681,10.051747,68333079,Turn_11+
-1.7720151,-1.7568965,10.074201,68333279,Turn_11+
-1.9097286,-1.6819024,10.777438,68333478,Turn_11+
-1.9949015,-1.9748433,9.920919,68333679,Turn_11+
-1.5295193,-1.2931609,9.954899,68333879,Turn_11+
-2.2532644,-1.719624,10.679841,68334079,Turn_11+
-1.7176781,-1.4286292,9.741592,68334279,Turn_11+
-1.7185762,-1.545536,10.4589,68334478,Turn_11+
-1.6021184,-1.2759466,10.05534,68334679,Turn_11+
-1.8977536,-1.3712983,10.159822,68334879,Turn_11+
-1.8173708,-1.22146,10.221495,68335078,Turn_11+
-1.9693048,-1.1557466,10.464589,68335279,Turn_11+
-1.6944764,-0.8750803,10.710527,68335478,Turn_11+
-1.5331119,-0.6730005,10.621762,68335679,Turn_11+
-1.4331198,-0.20222946,11.157049,68335879,Turn_11+
-1.6307089,-0.1565744,10.309811,68336079,Turn_11+
-1.4370117,-0.3659889,10.61323,68336280,Turn_11+
-1.6790584,-0.31734008,10.6752,68336478,Turn_11+
-1.5527211,-0.32961455,10.144704,68336679,Turn_11+
-1.8408719,-0.14160553,10.907517,68336879,Turn_11+
-1.8738034,-0.6119275,10.342892,68337079,Turn_11+
-1.959126,-0.23381378,10.7380705,68337279,Turn_11+
-2.1348605,-0.16405883,10.266551,68337479,Turn_11+
-1.8902692,0.3623964,10.722054,68337679,Turn_11+
-2.1805155,0.1392105,10.557396,68337879,Turn_11+
-1.8193167,-0.09595047,10.217752,68338079,Turn_11+
-1.9625688,-0.001646576,11.55043,68338279,Turn_11+
-1.99565,0.36404297,10.3319645,68338478,Turn_11+
-1.8140776,0.17169297,10.248588,68338680,Turn_11+
-1.7039067,-0.004191284,11.023526,68338880,Turn_11+
-1.8290465,0.2363585,10.979817,68339080,Turn_11+
-1.7289047,0.00703537,9.964628,68339279,Turn_11+
-1.9224522,-0.0055384827,10.703342,68339478,Turn_11+
-1.950444,-0.2891986,10.383757,68339680,Turn_11+
-1.9020946,-0.30880782,11.118878,68339880,Turn_11+
-1.8785934,0.1434018,10.37732,68340080,Turn_11+
-1.9372715,-0.26539811,10.925929,68340279,Turn_11+
-1.9184107,-0.37287462,9.953402,68340478,Turn_11+
-1.8916163,-0.29249176,10.556947,68340679,Turn_11+
-2.2561083,0.036524046,10.133178,68340879,Turn_11+
-2.0137625,-0.017663268,10.948832,68341078,Turn_11+
-2.137106,-0.4019142,10.525212,68341279,Turn_11+
-2.1802163,-0.09580078,10.190509,68341479,Turn_11+
-2.3189776,0.18007553,10.090367,68341680,Turn_11+
-2.2800586,-0.058977354,10.596464,68341880,Turn_11+
-2.1290226,-0.027542725,10.460248,68342080,Turn_11+
-2.3571482,-0.1260379,10.814261,68342280,Turn_11+
-2.5334816,-0.23381378,10.065369,68342479,Turn_11+
-2.6216483,0.03397934,9.823771,68342680,Turn_11+
-2.6641598,-0.060025178,10.44483,68342880,Turn_11+
-2.5783882,0.28949797,10.144554,68343080,Turn_11+
-2.5744963,0.2706372,10.410252,68343279,Turn_11+
-2.5598269,0.41882905,10.665022,68343479,Turn_11+
-2.382745,0.24114853,10.112821,68343680,Turn_11+
-2.484683,0.32871643,10.669213,68343880,Turn_11+
-2.4851322,0.14908996,10.289902,68344080,Turn_11+
-2.325115,0.19848724,10.378518,68344280,Turn_11+
-2.4598348,-0.26315278,10.028096,68344479,Turn_11+
-2.390529,-0.8150551,10.357411,68344680,Turn_11+
-2.3387365,-0.8481363,10.04591,68344880,Turn_11+
-2.2511687,-1.2901671,10.648855,68345080,Turn_11+
-2.1896467,-1.0350975,9.966874,68345279,Turn_11+
-2.1737795,-1.5913408,9.930799,68345479,Turn_11+
-2.0179536,-2.028432,9.758956,68345680,Turn_11+
-1.9226019,-1.9309845,10.0715065,68345880,Turn_11+
-1.6377443,-2.10148,10.178084,68346080,Turn_11+
-1.5880476,-2.2327569,10.197394,68346279,Turn_11+
-1.409469,-2.243235,9.872121,68346479,Turn_11+
-1.5390995,-2.2573059,11.077265,68346679,Turn_11+
-0.9313632,-1.843716,10.289602,68347680,Turn_11+
-0.8927435,-2.2576053,9.8077545,68347880,Turn_11+
-0.7509883,-2.0439994,11.211086,68348080
-0.5914201,-1.5555652,10.415341,68348280
-0.3740721,-1.7074993,11.110795,68348479
-0.3716771,-1.4871575,10.234218,68348680
-0.59695864,-1.5239809,10.371632,68348880
-0.8532257,-1.5329622,10.398127,68349080
-0.8852591,-1.2367282,10.910362,68349280
-0.6315367,-1.108894,10.667417,68349479
-0.56492525,-1.253194,10.711875,68349680
-0.5987549,-1.0195298,10.656639,68349879
-3.3096175,-2.2565575,10.130633,68519486
-3.713777,-2.157164,9.834998,68519686
-3.4566119,-2.3143373,9.989327,68519886
-2.501149,-2.092349,9.815838,68520086
-1.9169137,-2.0204983,10.501862,68520286
-1.8121316,-1.7320482,9.974359,68520485
-1.8025516,-2.0695963,10.132429,68520686
-1.8024019,-1.966311,10.544073,68520886
-1.7961149,-2.0258873,10.407258,68521086
-1.1951147,-2.624193,10.801239,68552487
-1.0737172,-2.4352858,9.231303,68552687,Turn_12+
-1.3915063,-3.4311647,10.872341,68552887,Turn_12+
-1.2126284,-3.2624657,11.092982,68553087,Turn_12+
-1.0166858,-3.3489857,10.412048,68553287,Turn_12+
-1.1991563,-3.4295182,9.258247,68553487,Turn_12+
-1.1487112,-3.766168,9.940978,68553687,Turn_12+
-0.8184979,-3.9029837,10.4124975,68553887,Turn_12+
-0.9792636,-3.665278,9.68486,68554086,Turn_12+
-1.2898678,-3.660937,9.849668,68554287,Turn_12+
-1.2847782,-3.7070413,10.48779,68554487,Turn_12+
-1.2548405,-3.8471498,9.764495,68554687,Turn_12+
-1.2889695,-3.8708007,9.799971,68554887,Turn_12+
-1.4298266,-3.8529878,9.628877,68555086,Turn_12+
-1.5250287,-3.807183,9.903706,68555287,Turn_12+
-1.5959811,-4.1580534,9.957892,68555486,Turn_12+
-1.588347,-3.9791753,9.741592,68555687,Turn_12+
-1.6678318,-4.048481,10.400822,68555887,Turn_12+
-1.5678396,-4.0616536,9.831705,68556087,Turn_12+
-1.6232245,-4.0694375,9.855505,68556287,Turn_12+
-1.6625926,-4.1044645,9.790541,68556486,Turn_12+
-1.7083974,-4.020639,9.481133,68556687,Turn_12+
-1.8012043,-4.1155415,10.429711,68556887,Turn_12+
-1.7134868,-4.1671844,9.538764,68557087,Turn_12+
-1.8268012,-4.173172,10.041269,68557287,Turn_12+
-1.8761984,-3.6437228,9.457184,68557487,Turn_12+
-2.0621119,-3.4203873,9.686507,68557687,Turn_12+
-2.0354671,-3.272345,9.836644,68557887,Turn_12+
-2.3311024,-3.1262488,10.061477,68558086
-2.583328,-2.7571166,9.384135,68558287
-2.6057813,-2.7358608,10.350676,68558487
-2.7581644,-2.2713766,9.483829,68558687
-2.8671377,-2.3402336,10.582094,68558887
-2.5333319,-1.9821781,9.557775,68559087
-2.4559429,-2.0556753,10.480007,68559287
-2.642006,-1.8886226,10.333462,68559487
-2.571802,-1.9922072,10.075398,68559687
-2.663112,-2.2730231,10.341844,68559887
-2.6267376,-1.7895286,10.193652,68560087
-2.3493645,-1.7726139,9.953402,68560287
-2.2731729,-1.7497115,9.80027,68560486
-2.4845333,-1.6573535,9.790391,68560687
-2.4084916,-1.273851,10.164463,68560887
-1.9926562,-1.4441968,10.446775,68561087
-2.1103115,-1.3073813,9.508677,68561287
-2.1215382,-1.3956976,10.567125,68561487
-1.7902771,-1.2283456,10.052047,68561687
-0.3159929,-2.0806732,10.7275915,68590487
-0.50100815,-2.3517594,10.395582,68590688,Turn_13+
-0.48214737,-1.9832258,10.049053,68590888,Turn_13+
-0.8548723,-2.1323159,10.604398,68591088,Turn_13+
-1.0469229,-2.069147,10.047406,68591288,Turn_13+
-1.194516,-2.29383,10.470576,68591488,Turn_13+
-1.2040961,-2.3472688,10.5603895,68591688,Turn_13+
-1.0737172,-2.2504203,10.274933,68591888,Turn_13+
-0.9806108,-2.253414,10.589878,68592088,Turn_13+
-0.7723938,-2.2128484,10.129436,68592288,Turn_13+
-1.0391392,-1.8625767,10.8241415,68592487,Turn_13+
-0.9086105,-1.8384769,10.282118,68592688,Turn_13+
-0.8400531,-1.5706837,10.806178,68592888,Turn_13+
-0.78062665,-1.327739,10.11312,68593088,Turn_13+
-0.96010345,-1.5223343,10.945239,68593288,Turn_13+
-0.09131012,-1.1211685,10.352173,68593487,Turn_13+
-0.37826338,-1.0888357,11.020083,68593688
-0.68677187,-0.9009764,10.469828,68593888
-0.8201445,-0.9630972,10.895244,68594088
-0.5474117,-1.1157798,10.597063,68594288
-1.1448194,-1.1076965,10.511142,68626488
-1.2289444,-1.3150154,10.077943,68626690
-1.253643,-1.1174263,10.078542,68626890
-1.2639716,-1.3421091,11.461216,68627090
-1.1487112,-1.1515553,9.80506,68627290
-2.3772066,-0.9937834,9.998458,68627489
-2.4923172,-1.651366,10.730137,68627689
-2.8168423,-1.438808,9.903107,68627890
-2.871329,-1.4617103,10.787617,68628090
-0.9957294,-3.6940184,10.79555,68669691
-0.8282277,-3.8449044,9.359287,68669891,Turn_14+
-1.0942246,-4.408782,10.332264,68670091,Turn_14+
-0.73467225,-4.2468185,9.374556,68670291,Turn_14+
-1.0916798,-4.0685396,9.792037,68670490,Turn_14+
-1.0800041,-4.204906,10.44004,68670691,Turn_14+
-1.239722,-3.833079,10.047706,68670891,Turn_14+
-1.3003459,-4.2402325,10.537337,68671091,Turn_14+
-1.113684,-4.4300375,10.406809,68671291,Turn_14+
-0.8952882,-4.458778,9.552984,68671491,Turn_14+
-1.0826985,-3.956123,9.837692,68671691,Turn_14+
-0.83152086,-4.150419,10.180181,68671891,Turn_14+
-1.0336006,-4.1829014,10.168505,68672091,Turn_14+
-1.4111155,-4.0183935,9.174721,68672291,Turn_14+
-2.035168,-4.394711,9.292975,68672490,Turn_14+
-2.027384,-4.387676,9.471105,68672691,Turn_14+
-1.9218535,-4.4441085,10.391541,68672891,Turn_14+
-1.9619701,-4.55383,9.307345,68673091,Turn_14+
-2.3176305,-4.307742,9.30046,68673291,Turn_14+
-2.614463,-4.432732,9.854757,68673490,Turn_14+
-2.7172995,-4.421206,9.9203205,68673690,Turn_14+
-3.0094917,-3.4304163,9.137149,68673890
-2.775229,-3.5488203,9.675879,68674091
-2.5682094,-3.6305501,10.399025,68674291
-2.6973908,-3.0937665,9.397159,68674491
-2.9359946,-3.0767019,9.988729,68674691
-3.0331426,-2.8779154,9.990824,68674891
-2.8571086,-2.2550607,9.525292,68675090
-3.3596137,-2.4915688,10.048155,68675291
-2.9913795,-2.4605832,9.736503,68675491
-2.7249334,-2.43319,9.393416,68675691
-2.2607489,-2.3321502,10.104588,68675891
-2.2656884,-2.411635,10.68972,68676091
-2.1248314,-2.0959415,9.455237,68676291
-2.2007236,-1.9007474,9.942774,68676490
-2.178869,-1.9661614,10.334509,68676691
-2.647245,-1.936972,10.84884,68676891
-2.2041664,-1.5220349,10.241403,68677091
-2.4358845,-1.2211605,9.407337,68677291
-2.6725423,-1.7889299,10.460697,68677490
-2.5267456,0.1924997,11.043884,68703291
-2.8418403,0.506846,11.070529,68703491,Turn_15+
-2.5480013,0.531844,10.030791,68703692,Turn_15+
-2.5113277,0.65234345,10.166708,68703892,Turn_15+
-2.9301567,0.6062393,10.987152,68704092,Turn_15+
-2.7809172,0.515977,10.053394,68704291,Turn_15+
-3.1693592,0.78945833,11.480975,68704492,Turn_15+
-2.9975166,0.57660097,9.887838,68704692,Turn_15+
-3.5842965,0.27946883,10.523716,68704892,Turn_15+
-3.7642221,0.6149213,11.751463,68705092,Turn_15+
-3.0996044,0.62450135,9.58906,68705292,Turn_15+
-3.5337017,0.4034111,10.524165,68705491,Turn_15+
-3.4323623,0.64545774,10.835518,68705692,Turn_15+
-3.2745905,0.77433974,10.499466,68705891,Turn_15+
-3.19795,0.98450273,9.718091,68706092,Turn_15+
-3.4937348,0.63617706,10.892249,68706292,Turn_15+
-3.6181262,0.49606842,10.704839,68706491,Turn_15+
-3.5112484,0.61147845,10.323881,68706692,Turn_15+
-3.4711318,0.49576905,10.169403,68706892,Turn_15+
-3.6404297,0.27123597,10.609038,68707092,Turn_15+
-3.7507503,-0.21435425,10.299782,68707292,Turn_15+
-3.4389486,-0.23007156,9.79099,68707491,Turn_15+
-3.6356397,-0.04939728,10.559791,68707691,Turn_15+
-2.9515622,-0.4951703,9.965077,68707891,Turn_15+
-2.7997777,-0.21315674,10.59377,68708091,Turn_15+
-3.0020072,-1.4013858,10.804682,68708292
-2.7701395,-1.681154,10.280472,68708491
-2.5822802,-1.7094452,9.758207,68708692
-2.4385788,-2.187551,10.048903,68708892
-2.5414152,-2.278861,10.099049,68709092
-2.4266038,-2.389032,10.211165,68709292
-2.0181034,-2.1659958,10.339149,68709492
-1.7612375,-2.0878582,10.291998,68709692
-1.4763799,-1.7753083,10.1012945,68709891
-1.5379019,-2.2852976,10.7838745,68710092
-1.4079721,-2.3761587,10.453662,68710292
-1.5063176,-2.224075,10.76217,68710491
-1.3245955,-2.4119344,10.262509,68710692
-1.5813117,-2.46208,10.595567,68710892
-1.3677058,-2.3888824,9.889784,68711091
-1.2861255,-2.525548,10.807226,68711292
-1.1934682,-2.6960435,10.240505,68711491
-1.3834232,-3.0900242,10.147847,68711692
-1.069526,-3.1440618,9.807605,68711892
-0.8421487,-3.2956965,9.734707,68712291
-0.83661026,-3.8320313,9.401051,68712492,Turn_16+
-0.9627979,-3.8121226,9.917626,68712692,Turn_16+
-1.0081536,-3.836971,10.37253,68712892,Turn_16+
-0.82897615,-4.0525227,9.757609,68713092,Turn_16+
-1.5001804,-4.085903,9.877809,68713292,Turn_16+
-1.6434325,-3.69312,9.787248,68713492,Turn_16+
-1.4968872,-3.9914498,10.515034,68713691,Turn_16+
-1.3027409,-3.8511915,9.273516,68713892,Turn_16+
-1.7640816,-3.85673,9.956245,68714092,Turn_16+
-1.8199154,-3.945196,9.886191,68714292,Turn_16+
-1.5840061,-4.059408,10.327773,68714492,Turn_16+
-1.511407,-3.9921982,9.366772,68714692,Turn_16+
-1.4965879,-4.4875183,10.019415,68714892,Turn_16+
-2.4840844,-4.0203395,9.184451,68715092,Turn_16+
-2.5923092,-4.398453,10.164313,68715292,Turn_16+
-1.9517913,-4.947362,9.1378975,68715492,Turn_16+
-2.1670437,-4.4497967,8.79032,68715692,Turn_16+
-2.2818549,-4.721482,9.182355,68715892,Turn_16+
-2.366429,-4.7877936,8.934471,68716093,Turn_16+
-2.5165668,-4.6493316,9.288035,68716292,Turn_16+
-3.0317953,-4.3638754,9.641002,68716492,Turn_16+
-3.2356713,-4.0149508,9.479637,68716692,Turn_16+
-3.6308496,-3.4855018,9.484726,68716892,Turn_16+
-3.3485367,-3.0009594,9.491912,68717091
-3.4585578,-2.9014165,9.729917,68717292
-3.6347415,-2.6080265,9.946516,68717492
-3.4302666,-2.3987617,9.138646,68717692
-3.496579,-2.8252249,9.81973,68717892
-3.3159046,-2.7132578,9.662557,68718092
-3.562292,-2.6295817,9.495055,68718292
-3.7365298,-2.653981,10.226434,68718492
-3.4061668,-2.2923331,10.098599,68718692
-3.7047958,-2.511627,9.407337,68718892
-3.7275486,-2.7337651,10.147398,68719092
-3.492088,-2.7749295,9.870026,68719292
-2.8312125,-2.2243743,9.245374,68719492
-2.5505462,-2.1278253,9.780361,68719692
-2.6848168,-1.99565,10.426418,68719892
-2.477947,-1.8449135,10.327623,68720092
-2.7608588,-1.7181271,9.987381,68720292
-2.8452833,-2.0109184,8.549171,68720492
-3.2196548,-2.0454965,10.201586,68720692
-2.4840844,-0.8690927,9.99277,68734693
-2.8900402,-0.651595,10.233469,68734893,Turn_17+
-2.9094996,-0.6475534,10.2491865,68735093,Turn_17+
-2.8822563,-0.29533586,10.668165,68735293,Turn_17+
-3.0970597,-0.547711,10.273287,68735493,Turn_17+
-3.0883777,-1.0145901,10.640473,68735693,Turn_17+
-3.1350806,-0.47556105,8.885523,68735893,Turn_17+
-3.0268557,-0.5016069,10.535242,68736093,Turn_17+
-2.984344,-0.5800438,10.481653,68736293,Turn_17+
-2.6664052,0.0086819455,10.64691,68736493,Turn_17+
-2.762206,-0.25192612,10.762918,68736693,Turn_17+
-3.1519954,0.086819455,10.195599,68736893,Turn_17+
-3.2103739,-0.32721955,10.080637,68737093,Turn_17+
-3.2117212,-0.26090744,10.13677,68737293,Turn_17+
-3.3929942,-0.4511618,10.226883,68737492,Turn_17+
-2.984344,-0.74290514,10.443932,68737693,Turn_17+
-3.2043865,-0.2215393,9.775272,68737893,Turn_17+
-3.3462913,-0.1499881,10.450667,68738093,Turn_17+
-3.1659164,-0.23082,10.066267,68738293,Turn_17+
-3.2013927,-0.62390256,9.809252,68738493
-3.237318,-0.46134064,10.036928,68738693
-3.249293,-0.468376,10.448722,68738893
-3.263214,-0.567919,10.248588,68739093
-3.2989898,-0.545316,10.438094,68739293
-3.2446527,-0.6860234,10.144554,68739493
-3.560945,-0.6864725,10.0263,68739693
-3.355123,-0.9707314,9.948612,68739893
-3.136727,-1.0840458,9.673634,68740093
-3.1043944,-1.2807367,10.508298,68740293
-2.3049068,-1.047821,10.67565,69095998
-2.0833676,-1.1463162,10.489737,69096199
-2.146237,-0.9298663,10.476265,69096399
-2.2565575,-0.7909552,10.152338,69096599
-2.0100203,-1.1223661,10.395283,69096798
-2.1713846,-1.1795471,10.623109,69096998
-2.0565734,-1.3940511,10.031689,69097199
-2.0112176,-1.4141093,10.264455,69097399
-2.0724404,-1.5666422,10.485096,69097599
-1.0559043,-1.8125807,10.097103,69100598
-1.1591895,-2.353406,10.304871,69100798,Turn_18+
-1.2084371,-2.7671456,10.433753,69100999,Turn_18+
-0.9412427,-2.419269,9.664204,69101199,Turn_18+
-0.9849518,-2.8653414,10.596764,69101398,Turn_18+
-0.8652008,-2.2659879,10.51683,69101598,Turn_18+
-1.117127,-2.740651,10.097403,69101799,Turn_18+
-0.9313632,-2.7223887,9.933344,69101999,Turn_18+
-0.9960287,-2.645299,10.702294,69102199,Turn_18+
-1.1057506,-2.8533664,9.67977,69102398,Turn_18+
-0.8491841,-2.8918364,10.476863,69102599,Turn_18+
-0.55324954,-2.1891975,10.444381,69102798,Turn_18+
-0.7720944,-2.5319848,10.349927,69102999
-1.0343491,-2.1074674,10.589429,69103199
-1.4964381,-1.9996916,9.874066,69103400
-1.4367124,-1.7384849,10.652597,69103599
-1.5962806,-1.4986835,10.082284,69103799
-1.5510745,-1.445544,10.356364,69103999
-1.7558486,-1.6359481,10.427765,69104199
-1.7163309,-1.5054195,10.104588,69104399
-1.6139438,-1.3736933,10.129885,69104599
-1.6383431,-1.8019528,11.106005,69104799
-2.27467,-1.5714322,10.583442,69289607
-2.409689,-1.4795233,10.028845,69289807
-2.2237756,-1.1647279,10.487492,69290007
-2.2589524,-1.6006215,10.286609,69290205
-2.5982969,-1.4533278,9.855655,69290407
-2.9229717,-1.5629,10.482701,69290606
-2.761757,-1.6232245,9.986932,69290806
-1.5286212,-1.052162,10.388697,69291006
-1.6441809,-1.2626244,10.643467,69291207
-0.89513856,-2.0463946,10.721155,69318607
-1.3539345,-2.1130059,10.0400715,69318807,Turn_1+
-1.275797,-1.814377,11.238779,69319007,Turn_1+
-1.6467257,-1.7476158,10.5074,69319207,Turn_1+
-1.7841399,-2.3095472,9.99292,69319407,Turn_1+
-2.1459374,-2.1444407,10.517429,69319608,Turn_1+
-2.4987538,-2.577041,9.933344,69319808,Turn_1+
-2.135609,-2.7113118,10.243499,69320008,Turn_1+
-2.208657,-2.882406,9.795779,69320208,Turn_1+
-1.9679576,-2.7265801,10.371483,69320408,Turn_1+
-2.1531227,-2.6129663,9.661209,69320608,Turn_1+
-2.4385788,-3.2495925,10.353519,69320808,Turn_1+
-2.174977,-2.756518,10.334359,69321008,Turn_1+
-2.133214,-3.2371683,9.999656,69321208,Turn_1+
-1.7875828,-3.112777,9.862391,69321407,Turn_1+
-2.3282583,-3.2248938,9.970616,69321608,Turn_1+
-1.7420774,-2.5086334,10.051448,69321808,Turn_1+
-2.4161255,-2.9289591,10.375374,69322008,Turn_1+
-1.651366,-2.6738896,9.509126,69322208,Turn_1+
-1.7862355,-3.048411,10.525362,69322408,Turn_1+
-1.5893948,-2.6759853,9.874965,69322608,Turn_1+
-1.7661772,-2.8065138,10.874137,69322808,Turn_1+
-2.0851638,-2.475552,9.597142,69323007,Turn_1+
-1.9239491,-2.9029133,10.269095,69323208,Turn_1+
-2.1306694,-2.5358765,9.768686,69323407,Turn_1+
-1.8181192,-2.8422894,10.040521,69323608,Turn_1+
-1.9516416,-2.8635452,10.263107,69323808,Turn_1+
-1.3370197,-2.549648,10.524465,69324008,Turn_1+
-1.6310083,-2.4971073,10.501562,69324208
-1.6646882,-2.5517435,10.301877,69324408
-1.4284794,-2.4737558,9.921219,69324608
-1.7384849,-2.2993684,10.595567,69324808
-1.4534775,-2.274071,9.975406,69325008
-1.7836908,-2.399211,10.615924,69325208
-1.6031662,-2.2408402,9.671538,69325407
-1.6925304,-2.189497,10.7540865,69325608
-1.8603314,-2.0685484,10.039922,69325808
-1.565744,-1.9209553,9.706864,69326008
-2.0814216,-1.9966979,10.438992,69326208
-1.8616786,-1.7944684,10.054591,69326407
-1.9046392,-1.6944764,10.414144,69326608
-1.9934047,-1.6322058,9.961185,69326808
-1.857637,-1.771117,10.292747,69327008
-2.2258713,-1.6139438,11.35838,69327208
-1.7416283,-1.2534933,9.937834,69327407
-1.88503,-1.4699433,10.669962,69327608
-2.0781286,-1.4483881,10.22344,69327808
-1.0142908,-1.6664845,10.787317,69375610
-1.3645624,-1.805695,10.152787,69375810,Turn_2+
-1.4735358,-1.9467018,10.385553,69376010,Turn_2+
-1.3606704,-1.5319144,9.885892,69376210,Turn_2+
-1.1500584,-1.4908997,10.508298,69376409,Turn_2+
-1.3754897,-1.1066487,10.177485,69376610,Turn_2+
-1.8414706,-0.9577084,10.465038,69376810,Turn_2+
-1.9137703,-0.71790713,10.287058,69377010,Turn_2+
-1.950444,-0.6385721,10.415042,69377210,Turn_2+
-2.1565654,-0.57570285,10.44004,69377410,Turn_2+
-2.0814216,-0.12169693,10.8241415,69377610,Turn_2+
-2.2001247,-0.16645385,10.476414,69377810,Turn_2+
-2.0805235,0.13861175,10.027049,69378010,Turn_2+
-2.266886,0.5502557,10.709629,69378210,Turn_2+
-2.4137306,0.80502594,10.757679,69378409,Turn_2+
-2.1818628,0.9674382,10.204579,69378610,Turn_2+
-2.485282,1.0237212,11.054362,69378810,Turn_2+
-2.1921914,1.3569282,9.879456,69379010,Turn_2+
-2.3433769,1.1617341,11.472742,69379209,Turn_2+
-2.0377126,1.3600717,10.188862,69379409,Turn_2+
-1.8579364,1.0874885,10.522219,69379610,Turn_2+
-2.2008734,0.9701326,10.37238,69379809,Turn_2+
-2.1017792,0.868494,10.866054,69380009,Turn_2+
-2.6667047,0.5831873,11.151211,69380209,Turn_2+
-2.2650898,0.3743715,9.046588,69380410,Turn_2+
-2.9777577,-0.10927276,9.088201,69380610,Turn_2+
-2.9678783,0.32811767,11.718532,69380810,Turn_2+
-2.1670437,-0.04565506,11.421399,69381010,Turn_2+
-1.617237,-2.9937745E-4,9.033265,69381209,Turn_2+
-2.7518775,-1.2400213,10.342892,69381411,Turn_2+
-2.0437002,-0.7020401,10.653047,69381610,Turn_2+
-1.6540604,-1.5127542,10.896291,69381810,Turn_2+
-1.823059,-1.0249187,9.899664,69382010,Turn_2+
-1.9240988,-1.2783417,10.713521,69382209,Turn_2+
-1.2659175,-1.628763,10.042316,69382410,Turn_2+
-1.0999128,-2.1580622,10.133777,69382609,Turn_2+
-1.07716,-2.1454885,10.744058,69382810,Turn_2+
-1.4407539,-2.4896228,10.658586,69383010,Turn_2+
-1.8679656,-2.470762,9.972712,69383210,Turn_2+
-1.9538869,-2.91893,10.425071,69383409,Turn_2+
-1.905238,-3.093018,9.938433,69383610,Turn_2+
-1.3509407,-2.7152038,10.178384,69383810,Turn_2+
-1.6266674,-2.886747,10.176438,69384010,Turn_2+
-1.729204,-3.0005105,9.794283,69384210
-2.0993843,-3.4245787,10.294842,69384410
-1.4889537,-2.9556038,10.011481,69384611
-1.4682966,-3.316653,10.394983,69384810
-1.3880635,-2.7933412,9.925261,69385010
-1.6964222,-2.921325,10.477462,69385210
-1.7545015,-2.756817,9.810299,69385409
-1.8646724,-2.4878266,10.40606,69385610
-2.46687,-2.2520669,10.025851,69385810
-1.8679656,-1.9684067,10.30996,69386010
-2.5387206,-1.9580781,10.323881,69386210
-2.2496717,-1.5382013,10.264605,69386409
-2.5027955,-1.5554155,10.166259,69386610
-2.3725662,-1.5440391,9.851015,69386810
-2.5584795,-1.3471985,10.289303,69387010
-2.799179,-1.1424243,10.482402,69387210
-2.0794756,-1.241668,10.476414,69387410
-2.7304718,-1.3862672,10.720107,69387610
-2.6026378,-1.1364368,10.0266,69387810
-0.36568955,-2.1377046,11.433225,69419412
-0.70428544,-1.8335371,10.638078,69419612,Turn_3+
-0.69216067,-1.710942,10.924133,69419812,Turn_3+
-0.80367875,-1.2605287,10.445728,69420011,Turn_3+
-0.8490344,-1.9113753,10.193652,69420211,Turn_3+
-0.88855225,-1.2840298,10.537487,69420411,Turn_3+
-1.1710149,-1.1981086,10.388098,69420612,Turn_3+
-1.1123369,-1.0940748,10.390792,69420812,Turn_3+
-0.66910857,-0.5788463,10.460697,69421012,Turn_3+
-0.58109164,-0.5376819,10.860366,69421212,Turn_3+
-0.6620732,-0.18082398,11.072924,69421412,Turn_3+
-0.9607022,-0.4034111,11.165581,69421612,Turn_3+
-0.7818242,-0.3492238,10.2933445,69421812,Turn_3+
-0.950224,0.021405486,10.740765,69422011,Turn_3+
-1.2335848,0.45834687,10.874886,69422212,Turn_3+
-0.986299,0.25686586,11.044783,69422412,Turn_3+
-0.92971665,0.7300319,10.070009,69422612,Turn_3+
-1.1081456,0.9000783,10.727442,69422812,Turn_3+
-1.4524297,0.8753796,10.806478,69423012,Turn_3+
-1.7962646,0.9806108,10.890304,69423212,Turn_3+
-2.1612058,1.0828482,10.494227,69423411,Turn_3+
-1.9962487,1.0904824,10.880873,69423611,Turn_3+
-1.7473165,1.3620176,10.111024,69423812,Turn_3+
-1.6622932,1.2365785,10.677446,69424012,Turn_3+
-1.7678238,1.1023078,11.061996,69424212,Turn_3+
-1.6804056,1.2208612,10.427466,69424412,Turn_3+
-1.6341518,1.2823833,10.576556,69424612,Turn_3+
-1.8247055,0.9505234,11.152409,69424812,Turn_3+
-1.7564474,1.0222243,10.808274,69425012,Turn_3+
-1.6865429,1.1726614,10.527308,69425211,Turn_3+
-1.9402652,1.0424323,10.801987,69425411,Turn_3+
-1.8841319,1.1636801,10.878478,69425612,Turn_3+
-1.8351837,1.1389815,10.543026,69425812,Turn_3+
-1.8239571,0.89169574,10.977273,69426012,Turn_3+
-1.7712666,1.045426,10.5024605,69426212,Turn_3+
-1.9037411,0.934357,10.7838745,69426411,Turn_3+
-1.7829423,0.64126647,10.705887,69426611,Turn_3+
-2.251019,0.52001864,10.167906,69426812,Turn_3+
-2.803071,0.4698729,10.899136,69427012,Turn_3+
-2.764601,0.5005591,10.763068,69427212,Turn_3+
-2.5373735,0.78496766,10.092313,69427412,Turn_3+
-2.9624894,0.6294411,9.961335,69427611,Turn_3+
-2.8139982,0.55414766,10.903027,69427811,Turn_3+
-3.0292506,0.6753955,10.557546,69428012,Turn_3+
-2.6078768,0.70144135,10.117012,69428212,Turn_3+
-2.9333003,0.73152876,10.442286,69428413,Turn_3+
-2.9530592,0.09744736,10.561737,69428612,Turn_3+
-2.6958938,0.016765136,10.330318,69428812,Turn_3+
-2.628085,-0.26854157,10.384206,69429012,Turn_3+
-2.91414,-0.57106245,10.034084,69429212,Turn_3+
-3.011288,-0.79424834,10.717263,69429412,Turn_3+
-3.0359867,-0.49831375,9.925111,69429611,Turn_3+
-2.9466224,-0.850681,10.461146,69429812,Turn_3+
-2.8422894,-0.7256909,9.763896,69430011,Turn_3+
-2.2793102,-1.1317964,10.098151,69430212,Turn_3+
-2.8907886,-1.1452684,9.960886,69430412,Turn_3+
-1.8404229,-1.1458671,10.841954,69430612,Turn_3+
-2.3493645,-1.4034815,10.298434,69430811,Turn_3+
-1.7164806,-1.0316547,11.458971,69431012,Turn_3+
-1.9564316,-1.0560539,9.79069,69431212,Turn_3+
-1.869163,-1.4781761,9.8728695,69431411,Turn_3+
-1.9276913,-1.6307089,10.385104,69431611,Turn_3+
-1.5105089,-1.5283219,10.463391,69431812
-1.7998571,-2.5216563,10.344988,69432012
-1.5807129,-2.4234605,9.391022,69432212
-1.5250287,-2.3561006,11.159594,69432411
-2.1007316,-2.4815397,9.67977,69432612
-1.8622774,-2.4533982,10.498119,69432812
-2.46208,-2.2046156,9.888587,69433012
-2.239044,-2.314487,10.179132,69433212
-1.8715581,-2.446812,9.981843,69433412
-2.1633015,-2.5331821,9.732012,69433612
