Latitude,Longitude,Altitude,Timestamp
23.49456,87.31716,69.2,21:14:43
23.49456,87.31716,69.2,21:14:44
23.49456,87.31716,69.2,21:14:45
23.49456,87.31716,69.2,21:14:46
23.49456,87.31716,69.2,21:14:47
23.49456,87.31716,69.2,21:14:48
23.49456,87.31716,69.2,21:14:49
23.49456,87.31716,69.2,21:14:50
23.49456,87.31716,69.2,21:14:51
23.49456,87.31716,69.2,21:14:52
23.49456,87.31716,69.2,21:14:53
23.49456,87.31716,69.2,21:14:54
23.49456,87.31716,69.2,21:14:55
23.49456,87.31716,69.2,21:14:56
23.49456,87.31716,69.2,21:14:57
23.49456,87.31716,69.2,21:14:58
23.49456,87.31716,69.2,21:14:59
23.49456,87.31716,69.2,21:15:00
23.49456,87.31716,69.2,21:15:01
23.49456,87.31716,69.2,21:15:02
23.49456,87.31716,69.2,21:15:03
23.49456,87.31716,69.2,21:15:04
23.49456,87.31716,69.2,21:15:05
23.49456,87.31716,69.2,21:15:06
23.49456,87.31716,69.2,21:15:07
23.49456,87.31716,69.2,21:15:08
23.49456,87.31716,69.2,21:15:09
23.49456,87.31716,69.2,21:15:10
23.49456,87.31716,69.2,21:15:11
23.49456,87.31716,69.2,21:15:12
23.49456,87.31716,69.2,21:15:13
23.49456,87.31716,69.2,21:15:14
23.49456,87.31716,69.2,21:15:15
23.49456,87.31716,69.2,21:15:16
23.49456,87.31716,69.2,21:15:17
23.49456,87.31716,69.2,21:15:18
23.49456,87.31716,69.2,21:15:19
23.49456,87.31716,69.2,21:15:20
23.49456,87.31716,69.2,21:15:21
23.49456,87.31716,69.2,21:15:22
23.49456,87.31716,69.2,21:15:23
23.49456,87.31716,69.2,21:15:24
23.49456,87.31716,69.2,21:15:25
23.49456,87.31716,69.2,21:15:26
23.49456,87.31716,69.2,21:15:27
23.49456,87.31716,69.2,21:15:28
23.49456,87.31716,69.2,21:15:29
23.49456,87.31716,69.2,21:15:30
23.49456,87.31716,69.2,21:15:31
23.49456,87.31716,69.2,21:15:32
23.49456,87.31716,69.2,21:15:33
23.49456,87.31716,69.2,21:15:34
23.49456,87.31716,69.2,21:15:35
23.49456,87.31716,69.2,21:15:36
23.49456,87.31716,69.2,21:15:37
23.49456,87.31716,69.2,21:15:38
23.4945566667,87.3171583333,69.3,21:15:39
23.4945533333,87.3171566667,69.3,21:15:40
23.4945483333,87.317155,69.4,21:15:41
23.494545,87.3171533333,69.6,21:15:42
23.4945416667,87.3171516667,69.8,21:15:43
23.49454,87.3171516667,69.9,21:15:44
23.49454,87.31715,69.9,21:15:45
23.49454,87.31715,70.1,21:15:46
23.49454,87.31715,70.1,21:15:47
23.49454,87.31715,70.1,21:15:48
23.4945383333,87.31715,70.1,21:15:49
23.4945366667,87.3171483333,70.1,21:15:50
23.4945333333,87.3171466667,70.1,21:15:51
23.49453,87.317145,70.2,21:15:52
23.4945283333,87.3171433333,70.2,21:15:53
23.4945266667,87.3171416667,70.2,21:15:54
23.4945266667,87.3171416667,70.3,21:15:55
23.4945283333,87.3171416667,70.4,21:15:56
23.4945283333,87.3171416667,70.4,21:15:57
23.4945283333,87.31714,70.4,21:15:58
23.4945283333,87.31714,70.4,21:15:59
23.4945283333,87.31714,70.4,21:16:00
23.4945283333,87.31714,70.5,21:16:01
23.4945283333,87.31714,70.5,21:16:02
23.4945283333,87.31714,70.5,21:16:03
23.4945283333,87.31714,70.5,21:16:04
23.4945283333,87.31714,70.5,21:16:05
23.4945283333,87.31714,70.5,21:16:06
23.4945283333,87.31714,70.5,21:16:07
23.4945283333,87.31714,70.5,21:16:08
23.4945283333,87.31714,70.5,21:16:09
23.4945283333,87.31714,70.5,21:16:10
23.4945283333,87.31714,70.5,21:16:11
23.4945283333,87.31714,70.5,21:16:12
23.4945283333,87.31714,70.5,21:16:13
23.4945283333,87.31714,70.5,21:16:14
23.4945283333,87.31714,70.5,21:16:15
23.4945283333,87.31714,70.5,21:16:16
23.4945266667,87.31714,70.5,21:16:17
23.494525,87.3171383333,70.6,21:16:18
23.494525,87.3171383333,70.6,21:16:19
23.494525,87.3171383333,70.6,21:16:20
23.494525,87.3171383333,70.6,21:16:21
23.494525,87.3171383333,70.6,21:16:22
23.494525,87.3171383333,70.6,21:16:23
23.494525,87.3171383333,70.6,21:16:24
23.494525,87.3171383333,70.6,21:16:25
23.494525,87.3171383333,70.6,21:16:26
23.494525,87.3171383333,70.6,21:16:27
23.494525,87.3171383333,70.6,21:16:28
23.494525,87.3171383333,70.6,21:16:29
23.494525,87.3171383333,70.6,21:16:30
23.494525,87.3171383333,70.6,21:16:31
23.494525,87.3171383333,70.6,21:16:32
23.494525,87.3171383333,70.6,21:16:33
23.494525,87.3171383333,70.6,21:16:34
23.494525,87.3171383333,70.6,21:16:35
23.494525,87.3171383333,70.6,21:16:36
23.494525,87.3171383333,70.6,21:16:37
23.494525,87.3171383333,70.6,21:16:38
23.49452,87.317135,70.8,21:16:39
23.4945183333,87.317135,70.9,21:16:40
23.4945166667,87.3171333333,71.0,21:16:41
23.4945166667,87.3171316667,71.2,21:16:42
23.4945183333,87.3171316667,71.3,21:16:43
23.4945183333,87.3171316667,71.3,21:16:44
23.4945183333,87.3171316667,71.3,21:16:45
23.4945183333,87.3171316667,71.3,21:16:46
23.4945183333,87.3171316667,71.3,21:16:47
23.4945183333,87.3171316667,71.3,21:16:48
23.4945183333,87.3171316667,71.3,21:16:49
23.4945183333,87.3171316667,71.3,21:16:50
23.4945183333,87.3171316667,71.3,21:16:51
23.4945183333,87.3171316667,71.3,21:16:52
23.4945183333,87.3171316667,71.3,21:16:53
23.4945183333,87.3171316667,71.3,21:16:54
23.4945183333,87.3171316667,71.3,21:16:55
23.4945183333,87.3171316667,71.3,21:16:56
23.4945166667,87.31713,71.3,21:16:57
23.4945166667,87.31713,71.3,21:16:58
23.4945166667,87.31713,71.3,21:16:59
23.4945166667,87.31713,71.3,21:17:00
23.4945166667,87.31713,71.3,21:17:01
23.4945166667,87.31713,71.3,21:17:02
23.4945166667,87.31713,71.3,21:17:03
23.4945166667,87.31713,71.3,21:17:04
23.4945166667,87.31713,71.3,21:17:05
23.4945166667,87.31713,71.3,21:17:06
23.4945166667,87.31713,71.3,21:17:07
23.4945166667,87.31713,71.3,21:17:08
23.4945116667,87.3171283333,71.4,21:17:09
23.4945083333,87.3171266667,71.6,21:17:10
23.4945033333,87.3171233333,71.7,21:17:11
23.4945,87.3171216667,71.8,21:17:12
23.494495,87.31712,71.9,21:17:13
23.4944916667,87.3171183333,72.0,21:17:14
23.4944866667,87.317115,72.2,21:17:15
23.49448,87.3171133333,72.3,21:17:16
23.494475,87.31711,72.4,21:17:17
23.4944716667,87.3171066667,72.5,21:17:18
23.49447,87.317105,72.6,21:17:19
23.4944683333,87.3171016667,72.7,21:17:20
23.4944683333,87.3171,72.8,21:17:21
23.4944666667,87.3170983333,73.0,21:17:22
23.494465,87.3170983333,73.0,21:17:23
23.4944633333,87.3170983333,73.2,21:17:24
23.49446,87.3170966667,73.3,21:17:25
23.4944583333,87.3170966667,73.5,21:17:26
23.494455,87.3170966667,73.5,21:17:27
23.49445,87.317095,73.5,21:17:28
23.4944433333,87.3170933333,73.6,21:17:29
23.494435,87.31709,73.7,21:17:30
23.4944283333,87.31709,73.7,21:17:31
23.4944233333,87.31709,73.8,21:17:32
23.4944183333,87.3170883333,73.9,21:17:33
23.4944116667,87.3170866667,73.8,21:17:34
23.4944033333,87.3170833333,73.9,21:17:35
23.4943933333,87.3170766667,73.9,21:17:36
23.4943816667,87.3170633333,74.0,21:17:37
23.4943733333,87.3170416667,74.1,21:17:38
23.4943716667,87.31702,74.2,21:17:39
23.494375,87.3170033333,74.2,21:17:40
23.49438,87.3169966667,74.3,21:17:41
23.494385,87.31699,74.4,21:17:42
23.4943883333,87.316985,74.4,21:17:43
23.4943933333,87.3169783333,74.5,21:17:44
23.4943983333,87.3169683333,74.7,21:17:45
23.4944083333,87.316955,74.7,21:17:46
23.4944183333,87.3169383333,74.8,21:17:47
23.49443,87.3169216667,74.9,21:17:48
23.49444,87.3169033333,75.0,21:17:49
23.49445,87.316885,74.9,21:17:50
23.494465,87.316865,75.0,21:17:51
23.49448,87.3168483333,74.9,21:17:52
23.494495,87.31683,74.8,21:17:53
23.4945133333,87.3168183333,74.8,21:17:54
23.49453,87.3168116667,74.6,21:17:55
23.4945483333,87.3168083333,74.6,21:17:56
23.4945666667,87.316805,74.7,21:17:57
23.49458,87.3168016667,74.6,21:17:58
23.494595,87.3167933333,74.6,21:17:59
23.494615,87.3167833333,74.5,21:18:00
23.49464,87.316775,74.5,21:18:01
23.4946666667,87.3167683333,74.5,21:18:02
23.4946883333,87.316765,74.6,21:18:03
23.4947083333,87.3167666667,74.5,21:18:04
23.4947283333,87.3167666667,74.4,21:18:05
23.4947516667,87.31677,74.3,21:18:06
23.4947766667,87.316775,74.5,21:18:07
23.494805,87.3167783333,74.5,21:18:08
23.4948283333,87.3167783333,74.6,21:18:09
23.4948566667,87.316775,74.7,21:18:10
23.4948833333,87.31677,74.9,21:18:11
23.4949116667,87.3167616667,74.5,21:18:12
23.494945,87.3167483333,74.8,21:18:13
23.49498,87.3167266667,74.7,21:18:14
23.49501,87.3167033333,74.7,21:18:15
23.4950333333,87.3166783333,74.9,21:18:16
23.4950466667,87.3166583333,74.9,21:18:17
23.4950566667,87.3166333333,75.0,21:18:18
23.49507,87.316605,75.1,21:18:19
23.4950866667,87.3165766667,75.6,21:18:20
23.495105,87.31654,75.9,21:18:21
23.4951283333,87.3164983333,76.0,21:18:22
23.4951533333,87.3164516667,76.0,21:18:23
23.49518,87.3164033333,76.0,21:18:24
23.49521,87.31635,75.9,21:18:25
23.4952433333,87.316295,76.0,21:18:26
23.49528,87.3162333333,76.1,21:18:27
23.4953133333,87.3161716667,76.2,21:18:28
23.4953416667,87.31611,76.4,21:18:29
23.4953683333,87.3160433333,76.6,21:18:30
23.4953933333,87.3159733333,76.7,21:18:31
23.495425,87.3159,76.5,21:18:32
23.49546,87.3158233333,76.6,21:18:33
23.4954933333,87.3157383333,76.8,21:18:34
23.495525,87.3156516667,76.8,21:18:35
23.495555,87.3155633333,77.0,21:18:36
23.495585,87.3154716667,77.2,21:18:37
23.4956133333,87.3153783333,77.2,21:18:38
23.4956383333,87.3152866667,77.3,21:18:39
23.4956616667,87.3151983333,77.4,21:18:40
23.4956833333,87.3151133333,77.5,21:18:41
23.4957033333,87.3150316667,77.7,21:18:42
23.4957183333,87.314955,77.9,21:18:43
23.495735,87.314885,78.1,21:18:44
23.4957483333,87.3148266667,78.2,21:18:45
23.4957566667,87.3147766667,78.3,21:18:46
23.495765,87.31473,78.5,21:18:47
23.4957766667,87.3146866667,78.5,21:18:48
23.4957933333,87.3146433333,78.3,21:18:49
23.4958166667,87.3146,78.4,21:18:50
23.4958433333,87.314555,78.4,21:18:51
23.49588,87.3145083333,78.5,21:18:52
23.49592,87.314455,78.3,21:18:53
23.495965,87.3143966667,78.2,21:18:54
23.4960116667,87.3143316667,78.3,21:18:55
23.4960583333,87.3142583333,78.4,21:18:56
23.496105,87.314185,78.5,21:18:57
23.4961533333,87.3141116667,78.5,21:18:58
23.496205,87.3140383333,78.6,21:18:59
23.4962483333,87.3139666667,78.7,21:19:00
23.49629,87.3139,78.6,21:19:01
23.49632,87.3138466667,78.4,21:19:02
23.4963383333,87.31381,78.1,21:19:03
23.49635,87.3137883333,77.8,21:19:04
23.4963583333,87.3137766667,77.5,21:19:05
23.4963633333,87.3137716667,77.3,21:19:06
23.496365,87.31377,77.1,21:19:07
23.4963666667,87.3137716667,77.2,21:19:08
23.49637,87.3137716667,77.2,21:19:09
23.49637,87.3137716667,77.2,21:19:10
23.49637,87.3137716667,77.1,21:19:11
23.49637,87.3137716667,77.1,21:19:12
23.49637,87.3137716667,77.1,21:19:13
23.49637,87.3137716667,77.1,21:19:14
23.49637,87.3137716667,77.1,21:19:15
23.49637,87.3137716667,77.1,21:19:16
23.49637,87.3137716667,77.1,21:19:17
23.49637,87.3137716667,77.1,21:19:18
23.49637,87.3137716667,77.1,21:19:19
23.49637,87.3137716667,77.1,21:19:20
23.49637,87.3137716667,77.1,21:19:21
23.49637,87.3137716667,77.1,21:19:22
23.49637,87.3137716667,77.1,21:19:23
23.49637,87.3137716667,77.1,21:19:24
23.49637,87.3137716667,77.1,21:19:25
23.49637,87.3137716667,77.1,21:19:26
23.49637,87.3137716667,77.1,21:19:27
23.49637,87.3137716667,77.1,21:19:28
23.49637,87.3137716667,77.1,21:19:29
23.49637,87.3137716667,77.1,21:19:30
23.4963733333,87.3137683333,77.1,21:19:31
23.49638,87.3137566667,77.2,21:19:32
23.4963783333,87.3137416667,77.5,21:19:33
23.49639,87.3137233333,77.8,21:19:34
23.4963983333,87.31371,78.0,21:19:35
23.496405,87.3137,78.2,21:19:36
23.4964083333,87.313695,78.3,21:19:37
23.496415,87.3136833333,78.5,21:19:38
23.4964266667,87.3136616667,78.6,21:19:39
23.49644,87.3136366667,78.7,21:19:40
23.4964616667,87.3136016667,78.8,21:19:41
23.4964833333,87.3135666667,78.9,21:19:42
23.4965033333,87.31353,79.0,21:19:43
23.496525,87.31349,79.1,21:19:44
23.4965516667,87.3134416667,79.2,21:19:45
23.4965816667,87.3133916667,79.3,21:19:46
23.496615,87.313335,79.4,21:19:47
23.4966516667,87.3132733333,79.5,21:19:48
23.4966883333,87.3132083333,79.7,21:19:49
23.4967283333,87.3131383333,79.9,21:19:50
23.4967716667,87.3130633333,79.9,21:19:51
23.4968183333,87.312985,80.2,21:19:52
23.4968666667,87.3129083333,80.2,21:19:53
23.496915,87.3128316667,80.2,21:19:54
23.496965,87.31275,80.4,21:19:55
23.4970166667,87.312665,80.5,21:19:56
23.4970666667,87.3125783333,80.6,21:19:57
23.4971183333,87.3124866667,80.8,21:19:58
23.4971733333,87.312395,81.0,21:19:59
23.49723,87.3123033333,81.2,21:20:00
23.49729,87.3122083333,81.3,21:20:01
23.4973533333,87.31211,81.3,21:20:02
23.4974166667,87.31201,81.4,21:20:03
23.49748,87.311905,81.6,21:20:04
23.497545,87.3118016667,81.9,21:20:05
23.4976083333,87.3116983333,82.0,21:20:06
23.4976733333,87.311595,82.4,21:20:07
23.4977316667,87.3114866667,82.5,21:20:08
23.497795,87.3113816667,82.7,21:20:09
23.4978633333,87.3112766667,83.1,21:20:10
23.4979283333,87.3111683333,83.2,21:20:11
23.4979933333,87.31106,83.7,21:20:12
23.49806,87.3109483333,84.3,21:20:13
23.498125,87.3108333333,84.4,21:20:14
23.4981916667,87.3107183333,84.9,21:20:15
23.4982566667,87.3106033333,84.9,21:20:16
23.4983233333,87.310485,85.6,21:20:17
23.4983916667,87.3103666667,86.3,21:20:18
23.49846,87.310245,87.0,21:20:19
23.4985316667,87.3101233333,87.6,21:20:20
23.4986016667,87.3100016667,87.9,21:20:21
23.49867,87.3098816667,88.3,21:20:22
23.4987366667,87.3097616667,88.8,21:20:23
23.4988,87.309645,88.5,21:20:24
23.4988666667,87.3095283333,88.9,21:20:25
23.4989283333,87.3094116667,89.1,21:20:26
23.4989866667,87.3092933333,89.2,21:20:27
23.4990383333,87.3091733333,89.4,21:20:28
23.4990833333,87.3090533333,89.5,21:20:29
23.4991266667,87.3089333333,89.6,21:20:30
23.4991683333,87.3088116667,89.7,21:20:31
23.49921,87.3086933333,89.9,21:20:32
23.49925,87.3085716667,90.0,21:20:33
23.4992916667,87.3084483333,90.3,21:20:34
23.4993333333,87.3083283333,90.6,21:20:35
23.4993783333,87.3082083333,90.6,21:20:36
23.4994216667,87.3080883333,90.8,21:20:37
23.4994616667,87.3079666667,90.8,21:20:38
23.4995,87.3078433333,91.0,21:20:39
23.4995416667,87.30772,91.2,21:20:40
23.4995833333,87.3075966667,91.1,21:20:41
23.499625,87.3074716667,91.2,21:20:42
23.4996666667,87.307345,91.3,21:20:43
23.4997083333,87.30722,91.2,21:20:44
23.49975,87.307095,91.2,21:20:45
23.4997933333,87.3069733333,92.0,21:20:46
23.4998366667,87.306855,92.3,21:20:47
23.499875,87.3067366667,92.8,21:20:48
23.49991,87.306625,93.0,21:20:49
23.4999433333,87.30652,93.0,21:20:50
23.4999783333,87.30642,92.9,21:20:51
23.5000083333,87.3063266667,92.7,21:20:52
23.5000316667,87.30624,92.6,21:20:53
23.5000383333,87.3061566667,92.5,21:20:54
23.500025,87.3060833333,92.9,21:20:55
23.5000066667,87.3060183333,93.2,21:20:56
23.499995,87.3059616667,93.0,21:20:57
23.4999983333,87.3059083333,92.9,21:20:58
23.500015,87.305865,92.8,21:20:59
23.50004,87.3058316667,92.5,21:21:00
23.5000733333,87.3058116667,92.5,21:21:01
23.50011,87.305805,92.1,21:21:02
23.5001533333,87.3058016667,92.0,21:21:03
23.5001916667,87.3058033333,92.0,21:21:04
23.5002216667,87.305805,91.9,21:21:05
23.500245,87.3058083333,91.8,21:21:06
23.5002583333,87.3058133333,91.6,21:21:07
23.50027,87.3058166667,91.5,21:21:08
23.500275,87.3058183333,91.4,21:21:09
23.500275,87.30582,91.5,21:21:10
23.500275,87.30582,91.8,21:21:11
23.500275,87.30582,91.8,21:21:12
23.500275,87.30582,91.8,21:21:13
23.500275,87.30582,91.8,21:21:14
23.500275,87.30582,91.8,21:21:15
23.500275,87.30582,91.8,21:21:16
23.500275,87.30582,91.8,21:21:17
23.500275,87.30582,91.8,21:21:18
23.500275,87.30582,91.8,21:21:19
23.500275,87.30582,91.8,21:21:20
23.500275,87.30582,91.8,21:21:21
23.500275,87.30582,91.8,21:21:22
23.500275,87.30582,91.8,21:21:23
23.500275,87.30582,91.8,21:21:24
23.500275,87.30582,91.8,21:21:25
23.500275,87.30582,91.8,21:21:26
23.500275,87.30582,91.8,21:21:27
23.500275,87.30582,91.8,21:21:28
23.5002833333,87.30582,91.8,21:21:29
23.5003,87.3058233333,91.7,21:21:30
23.5003216667,87.3058316667,91.5,21:21:31
23.5003466667,87.3058383333,91.3,21:21:32
23.5003716667,87.3058466667,90.9,21:21:33
23.5004016667,87.30585,90.6,21:21:34
23.50044,87.3058583333,90.4,21:21:35
23.50048,87.3058666667,90.5,21:21:36
23.5005216667,87.3058716667,90.3,21:21:37
23.50057,87.30588,90.2,21:21:38
23.5006266667,87.3058916667,89.7,21:21:39
23.5006866667,87.3059083333,89.5,21:21:40
23.50075,87.3059316667,89.3,21:21:41
23.5008166667,87.30596,89.1,21:21:42
23.5008866667,87.3059916667,89.2,21:21:43
23.5009583333,87.3060266667,89.0,21:21:44
23.50103,87.3060666667,89.3,21:21:45
23.5011033333,87.3061083333,89.3,21:21:46
23.5011816667,87.3061516667,89.3,21:21:47
23.5012633333,87.3061983333,89.4,21:21:48
23.5013433333,87.306245,89.5,21:21:49
23.5014233333,87.30629,89.7,21:21:50
23.5014983333,87.3063383333,89.8,21:21:51
23.50157,87.3063816667,89.9,21:21:52
23.5016383333,87.3064216667,90.1,21:21:53
23.5017016667,87.306465,90.0,21:21:54
23.5017666667,87.306505,90.1,21:21:55
23.5018383333,87.306545,90.1,21:21:56
23.5019116667,87.306585,90.3,21:21:57
23.5019883333,87.30663,90.5,21:21:58
23.502065,87.3066783333,90.7,21:21:59
23.5021433333,87.3067266667,90.9,21:22:00
23.5022233333,87.3067766667,91.1,21:22:01
23.502305,87.3068233333,91.2,21:22:02
23.5023883333,87.3068633333,91.4,21:22:03
23.50247,87.306895,91.6,21:22:04
23.5025483333,87.3069216667,91.6,21:22:05
23.5026233333,87.306945,91.7,21:22:06
23.5026916667,87.3069683333,91.8,21:22:07
23.502755,87.3069916667,91.8,21:22:08
23.5028116667,87.307015,91.8,21:22:09
23.5028583333,87.3070516667,91.9,21:22:10
23.5028983333,87.3070966667,92.1,21:22:11
23.5029383333,87.3071466667,92.1,21:22:12
23.5029816667,87.3071983333,92.1,21:22:13
23.5030283333,87.30725,92.3,21:22:14
23.50308,87.3072983333,92.4,21:22:15
23.50313,87.3073366667,92.4,21:22:16
23.5031766667,87.30737,92.5,21:22:17
23.5032166667,87.3073966667,92.6,21:22:18
23.5032433333,87.307415,92.5,21:22:19
23.5032583333,87.307425,92.6,21:22:20
23.5032633333,87.30743,92.6,21:22:21
23.5032616667,87.30743,92.7,21:22:22
23.50326,87.3074316667,92.6,21:22:23
23.5032566667,87.3074316667,92.6,21:22:24
23.5032566667,87.3074316667,92.6,21:22:25
23.5032566667,87.3074316667,92.6,21:22:26
23.5032566667,87.3074316667,92.6,21:22:27
23.5032566667,87.3074316667,92.6,21:22:28
23.5032566667,87.3074316667,92.6,21:22:29
23.5032566667,87.3074316667,92.6,21:22:30
23.5032566667,87.3074316667,92.6,21:22:31
23.5032566667,87.3074316667,92.6,21:22:32
23.5032566667,87.3074316667,92.6,21:22:33
23.5032566667,87.3074316667,92.6,21:22:34
23.5032566667,87.3074316667,92.6,21:22:35
23.5032566667,87.3074316667,92.6,21:22:36
23.5032566667,87.3074316667,92.6,21:22:37
23.5032566667,87.3074316667,92.6,21:22:38
23.5032566667,87.3074316667,92.6,21:22:39
23.5032566667,87.3074316667,92.6,21:22:40
23.5032566667,87.3074316667,92.6,21:22:41
23.5032616667,87.307435,92.7,21:22:42
23.5032783333,87.3074433333,92.9,21:22:43
23.503305,87.3074483333,93.3,21:22:44
23.5033416667,87.3074666667,93.6,21:22:45
23.5033816667,87.30749,93.7,21:22:46
23.50342,87.3075166667,93.7,21:22:47
23.5034666667,87.3075433333,93.7,21:22:48
23.5035183333,87.307575,93.7,21:22:49
23.503575,87.30761,93.6,21:22:50
23.5036366667,87.3076483333,93.7,21:22:51
23.5037016667,87.30769,93.8,21:22:52
23.5037683333,87.3077316667,93.8,21:22:53
23.503835,87.307775,93.9,21:22:54
23.503905,87.30782,93.9,21:22:55
23.5039783333,87.3078666667,94.0,21:22:56
23.504055,87.307915,93.9,21:22:57
23.5041333333,87.3079616667,94.0,21:22:58
23.50421,87.3080066667,94.1,21:22:59
23.5042833333,87.3080516667,94.1,21:23:00
23.5043566667,87.3080933333,94.2,21:23:01
23.5044283333,87.3081366667,94.2,21:23:02
23.5044933333,87.30818,94.2,21:23:03
23.504555,87.3082216667,94.3,21:23:04
23.5046183333,87.3082633333,94.3,21:23:05
23.5046816667,87.30831,94.2,21:23:06
23.5047483333,87.3083583333,94.1,21:23:07
23.5048233333,87.3084016667,94.1,21:23:08
23.5049033333,87.308445,94.0,21:23:09
23.504985,87.3084883333,94.0,21:23:10
23.5050666667,87.3085316667,94.0,21:23:11
23.5051433333,87.3085783333,93.9,21:23:12
23.50522,87.3086233333,93.8,21:23:13
23.505295,87.3086716667,93.7,21:23:14
23.5053683333,87.30872,93.5,21:23:15
23.505445,87.3087716667,93.4,21:23:16
23.5055216667,87.308825,93.4,21:23:17
23.505605,87.308875,93.3,21:23:18
23.5056933333,87.3089233333,93.3,21:23:19
23.5057816667,87.3089733333,93.2,21:23:20
23.50587,87.3090216667,93.3,21:23:21
23.5059583333,87.3090716667,93.4,21:23:22
23.5060433333,87.309125,93.4,21:23:23
23.5061283333,87.3091766667,93.4,21:23:24
23.50621,87.309225,93.4,21:23:25
23.5062916667,87.3092716667,93.5,21:23:26
23.506375,87.3093216667,93.6,21:23:27
23.5064583333,87.30937,93.8,21:23:28
23.50654,87.3094183333,94.1,21:23:29
23.50662,87.3094683333,94.1,21:23:30
23.5067033333,87.3095166667,94.4,21:23:31
23.5067866667,87.3095683333,94.5,21:23:32
23.5068683333,87.3096183333,94.7,21:23:33
23.50695,87.30967,94.8,21:23:34
23.5070316667,87.3097183333,95.0,21:23:35
23.5071116667,87.3097683333,95.1,21:23:36
23.507195,87.30982,95.2,21:23:37
23.5072783333,87.3098733333,95.4,21:23:38
23.5073633333,87.3099266667,95.5,21:23:39
23.50745,87.30998,95.8,21:23:40
23.507535,87.3100316667,95.9,21:23:41
23.5076216667,87.3100783333,96.1,21:23:42
23.5077033333,87.3101233333,96.3,21:23:43
23.50778,87.3101633333,96.4,21:23:44
23.507845,87.3102,96.5,21:23:45
23.5079,87.31023,96.5,21:23:46
23.50795,87.3102483333,96.6,21:23:47
23.5079916667,87.3102666667,96.6,21:23:48
23.50803,87.3102816667,96.7,21:23:49
23.5080683333,87.3102983333,96.8,21:23:50
23.5081083333,87.3103166667,96.8,21:23:51
23.5081533333,87.3103316667,97.0,21:23:52
23.5081983333,87.3103466667,97.1,21:23:53
23.5082433333,87.31036,97.2,21:23:54
23.5082883333,87.31038,97.2,21:23:55
23.508335,87.3104033333,97.2,21:23:56
23.5083833333,87.3104283333,97.1,21:23:57
23.508435,87.310455,97.3,21:23:58
23.50849,87.31048,97.4,21:23:59
23.508545,87.3105033333,97.4,21:24:00
23.5085966667,87.3105183333,97.4,21:24:01
23.5086416667,87.3105283333,97.5,21:24:02
23.5086883333,87.3105316667,97.5,21:24:03
23.5087366667,87.310535,97.6,21:24:04
23.5087866667,87.31054,97.6,21:24:05
23.5088416667,87.310545,97.7,21:24:06
23.5088966667,87.31055,97.7,21:24:07
23.5089516667,87.3105533333,97.7,21:24:08
23.5090033333,87.310555,97.8,21:24:09
23.5090516667,87.3105583333,97.9,21:24:10
23.5090983333,87.3105616667,98.0,21:24:11
23.5091466667,87.3105633333,98.0,21:24:12
23.5091983333,87.3105666667,98.0,21:24:13
23.50925,87.3105683333,98.1,21:24:14
23.5093033333,87.3105683333,98.2,21:24:15
23.50936,87.3105683333,98.2,21:24:16
23.5094133333,87.3105716667,98.3,21:24:17
23.5094633333,87.31057,98.3,21:24:18
23.5095133333,87.31057,98.4,21:24:19
23.5095616667,87.3105716667,98.4,21:24:20
23.5096116667,87.3105733333,98.6,21:24:21
23.50966,87.310575,98.7,21:24:22
23.5097033333,87.310575,98.8,21:24:23
23.509745,87.3105733333,98.8,21:24:24
23.5097866667,87.3105733333,98.9,21:24:25
23.5098266667,87.3105733333,98.9,21:24:26
23.50987,87.31057,98.9,21:24:27
23.509915,87.3105666667,98.8,21:24:28
23.5099583333,87.310565,99.0,21:24:29
23.510005,87.3105633333,99.0,21:24:30
23.51005,87.31056,99.1,21:24:31
23.5100966667,87.3105583333,99.2,21:24:32
23.5101433333,87.3105583333,99.3,21:24:33
23.51019,87.31056,99.3,21:24:34
23.510235,87.31056,99.4,21:24:35
23.5102783333,87.3105583333,99.5,21:24:36
23.51032,87.3105566667,99.6,21:24:37
23.5103583333,87.310555,99.8,21:24:38
23.5104016667,87.3105533333,100.0,21:24:39
23.51045,87.3105516667,100.0,21:24:40
23.5105,87.3105483333,100.0,21:24:41
23.51055,87.310545,100.2,21:24:42
23.5105983333,87.3105416667,100.5,21:24:43
23.510645,87.3105366667,100.8,21:24:44
23.5106883333,87.3105316667,100.7,21:24:45
23.51073,87.3105266667,100.7,21:24:46
23.5107716667,87.31052,100.6,21:24:47
23.510815,87.3105066667,100.5,21:24:48
23.5108566667,87.3104966667,100.4,21:24:49
23.5109,87.3104866667,100.3,21:24:50
23.5109433333,87.3104783333,100.2,21:24:51
23.5109833333,87.3104766667,100.1,21:24:52
23.5110233333,87.31048,100.1,21:24:53
23.511065,87.31049,100.1,21:24:54
23.5111116667,87.3105033333,100.2,21:24:55
23.5111616667,87.310515,100.3,21:24:56
23.5112116667,87.3105233333,100.5,21:24:57
23.5112633333,87.31053,100.8,21:24:58
23.511315,87.3105333333,100.9,21:24:59
23.511365,87.310535,101.0,21:25:00
23.5114133333,87.3105366667,101.0,21:25:01
23.51146,87.31054,101.2,21:25:02
23.5115066667,87.3105416667,101.2,21:25:03
23.51155,87.3105416667,101.1,21:25:04
23.511595,87.31054,101.2,21:25:05
23.511635,87.3105383333,101.3,21:25:06
23.5116783333,87.3105366667,101.4,21:25:07
23.5117166667,87.3105366667,101.4,21:25:08
23.5117566667,87.3105383333,101.4,21:25:09
23.5117966667,87.3105366667,101.5,21:25:10
23.51184,87.3105366667,101.2,21:25:11
23.5118866667,87.31054,101.1,21:25:12
23.511935,87.3105433333,101.2,21:25:13
23.5119816667,87.3105433333,101.2,21:25:14
23.512025,87.31054,101.3,21:25:15
23.5120683333,87.3105383333,101.4,21:25:16
23.5121116667,87.3105366667,101.4,21:25:17
23.5121533333,87.3105366667,101.4,21:25:18
23.5121983333,87.310545,101.3,21:25:19
23.51224,87.3105433333,101.4,21:25:20
23.5122866667,87.3105416667,101.6,21:25:21
23.5123316667,87.3105433333,101.3,21:25:22
23.51238,87.3105416667,101.5,21:25:23
23.5124283333,87.3105416667,101.6,21:25:24
23.512475,87.3105416667,101.8,21:25:25
23.51252,87.3105366667,101.9,21:25:26
23.5125666667,87.310535,101.6,21:25:27
23.5126133333,87.310535,101.5,21:25:28
23.5126583333,87.3105316667,101.6,21:25:29
23.512705,87.31053,101.5,21:25:30
23.5127516667,87.3105316667,101.5,21:25:31
23.5127966667,87.3105316667,101.5,21:25:32
23.5128416667,87.3105333333,101.5,21:25:33
23.512885,87.3105316667,101.4,21:25:34
23.5129233333,87.3105316667,101.5,21:25:35
23.5129616667,87.3105333333,101.5,21:25:36
23.5130016667,87.3105333333,101.4,21:25:37
23.5130433333,87.3105333333,101.5,21:25:38
23.5130866667,87.310535,101.4,21:25:39
23.5131333333,87.3105366667,101.4,21:25:40
23.5131833333,87.3105433333,101.4,21:25:41
23.51324,87.3105516667,101.4,21:25:42
23.5133016667,87.310555,101.5,21:25:43
23.5133683333,87.310555,101.6,21:25:44
23.51344,87.310555,101.7,21:25:45
23.5135133333,87.3105516667,101.7,21:25:46
23.5135866667,87.3105466667,101.9,21:25:47
23.51366,87.3105416667,102.2,21:25:48
23.513735,87.3105366667,102.4,21:25:49
23.513815,87.3105333333,102.6,21:25:50
23.5139,87.310535,102.8,21:25:51
23.5139833333,87.31054,102.9,21:25:52
23.51407,87.3105483333,103.1,21:25:53
23.51416,87.31056,103.3,21:25:54
23.5142516667,87.31057,103.4,21:25:55
23.514345,87.31058,103.6,21:25:56
23.5144383333,87.31059,103.8,21:25:57
23.5145283333,87.3105983333,103.9,21:25:58
23.5146183333,87.31061,104.1,21:25:59
23.5147083333,87.31062,104.3,21:26:00
23.5147983333,87.31063,104.2,21:26:01
23.51489,87.3106416667,104.0,21:26:02
23.5149833333,87.3106566667,104.0,21:26:03
23.5150783333,87.3106716667,104.1,21:26:04
23.5151766667,87.3106916667,103.8,21:26:05
23.515275,87.3107133333,103.7,21:26:06
23.5153766667,87.310735,103.6,21:26:07
23.5154783333,87.31076,103.6,21:26:08
23.51558,87.3107883333,103.9,21:26:09
23.51568,87.3108166667,104.1,21:26:10
23.51578,87.3108466667,104.3,21:26:11
23.5158783333,87.3108766667,104.4,21:26:12
23.5159766667,87.3109083333,104.6,21:26:13
23.516075,87.3109416667,104.8,21:26:14
23.5161716667,87.3109766667,105.0,21:26:15
23.5162683333,87.3110083333,105.4,21:26:16
23.5163633333,87.3110366667,105.5,21:26:17
23.5164583333,87.3110666667,105.8,21:26:18
23.5165533333,87.3110983333,106.1,21:26:19
23.5166483333,87.31113,106.2,21:26:20
23.516745,87.3111616667,106.4,21:26:21
23.51684,87.3111933333,106.6,21:26:22
23.5169383333,87.311225,106.8,21:26:23
23.517035,87.311255,107.2,21:26:24
23.51713,87.311285,107.6,21:26:25
23.5172266667,87.31131,108.0,21:26:26
23.51732,87.3113366667,108.4,21:26:27
23.517415,87.311365,108.8,21:26:28
23.51751,87.31139,108.6,21:26:29
23.517605,87.3114033333,108.7,21:26:30
23.5177033333,87.3114033333,109.2,21:26:31
23.5178,87.311395,109.2,21:26:32
23.517895,87.3113833333,109.0,21:26:33
23.5179883333,87.3113683333,109.0,21:26:34
23.5180816667,87.3113533333,109.0,21:26:35
23.5181766667,87.3113383333,108.9,21:26:36
23.5182733333,87.3113233333,108.9,21:26:37
23.5183716667,87.311305,108.9,21:26:38
23.51847,87.311285,108.8,21:26:39
23.5185716667,87.3112666667,108.8,21:26:40
23.518675,87.3112466667,108.8,21:26:41
23.5187766667,87.3112266667,108.7,21:26:42
23.51888,87.3112033333,108.6,21:26:43
23.5189766667,87.3111783333,108.4,21:26:44
23.51907,87.311155,108.5,21:26:45
23.519155,87.3111333333,108.6,21:26:46
23.5192283333,87.3111166667,109.3,21:26:47
23.5192916667,87.3111033333,109.6,21:26:48
23.5193383333,87.311085,109.7,21:26:49
23.5193733333,87.3110733333,109.3,21:26:50
23.5193933333,87.3110716667,109.3,21:26:51
23.5194016667,87.3110716667,109.2,21:26:52
23.5194016667,87.3110716667,109.0,21:26:53
23.5194,87.3110716667,108.8,21:26:54
23.5194066667,87.31107,108.5,21:26:55
23.5194233333,87.31107,108.3,21:26:56
23.5194516667,87.3110633333,108.0,21:26:57
23.5194883333,87.3110566667,107.7,21:26:58
23.5195283333,87.3110516667,107.6,21:26:59
23.51957,87.31105,107.5,21:27:00
23.5196183333,87.3110566667,107.4,21:27:01
23.51967,87.3110683333,107.5,21:27:02
23.5197283333,87.311085,107.4,21:27:03
23.5197933333,87.3111083333,107.4,21:27:04
23.5198616667,87.3111316667,107.6,21:27:05
23.5199316667,87.3111533333,107.7,21:27:06
23.5200066667,87.31117,107.8,21:27:07
23.5200866667,87.3111866667,107.8,21:27:08
23.5201683333,87.3112066667,107.8,21:27:09
23.520255,87.3112266667,107.8,21:27:10
23.5203466667,87.31125,107.8,21:27:11
23.5204416667,87.3112716667,107.6,21:27:12
23.5205433333,87.3112916667,107.5,21:27:13
23.5206483333,87.3113116667,107.3,21:27:14
23.5207583333,87.3113283333,107.2,21:27:15
23.520875,87.31134,107.2,21:27:16
23.520995,87.3113566667,107.1,21:27:17
23.5211166667,87.311375,107.0,21:27:18
23.52124,87.3113983333,107.0,21:27:19
23.521365,87.3114266667,106.9,21:27:20
23.5214933333,87.3114516667,106.8,21:27:21
23.521625,87.31147,106.5,21:27:22
23.5217616667,87.3114866667,106.6,21:27:23
23.5219,87.3115066667,106.6,21:27:24
23.52204,87.311525,106.6,21:27:25
23.5221833333,87.3115416667,106.7,21:27:26
23.52233,87.3115616667,106.7,21:27:27
23.5224766667,87.3115816667,106.5,21:27:28
23.5226216667,87.3115966667,106.5,21:27:29
23.5227633333,87.3116033333,106.4,21:27:30
23.522905,87.3116016667,106.4,21:27:31
23.523045,87.3115916667,106.5,21:27:32
23.5231833333,87.311575,106.6,21:27:33
23.523325,87.3115483333,106.7,21:27:34
23.523465,87.31152,106.9,21:27:35
23.5236066667,87.3114883333,106.9,21:27:36
23.5237516667,87.3114566667,106.9,21:27:37
23.5238966667,87.3114266667,106.8,21:27:38
23.5240416667,87.311395,106.9,21:27:39
23.524185,87.3113633333,106.9,21:27:40
23.524325,87.3113333333,106.9,21:27:41
23.5244616667,87.3113033333,107.0,21:27:42
23.52459,87.3112766667,107.2,21:27:43
23.5247116667,87.31125,107.3,21:27:44
23.5248283333,87.3112233333,107.6,21:27:45
23.5249416667,87.3112033333,107.7,21:27:46
23.5250533333,87.311185,107.7,21:27:47
23.52516,87.3111666667,107.6,21:27:48
23.5252666667,87.3111483333,107.5,21:27:49
23.525375,87.3111316667,107.4,21:27:50
23.5254883333,87.3111166667,107.4,21:27:51
23.5256066667,87.3111066667,107.2,21:27:52
23.5257283333,87.3110966667,106.9,21:27:53
23.5258516667,87.3110916667,106.5,21:27:54
23.525975,87.311085,106.1,21:27:55
23.5260966667,87.3110766667,105.8,21:27:56
23.526215,87.31107,105.5,21:27:57
23.52633,87.3110633333,105.2,21:27:58
23.526445,87.31106,105.1,21:27:59
23.52656,87.3110566667,105.0,21:28:00
23.526665,87.3110533333,105.1,21:28:01
23.5267566667,87.3110483333,105.2,21:28:02
23.5268316667,87.311045,105.1,21:28:03
23.5268916667,87.3110433333,105.2,21:28:04
23.5269333333,87.311045,105.2,21:28:05
23.526965,87.3110466667,105.2,21:28:06
23.527,87.3110433333,105.2,21:28:07
23.5270383333,87.3110383333,105.2,21:28:08
23.527085,87.311035,105.1,21:28:09
23.5271366667,87.3110316667,105.0,21:28:10
23.5271966667,87.3110316667,104.9,21:28:11
23.5272633333,87.311035,104.7,21:28:12
23.527335,87.3110366667,104.6,21:28:13
23.5274133333,87.3110366667,104.7,21:28:14
23.527495,87.3110366667,104.7,21:28:15
23.52758,87.3110366667,104.7,21:28:16
23.5276666667,87.31104,104.8,21:28:17
23.5277566667,87.3110466667,105.0,21:28:18
23.5278483333,87.3110533333,105.1,21:28:19
23.527945,87.3110616667,105.3,21:28:20
23.52804,87.3110683333,105.5,21:28:21
23.5281316667,87.311075,105.6,21:28:22
23.5282166667,87.3110816667,106.0,21:28:23
23.52829,87.3110816667,106.8,21:28:24
23.5283483333,87.3110783333,107.6,21:28:25
23.52839,87.3110716667,107.9,21:28:26
23.528415,87.311065,108.0,21:28:27
23.5284233333,87.31106,107.7,21:28:28
23.528425,87.3110583333,107.6,21:28:29
23.528425,87.3110566667,107.4,21:28:30
23.5284266667,87.311055,107.3,21:28:31
23.5284266667,87.311055,107.3,21:28:32
23.5284266667,87.311055,107.3,21:28:33
23.5284266667,87.311055,107.3,21:28:34
23.5284266667,87.311055,107.3,21:28:35
23.5284266667,87.311055,107.3,21:28:36
23.5284266667,87.311055,107.3,21:28:37
23.5284266667,87.311055,107.3,21:28:38
23.5284266667,87.311055,107.3,21:28:39
23.5284316667,87.3110533333,107.4,21:28:40
23.5284433333,87.3110466667,107.5,21:28:41
23.5284566667,87.3110383333,107.5,21:28:42
23.528475,87.311025,107.6,21:28:43
23.5284983333,87.311,107.7,21:28:44
23.5285233333,87.3109633333,107.8,21:28:45
23.5285483333,87.3109183333,107.8,21:28:46
23.5285716667,87.3108666667,107.9,21:28:47
23.5286016667,87.3108083333,108.0,21:28:48
23.528635,87.310745,108.1,21:28:49
23.5286783333,87.3106783333,108.0,21:28:50
23.5287316667,87.3106066667,108.1,21:28:51
23.5287883333,87.3105283333,108.2,21:28:52
23.5288516667,87.31045,108.0,21:28:53
23.5289166667,87.3103683333,107.9,21:28:54
23.5289833333,87.310285,107.8,21:28:55
23.529055,87.3101983333,107.7,21:28:56
23.5291283333,87.31011,107.6,21:28:57
23.5292066667,87.3100216667,107.4,21:28:58
23.5292866667,87.309935,107.2,21:28:59
23.5293683333,87.30985,107.0,21:29:00
23.52945,87.309765,106.7,21:29:01
23.5295316667,87.3096816667,106.2,21:29:02
23.5296166667,87.3095983333,105.7,21:29:03
23.5297033333,87.309515,105.2,21:29:04
23.52979,87.3094333333,104.5,21:29:05
23.5298783333,87.3093533333,103.7,21:29:06
23.5299683333,87.30927,103.5,21:29:07
23.5300616667,87.3091866667,103.6,21:29:08
23.5301583333,87.3091,104.2,21:29:09
23.5302566667,87.3090116667,104.4,21:29:10
23.5303533333,87.3089266667,104.1,21:29:11
23.5304516667,87.308845,104.1,21:29:12
23.5305516667,87.30876,104.0,21:29:13
23.5306516667,87.3086783333,103.9,21:29:14
23.5307516667,87.308595,103.6,21:29:15
23.5308533333,87.30851,103.6,21:29:16
23.5309566667,87.3084283333,103.7,21:29:17
23.5310616667,87.3083466667,103.6,21:29:18
23.5311666667,87.3082633333,104.0,21:29:19
23.5312716667,87.3081816667,104.5,21:29:20
23.5313766667,87.3081016667,105.1,21:29:21
23.5314833333,87.3080266667,105.3,21:29:22
23.5315883333,87.307955,105.5,21:29:23
23.5316916667,87.307885,105.8,21:29:24
23.53179,87.3078133333,106.2,21:29:25
23.5318866667,87.30774,106.5,21:29:26
23.53198,87.3076683333,107.0,21:29:27
23.5320733333,87.3076,107.2,21:29:28
23.5321633333,87.3075333333,107.3,21:29:29
23.5322516667,87.3074683333,107.7,21:29:30
23.5323416667,87.307405,107.9,21:29:31
23.5324166667,87.3073366667,107.9,21:29:32
23.5324916667,87.3072716667,107.9,21:29:33
23.5325633333,87.3072116667,107.7,21:29:34
23.5326366667,87.307155,107.5,21:29:35
23.5327,87.3071033333,106.9,21:29:36
23.5327533333,87.3070533333,106.7,21:29:37
23.5328016667,87.3070133333,106.0,21:29:38
23.5328433333,87.306975,105.8,21:29:39
23.532885,87.3069416667,105.4,21:29:40
23.5329333333,87.3069083333,104.8,21:29:41
23.532985,87.3068716667,104.7,21:29:42
23.5330366667,87.3068283333,104.8,21:29:43
23.5330916667,87.3067766667,104.9,21:29:44
23.5331433333,87.306725,104.7,21:29:45
23.53319,87.3066766667,104.5,21:29:46
23.5332283333,87.3066333333,104.2,21:29:47
23.533265,87.30659,104.0,21:29:48
23.5333016667,87.306545,103.8,21:29:49
23.5333416667,87.306495,103.7,21:29:50
23.5333816667,87.306445,103.6,21:29:51
23.5334216667,87.3063916667,103.6,21:29:52
23.5334633333,87.3063333333,103.5,21:29:53
23.5335016667,87.3062716667,103.3,21:29:54
23.5335366667,87.306205,103.2,21:29:55
23.5335733333,87.306135,103.2,21:29:56
23.5336116667,87.30606,103.3,21:29:57
23.5336516667,87.3059816667,103.2,21:29:58
23.53369,87.3059033333,103.1,21:29:59
23.5337283333,87.3058183333,103.0,21:30:00
23.53377,87.3057316667,102.9,21:30:01
23.5338133333,87.305645,102.9,21:30:02
23.5338566667,87.3055566667,102.9,21:30:03
23.5338966667,87.3054633333,102.9,21:30:04
23.5339333333,87.3053716667,103.0,21:30:05
23.5339683333,87.30528,103.0,21:30:06
23.534005,87.30519,102.9,21:30:07
23.5340416667,87.3050983333,102.8,21:30:08
23.53408,87.3050016667,102.7,21:30:09
23.534115,87.3049033333,102.7,21:30:10
23.5341583333,87.3048033333,101.9,21:30:11
23.5342,87.3046966667,101.3,21:30:12
23.5342383333,87.3045916667,101.1,21:30:13
23.5342783333,87.30448,101.1,21:30:14
23.53432,87.304365,100.9,21:30:15
23.53436,87.30425,100.4,21:30:16
23.5344016667,87.304135,100.2,21:30:17
23.53444,87.3040216667,99.9,21:30:18
23.5344766667,87.3039066667,99.1,21:30:19
23.5345116667,87.3037866667,98.8,21:30:20
23.5345433333,87.303665,98.9,21:30:21
23.5345666667,87.3035433333,98.8,21:30:22
23.5345866667,87.3034233333,99.0,21:30:23
23.5345983333,87.303305,98.7,21:30:24
23.5346016667,87.3031883333,98.7,21:30:25
23.5345966667,87.3030716667,98.2,21:30:26
23.53459,87.3029533333,98.5,21:30:27
23.5345816667,87.3028333333,98.6,21:30:28
23.534575,87.3027116667,98.7,21:30:29
23.5345666667,87.3025883333,98.4,21:30:30
23.5345616667,87.302465,98.5,21:30:31
23.534555,87.3023433333,98.6,21:30:32
23.5345483333,87.302225,98.5,21:30:33
23.5345383333,87.30211,98.4,21:30:34
23.534525,87.3019933333,97.9,21:30:35
23.5345083333,87.3018783333,97.6,21:30:36
23.5344933333,87.3017683333,97.4,21:30:37
23.5344783333,87.30166,96.5,21:30:38
23.5344666667,87.3015516667,95.9,21:30:39
23.534455,87.30144,95.6,21:30:40
23.5344433333,87.30133,95.2,21:30:41
23.5344333333,87.30122,94.7,21:30:42
23.5344283333,87.3011066667,94.2,21:30:43
23.5344266667,87.3009933333,94.1,21:30:44
23.53443,87.3008816667,93.3,21:30:45
23.5344383333,87.3007683333,92.6,21:30:46
23.534455,87.3006566667,92.4,21:30:47
23.53448,87.3005466667,92.1,21:30:48
23.5345116667,87.3004433333,91.8,21:30:49
23.5345466667,87.3003466667,91.8,21:30:50
23.5345866667,87.3002583333,91.6,21:30:51
23.5346316667,87.3001716667,91.2,21:30:52
23.5346766667,87.3000816667,91.1,21:30:53
23.5347233333,87.2999866667,91.1,21:30:54
23.5347666667,87.29989,90.8,21:30:55
23.53481,87.2997883333,90.6,21:30:56
23.5348516667,87.299685,90.1,21:30:57
23.53489,87.299575,90.0,21:30:58
23.534925,87.2994616667,90.4,21:30:59
23.53496,87.2993466667,90.2,21:31:00
23.5349933333,87.2992333333,90.3,21:31:01
23.5350216667,87.2991216667,89.8,21:31:02
23.5350516667,87.2990133333,89.4,21:31:03
23.53508,87.2989083333,89.2,21:31:04
23.535105,87.2988116667,88.8,21:31:05
23.535125,87.2987233333,88.3,21:31:06
23.5351433333,87.2986383333,87.7,21:31:07
23.5351583333,87.298555,87.8,21:31:08
23.5351616667,87.298475,87.4,21:31:09
23.5351583333,87.2983883333,87.2,21:31:10
23.53515,87.298305,87.4,21:31:11
23.53514,87.29823,87.7,21:31:12
23.5351333333,87.29816,88.2,21:31:13
23.53513,87.298085,88.5,21:31:14
23.5351283333,87.29801,88.4,21:31:15
23.5351283333,87.297935,88.3,21:31:16
23.535135,87.2978583333,88.0,21:31:17
23.53514,87.29779,87.4,21:31:18
23.5351416667,87.29773,87.3,21:31:19
23.5351433333,87.2976816667,86.7,21:31:20
23.535145,87.2976366667,86.3,21:31:21
23.535145,87.2976016667,86.3,21:31:22
23.5351466667,87.2975733333,85.1,21:31:23
23.5351483333,87.29755,84.3,21:31:24
23.535155,87.2975283333,84.5,21:31:25
23.535155,87.2975083333,84.4,21:31:26
23.5351566667,87.2974816667,84.2,21:31:27
23.5351583333,87.2974466667,84.0,21:31:28
23.53516,87.29741,83.7,21:31:29
23.5351633333,87.2973716667,83.7,21:31:30
23.5351683333,87.2973266667,83.4,21:31:31
23.53518,87.2972766667,83.1,21:31:32
23.535195,87.2972233333,82.9,21:31:33
23.5352216667,87.297165,82.7,21:31:34
23.535255,87.2971016667,82.6,21:31:35
23.5352933333,87.297035,82.7,21:31:36
23.5353333333,87.2969616667,82.7,21:31:37
23.5353733333,87.296885,82.6,21:31:38
23.5354133333,87.2968083333,82.3,21:31:39
23.5354533333,87.29673,82.1,21:31:40
23.5354866667,87.2966583333,82.4,21:31:41
23.5355166667,87.296595,82.3,21:31:42
23.5355333333,87.2965516667,81.5,21:31:43
23.53555,87.29652,81.4,21:31:44
23.5355616667,87.2965,81.3,21:31:45
23.535575,87.2964833333,81.0,21:31:46
23.535585,87.29646,80.4,21:31:47
23.5356016667,87.296425,79.7,21:31:48
23.53562,87.29638,79.3,21:31:49
23.5356383333,87.29633,78.8,21:31:50
23.5356583333,87.2962733333,78.2,21:31:51
23.5356883333,87.2962166667,77.4,21:31:52
23.5357183333,87.2961566667,76.7,21:31:53
23.5357466667,87.2960933333,76.3,21:31:54
23.53577,87.2960366667,75.7,21:31:55
23.5357933333,87.29599,75.3,21:31:56
23.5358116667,87.2959483333,75.5,21:31:57
23.5358316667,87.2959166667,75.1,21:31:58
23.5358483333,87.2958966667,74.1,21:31:59
23.5358616667,87.29588,74.2,21:32:00
23.5358716667,87.295865,73.7,21:32:01
23.53588,87.2958516667,73.2,21:32:02
23.5358883333,87.29584,73.0,21:32:03
23.5358933333,87.2958316667,72.7,21:32:04
23.5358966667,87.2958266667,73.0,21:32:05
23.535905,87.295825,73.8,21:32:06
23.53591,87.2958233333,74.5,21:32:07
23.5359116667,87.2958233333,74.4,21:32:08
23.5359116667,87.2958233333,74.3,21:32:09
23.5359116667,87.2958233333,74.3,21:32:10
23.5359116667,87.2958233333,74.3,21:32:11
23.5359116667,87.2958233333,74.3,21:32:12
23.5359116667,87.2958233333,74.3,21:32:13
23.5359116667,87.2958233333,74.3,21:32:14
23.5359116667,87.2958233333,74.3,21:32:15
23.5359116667,87.2958233333,74.3,21:32:16
23.535915,87.2958183333,74.3,21:32:17
23.535915,87.2958183333,74.3,21:32:18
23.535925,87.295805,74.3,21:32:19
23.5359466667,87.29578,74.3,21:32:20
23.5359733333,87.2957583333,74.3,21:32:21
23.5360016667,87.295745,74.5,21:32:22
23.53603,87.2957383333,74.7,21:32:23
23.5360633333,87.2957483333,75.0,21:32:24
23.5361083333,87.2957716667,75.5,21:32:25
23.5361516667,87.2958,76.1,21:32:26
23.5362,87.295835,76.7,21:32:27
23.5362433333,87.295865,77.1,21:32:28
23.5362883333,87.295895,77.8,21:32:29
23.5363316667,87.2959233333,78.2,21:32:30
23.53638,87.295955,78.3,21:32:31
23.5364316667,87.2959916667,78.4,21:32:32
23.5364883333,87.29603,78.7,21:32:33
23.5365466667,87.29607,79.5,21:32:34
23.5366083333,87.2961116667,80.2,21:32:35
23.5366666667,87.2961533333,80.9,21:32:36
23.536725,87.2961916667,81.6,21:32:37
23.536785,87.2962283333,82.3,21:32:38
23.5368466667,87.2962633333,82.9,21:32:39
23.5369083333,87.2962983333,83.3,21:32:40
23.5369666667,87.296335,83.7,21:32:41
23.537025,87.2963766667,83.9,21:32:42
23.537085,87.2964183333,84.3,21:32:43
23.5371466667,87.2964583333,84.7,21:32:44
23.5372066667,87.2964933333,85.3,21:32:45
23.5372633333,87.296525,85.5,21:32:46
23.5373133333,87.2965533333,86.3,21:32:47
23.5373616667,87.2965766667,87.0,21:32:48
23.5374066667,87.2965983333,87.1,21:32:49
23.5374466667,87.2966183333,87.2,21:32:50
23.5374783333,87.2966366667,87.4,21:32:51
23.5374966667,87.2966533333,88.1,21:32:52
23.5375066667,87.2966583333,88.6,21:32:53
23.5375083333,87.29666,88.8,21:32:54
23.5375033333,87.2966616667,88.6,21:32:55
23.5375,87.29666,88.4,21:32:56
23.5375016667,87.2966583333,88.5,21:32:57
23.5375016667,87.2966583333,88.4,21:32:58
23.5375016667,87.2966583333,88.4,21:32:59
23.5375016667,87.2966583333,88.4,21:33:00
23.5375016667,87.2966583333,88.4,21:33:01
23.5375016667,87.2966583333,88.4,21:33:02
23.5375016667,87.2966583333,88.4,21:33:03
23.5375016667,87.2966583333,88.4,21:33:04
23.5375016667,87.2966583333,88.4,21:33:05
23.5375066667,87.2966616667,88.4,21:33:06
23.5375066667,87.2966616667,88.4,21:33:07
23.5375066667,87.2966616667,88.4,21:33:08
23.5375066667,87.2966616667,88.4,21:33:09
23.5375066667,87.2966616667,88.4,21:33:10
23.5375066667,87.2966616667,88.4,21:33:11
23.5375066667,87.2966616667,88.4,21:33:12
23.5375066667,87.2966616667,88.4,21:33:13
23.5375116667,87.2966666667,88.4,21:33:14
23.5375266667,87.2966766667,88.6,21:33:15
23.5375483333,87.296695,88.7,21:33:16
23.5375716667,87.2967133333,88.8,21:33:17
23.5376,87.2967266667,89.0,21:33:18
23.5376283333,87.2967366667,89.0,21:33:19
23.537655,87.2967483333,89.1,21:33:20
23.5376733333,87.29676,89.3,21:33:21
23.53769,87.29678,89.4,21:33:22
23.537705,87.2968,89.4,21:33:23
23.5377116667,87.2968216667,89.4,21:33:24
23.5377133333,87.29685,89.4,21:33:25
23.5377033333,87.2968816667,89.5,21:33:26
23.53769,87.2969116667,89.2,21:33:27
23.537675,87.2969516667,89.1,21:33:28
23.5376583333,87.2969933333,89.0,21:33:29
23.53764,87.297035,89.2,21:33:30
23.5376266667,87.2970783333,89.3,21:33:31
23.537615,87.2971166667,89.4,21:33:32
23.5376033333,87.2971533333,89.5,21:33:33
23.537595,87.29719,89.5,21:33:34
23.5375933333,87.2972333333,90.1,21:33:35
23.5376,87.29728,90.7,21:33:36
23.5376183333,87.2973266667,91.4,21:33:37
23.5376483333,87.2973616667,91.6,21:33:38
23.5376766667,87.2973933333,92.4,21:33:39
23.53771,87.2974216667,93.2,21:33:40
23.5377466667,87.297445,93.8,21:33:41
23.537785,87.29747,94.6,21:33:42
23.537825,87.29749,95.6,21:33:43
23.5378683333,87.297515,95.9,21:33:44
23.5379116667,87.2975416667,96.0,21:33:45
23.537955,87.2975683333,96.0,21:33:46
23.5379966667,87.2975916667,96.1,21:33:47
23.5380333333,87.2976183333,96.2,21:33:48
23.5380683333,87.29764,96.2,21:33:49
23.5381,87.29766,96.4,21:33:50
23.53813,87.2976833333,96.7,21:33:51
23.538165,87.2977116667,97.1,21:33:52
23.5382083333,87.297755,97.7,21:33:53
23.538255,87.2977883333,98.0,21:33:54
23.5383016667,87.2978183333,97.9,21:33:55
23.5383433333,87.29785,97.9,21:33:56
23.538385,87.2978766667,98.0,21:33:57
23.5384233333,87.297905,97.8,21:33:58
23.5384583333,87.2979366667,97.7,21:33:59
23.538495,87.297965,97.6,21:34:00
23.5385366667,87.2979966667,97.7,21:34:01
23.538585,87.2980283333,97.5,21:34:02
23.5386366667,87.29806,97.3,21:34:03
23.5386883333,87.2980916667,97.7,21:34:04
23.5387383333,87.29812,97.7,21:34:05
23.538785,87.2981433333,97.7,21:34:06
23.5388216667,87.2981683333,97.6,21:34:07
23.5388516667,87.2981883333,97.6,21:34:08
23.5388716667,87.298205,97.7,21:34:09
23.5388883333,87.2982166667,97.7,21:34:10
23.5389033333,87.2982283333,97.6,21:34:11
23.53892,87.2982416667,97.6,21:34:12
23.5389383333,87.2982533333,97.6,21:34:13
23.5389566667,87.2982666667,97.6,21:34:14
23.5389733333,87.29828,97.6,21:34:15
23.5389966667,87.2982983333,97.7,21:34:16
23.5390266667,87.2983216667,97.7,21:34:17
23.5390616667,87.2983466667,97.6,21:34:18
23.5390983333,87.298375,97.6,21:34:19
23.5391416667,87.2984066667,97.5,21:34:20
23.5391916667,87.2984383333,97.5,21:34:21
23.5392466667,87.2984733333,97.1,21:34:22
23.539305,87.2985116667,97.0,21:34:23
23.5393683333,87.2985533333,96.7,21:34:24
23.5394383333,87.298595,96.9,21:34:25
23.53951,87.2986416667,96.8,21:34:26
23.5395816667,87.2986833333,96.8,21:34:27
23.5396566667,87.2987266667,96.7,21:34:28
23.5397333333,87.2987683333,96.8,21:34:29
23.5398033333,87.29881,96.2,21:34:30
23.5398683333,87.2988516667,95.8,21:34:31
23.539925,87.29889,95.4,21:34:32
23.539975,87.2989216667,94.9,21:34:33
23.54002,87.2989533333,94.8,21:34:34
23.5400633333,87.2989833333,94.9,21:34:35
23.540105,87.2990116667,94.9,21:34:36
23.5401466667,87.2990366667,94.9,21:34:37
23.5401833333,87.299055,95.0,21:34:38
23.54021,87.2990733333,95.0,21:34:39
23.5402233333,87.2990866667,94.9,21:34:40
23.5402283333,87.2990916667,94.5,21:34:41
23.5402266667,87.299095,94.4,21:34:42
23.540225,87.2990966667,94.1,21:34:43
23.5402233333,87.2990966667,93.8,21:34:44
23.5402233333,87.2990966667,93.8,21:34:45
23.5402233333,87.2990983333,93.7,21:34:46
23.5402366667,87.2991083333,93.8,21:34:47
23.540255,87.2991233333,93.8,21:34:48
23.5402766667,87.2991383333,94.0,21:34:49
23.5402966667,87.2991533333,94.1,21:34:50
23.5403133333,87.299165,94.4,21:34:51
23.5403283333,87.2991733333,94.8,21:34:52
23.5403433333,87.2991866667,94.8,21:34:53
23.5403583333,87.2991983333,94.9,21:34:54
23.5403816667,87.299215,95.0,21:34:55
23.5404066667,87.2992316667,95.0,21:34:56
23.540435,87.2992533333,95.0,21:34:57
23.5404683333,87.2992716667,95.1,21:34:58
23.5405,87.29929,95.3,21:34:59
23.5405283333,87.2993066667,95.6,21:35:00
23.5405566667,87.29932,95.8,21:35:01
23.5405916667,87.299335,95.9,21:35:02
23.5406333333,87.2993566667,96.2,21:35:03
23.5406783333,87.2993816667,96.2,21:35:04
23.5407266667,87.2994116667,96.4,21:35:05
23.54078,87.2994416667,96.2,21:35:06
23.5408366667,87.2994783333,96.1,21:35:07
23.5408916667,87.299515,96.2,21:35:08
23.5409483333,87.299555,96.3,21:35:09
23.541005,87.2995933333,96.4,21:35:10
23.541065,87.2996316667,96.6,21:35:11
23.5411233333,87.2996733333,96.8,21:35:12
23.5411866667,87.299715,97.0,21:35:13
23.5412516667,87.2997583333,97.1,21:35:14
23.54132,87.2998016667,97.1,21:35:15
23.5413833333,87.2998466667,97.2,21:35:16
23.5414483333,87.2998916667,97.4,21:35:17
23.5415116667,87.2999333333,97.5,21:35:18
23.541575,87.2999766667,97.7,21:35:19
23.5416416667,87.3000183333,97.8,21:35:20
23.541715,87.3000633333,97.9,21:35:21
23.54179,87.300115,98.0,21:35:22
23.5418666667,87.3001666667,98.1,21:35:23
23.5419433333,87.30022,98.1,21:35:24
23.5420233333,87.3002733333,98.2,21:35:25
23.5421016667,87.3003283333,98.3,21:35:26
23.54218,87.300385,98.3,21:35:27
23.5422566667,87.3004383333,98.3,21:35:28
23.5423316667,87.30049,98.3,21:35:29
23.5424033333,87.3005383333,98.7,21:35:30
23.5424733333,87.30059,98.8,21:35:31
23.5425433333,87.3006366667,98.6,21:35:32
23.5426116667,87.3006833333,98.6,21:35:33
23.5426766667,87.300725,98.4,21:35:34
23.54274,87.3007683333,98.2,21:35:35
23.5427966667,87.300805,98.1,21:35:36
23.5428433333,87.3008316667,97.9,21:35:37
23.542875,87.3008516667,97.9,21:35:38
23.5428933333,87.3008633333,97.8,21:35:39
23.5429,87.300865,97.7,21:35:40
23.5429,87.3008633333,97.7,21:35:41
23.5428983333,87.3008616667,97.7,21:35:42
23.5429016667,87.300865,97.6,21:35:43
23.5429133333,87.300875,97.6,21:35:44
23.5429366667,87.3008916667,97.5,21:35:45
23.54297,87.300915,97.5,21:35:46
23.5430066667,87.3009416667,97.6,21:35:47
23.54305,87.3009683333,97.5,21:35:48
23.5431016667,87.3010033333,97.4,21:35:49
23.54316,87.30104,97.3,21:35:50
23.543225,87.3010833333,97.1,21:35:51
23.5432933333,87.30113,96.9,21:35:52
23.5433633333,87.3011783333,96.8,21:35:53
23.5434366667,87.3012266667,96.5,21:35:54
23.543515,87.30128,96.4,21:35:55
23.5435966667,87.3013383333,96.3,21:35:56
23.54368,87.3013966667,96.2,21:35:57
23.5437616667,87.3014566667,96.2,21:35:58
23.54385,87.3015083333,96.0,21:35:59
23.5439383333,87.3015633333,96.2,21:36:00
23.5440183333,87.3016233333,96.8,21:36:01
23.5441,87.3016833333,96.8,21:36:02
23.5441783333,87.30174,96.8,21:36:03
23.5442516667,87.3017966667,96.9,21:36:04
23.5443233333,87.3018516667,97.0,21:36:05
23.5443916667,87.3019016667,97.0,21:36:06
23.544455,87.3019483333,97.2,21:36:07
23.5445083333,87.3019816667,97.3,21:36:08
23.5445566667,87.3020083333,97.4,21:36:09
23.5446016667,87.3020366667,97.5,21:36:10
23.544645,87.30206,97.7,21:36:11
23.544685,87.30208,97.8,21:36:12
23.5447183333,87.3020983333,97.7,21:36:13
23.544745,87.302115,97.6,21:36:14
23.5447633333,87.302125,97.2,21:36:15
23.5447766667,87.3021316667,96.8,21:36:16
23.5447883333,87.3021383333,97.0,21:36:17
23.5448,87.3021516667,96.9,21:36:18
23.5448083333,87.3021733333,96.6,21:36:19
23.5448083333,87.3022,96.6,21:36:20
23.5447983333,87.30223,96.5,21:36:21
23.5447816667,87.3022633333,96.5,21:36:22
23.5447583333,87.3023016667,96.4,21:36:23
23.54473,87.3023433333,96.3,21:36:24
23.5447033333,87.302385,96.2,21:36:25
23.5446716667,87.3024316667,96.2,21:36:26
23.5446383333,87.3024833333,96.2,21:36:27
23.5446016667,87.3025433333,96.2,21:36:28
23.5445666667,87.3026066667,96.1,21:36:29
23.544525,87.3026766667,96.1,21:36:30
23.5444833333,87.3027516667,95.6,21:36:31
23.5444383333,87.302825,95.2,21:36:32
23.5443933333,87.3029016667,95.2,21:36:33
23.5443466667,87.30298,94.9,21:36:34
23.5442966667,87.3030616667,94.8,21:36:35
23.5442466667,87.3031483333,94.7,21:36:36
23.5441933333,87.303235,94.5,21:36:37
23.54414,87.303325,94.6,21:36:38
23.5440883333,87.3034133333,94.7,21:36:39
23.5440383333,87.3035,94.7,21:36:40
23.5439816667,87.3035883333,94.6,21:36:41
23.5439283333,87.3036766667,94.2,21:36:42
23.5438716667,87.3037666667,94.0,21:36:43
23.5438183333,87.3038566667,94.1,21:36:44
23.543765,87.3039466667,93.9,21:36:45
23.5437116667,87.3040383333,93.7,21:36:46
23.543655,87.3041266667,93.6,21:36:47
23.5436033333,87.3042133333,93.8,21:36:48
23.54355,87.3043033333,93.5,21:36:49
23.5434983333,87.30439,93.8,21:36:50
23.5434466667,87.3044733333,94.0,21:36:51
23.543395,87.3045566667,94.2,21:36:52
23.543345,87.3046383333,94.5,21:36:53
23.5432966667,87.3047216667,94.5,21:36:54
23.5432483333,87.304805,94.7,21:36:55
23.5431983333,87.3048883333,94.9,21:36:56
23.5431483333,87.3049733333,94.8,21:36:57
23.5431,87.30506,95.1,21:36:58
23.5430516667,87.3051433333,95.0,21:36:59
23.543005,87.305225,94.9,21:37:00
23.54296,87.30531,94.9,21:37:01
23.5429166667,87.30539,94.7,21:37:02
23.5428733333,87.30547,94.6,21:37:03
23.5428283333,87.3055466667,94.4,21:37:04
23.5427833333,87.3056183333,94.3,21:37:05
23.5427433333,87.3056866667,94.1,21:37:06
23.542705,87.305745,94.1,21:37:07
23.54267,87.3058033333,93.7,21:37:08
23.5426383333,87.3058566667,93.6,21:37:09
23.5426083333,87.30591,93.4,21:37:10
23.542575,87.305965,93.5,21:37:11
23.542535,87.306025,93.2,21:37:12
23.5424933333,87.3060933333,92.8,21:37:13
23.54245,87.306165,92.5,21:37:14
23.5424066667,87.3062416667,92.4,21:37:15
23.5423633333,87.306315,92.4,21:37:16
23.5423233333,87.3063833333,92.6,21:37:17
23.542285,87.306445,92.4,21:37:18
23.5422516667,87.3065033333,92.5,21:37:19
23.5422283333,87.3065583333,92.0,21:37:20
23.5422116667,87.306615,91.5,21:37:21
23.542215,87.30667,91.6,21:37:22
23.54224,87.3067216667,91.6,21:37:23
23.5422766667,87.30677,91.9,21:37:24
23.542325,87.3068133333,92.2,21:37:25
23.54238,87.3068533333,92.3,21:37:26
23.5424416667,87.306895,92.1,21:37:27
23.542505,87.30694,92.3,21:37:28
23.542575,87.30699,92.2,21:37:29
23.54265,87.3070416667,92.5,21:37:30
23.5427266667,87.3070933333,92.9,21:37:31
23.5428033333,87.3071466667,93.1,21:37:32
23.5428816667,87.3072016667,93.0,21:37:33
23.5429566667,87.3072566667,92.9,21:37:34
23.5430333333,87.30731,93.0,21:37:35
23.54311,87.3073616667,92.8,21:37:36
23.543185,87.3074116667,92.9,21:37:37
23.5432583333,87.3074616667,92.8,21:37:38
23.54333,87.3075116667,92.8,21:37:39
23.5434033333,87.3075633333,92.8,21:37:40
23.54348,87.307615,92.6,21:37:41
23.543555,87.3076683333,92.6,21:37:42
23.54363,87.3077216667,92.4,21:37:43
23.5437033333,87.307775,92.3,21:37:44
23.543775,87.3078283333,92.2,21:37:45
23.543845,87.3078816667,92.0,21:37:46
23.543915,87.307935,91.9,21:37:47
23.54399,87.3079916667,91.8,21:37:48
23.54407,87.3080516667,91.7,21:37:49
23.5441533333,87.3081133333,91.7,21:37:50
23.54424,87.3081733333,91.7,21:37:51
23.5443316667,87.3082316667,91.8,21:37:52
23.544425,87.3082916667,91.9,21:37:53
23.54452,87.3083533333,92.0,21:37:54
23.544615,87.3084183333,91.9,21:37:55
23.5447116667,87.3084833333,92.0,21:37:56
23.5448066667,87.30855,92.0,21:37:57
23.5449033333,87.308615,92.0,21:37:58
23.5449983333,87.3086783333,91.9,21:37:59
23.5450916667,87.3087416667,91.7,21:38:00
23.5451816667,87.3088066667,91.6,21:38:01
23.5452716667,87.308875,91.6,21:38:02
23.5453616667,87.3089416667,91.5,21:38:03
23.5454533333,87.3090066667,91.5,21:38:04
23.545545,87.3090683333,91.5,21:38:05
23.545635,87.309125,91.4,21:38:06
23.5457233333,87.3091833333,91.2,21:38:07
23.5458083333,87.3092416667,91.2,21:38:08
23.5458933333,87.3092983333,91.1,21:38:09
23.545975,87.309355,91.1,21:38:10
23.5460516667,87.30941,91.0,21:38:11
23.546125,87.3094666667,91.0,21:38:12
23.5461983333,87.3095166667,90.9,21:38:13
23.5462716667,87.309565,90.9,21:38:14
23.5463433333,87.3096116667,90.9,21:38:15
23.5464083333,87.3096566667,90.8,21:38:16
23.5464683333,87.3097,90.7,21:38:17
23.5465183333,87.3097266667,90.7,21:38:18
23.5465583333,87.3097533333,90.7,21:38:19
23.5465883333,87.3097733333,90.8,21:38:20
23.546605,87.309785,90.8,21:38:21
23.54661,87.30979,90.9,21:38:22
23.5466083333,87.3097883333,91.0,21:38:23
23.5466083333,87.3097866667,91.1,21:38:24
23.5466066667,87.309785,91.2,21:38:25
23.5466066667,87.3097866667,91.2,21:38:26
23.5466066667,87.3097866667,91.2,21:38:27
23.5466066667,87.3097866667,91.2,21:38:28
23.5466216667,87.3098,91.5,21:38:29
23.546645,87.3098183333,91.7,21:38:30
23.5466716667,87.30984,91.8,21:38:31
23.5466983333,87.3098616667,91.7,21:38:32
23.5467333333,87.3098783333,91.7,21:38:33
23.5467766667,87.3098866667,91.7,21:38:34
23.5468216667,87.3098816667,91.7,21:38:35
23.5468683333,87.3098583333,91.6,21:38:36
23.54691,87.30982,91.7,21:38:37
23.546945,87.30977,91.8,21:38:38
23.5469766667,87.3097116667,91.9,21:38:39
23.54701,87.30965,91.9,21:38:40
23.547045,87.3095883333,92.0,21:38:41
23.5470783333,87.30953,92.1,21:38:42
23.5471133333,87.3094733333,92.1,21:38:43
23.54715,87.3094116667,92.2,21:38:44
23.54719,87.3093483333,92.3,21:38:45
23.54723,87.3092783333,92.3,21:38:46
23.5472683333,87.309205,92.4,21:38:47
23.5473133333,87.3091166667,92.5,21:38:48
23.54736,87.3090383333,92.5,21:38:49
23.5474033333,87.30896,92.6,21:38:50
23.54745,87.3088783333,92.7,21:38:51
23.5474966667,87.3087983333,92.7,21:38:52
23.547545,87.3087183333,92.9,21:38:53
23.5475833333,87.3086466667,93.1,21:38:54
23.5476183333,87.3085833333,93.1,21:38:55
23.5476466667,87.3085383333,93.4,21:38:56
23.547665,87.3085066667,93.5,21:38:57
23.5476833333,87.3084766667,93.7,21:38:58
23.5477016667,87.3084466667,93.5,21:38:59
23.5477216667,87.3084116667,93.3,21:39:00
23.5477466667,87.308375,93.4,21:39:01
23.5477716667,87.3083316667,93.8,21:39:02
23.5478,87.3082816667,93.9,21:39:03
23.5478283333,87.3082266667,94.1,21:39:04
23.5478583333,87.30817,94.1,21:39:05
23.547895,87.3081166667,94.5,21:39:06
23.5479333333,87.308065,94.9,21:39:07
23.547975,87.3080083333,95.1,21:39:08
23.5480166667,87.3079466667,95.4,21:39:09
23.5480533333,87.3078866667,95.5,21:39:10
23.5480866667,87.3078366667,95.7,21:39:11
23.5481166667,87.307795,95.7,21:39:12
23.5481433333,87.307745,95.7,21:39:13
23.54817,87.3076866667,95.9,21:39:14
23.5481916667,87.3076233333,96.0,21:39:15
23.5482083333,87.3075566667,96.1,21:39:16
23.5482166667,87.3074866667,96.3,21:39:17
23.5482166667,87.307415,96.6,21:39:18
23.5482083333,87.3073416667,96.6,21:39:19
23.5482016667,87.3072633333,96.7,21:39:20
23.5482,87.3071816667,97.1,21:39:21
23.5482033333,87.3070966667,97.2,21:39:22
23.5482066667,87.307005,97.2,21:39:23
23.5482083333,87.30691,97.6,21:39:24
23.54821,87.3068116667,98.0,21:39:25
23.5482116667,87.306715,98.7,21:39:26
23.5482116667,87.3066166667,98.9,21:39:27
23.5482133333,87.3065183333,99.1,21:39:28
23.548215,87.306415,99.5,21:39:29
23.5482166667,87.306315,99.3,21:39:30
23.5482183333,87.3062083333,99.5,21:39:31
23.54822,87.3061033333,99.6,21:39:32
23.5482233333,87.305995,100.2,21:39:33
23.548225,87.305885,100.6,21:39:34
23.5482266667,87.3057716667,101.0,21:39:35
23.5482266667,87.3056583333,100.9,21:39:36
23.5482266667,87.30554,101.2,21:39:37
23.5482283333,87.30542,102.0,21:39:38
23.54823,87.3053016667,102.4,21:39:39
23.5482333333,87.3051816667,102.8,21:39:40
23.5482416667,87.3050533333,102.9,21:39:41
23.5482466667,87.304925,102.9,21:39:42
23.5482483333,87.3047966667,102.9,21:39:43
23.54825,87.3046683333,103.2,21:39:44
23.54825,87.3045466667,103.3,21:39:45
23.5482516667,87.30443,103.3,21:39:46
23.5482533333,87.3043233333,103.2,21:39:47
23.5482516667,87.3042266667,103.3,21:39:48
23.5482483333,87.304135,103.3,21:39:49
23.5482466667,87.3040466667,103.4,21:39:50
23.5482466667,87.3039683333,103.5,21:39:51
23.5482483333,87.3038966667,103.5,21:39:52
23.5482483333,87.303825,103.4,21:39:53
23.54825,87.30376,103.0,21:39:54
23.5482516667,87.3036883333,102.9,21:39:55
23.548255,87.3036133333,102.6,21:39:56
23.54826,87.3035333333,102.3,21:39:57
23.5482616667,87.3034483333,101.9,21:39:58
23.5482616667,87.3033533333,101.5,21:39:59
23.548265,87.30325,101.6,21:40:00
23.5482683333,87.303145,101.3,21:40:01
23.54827,87.3030416667,100.9,21:40:02
23.54827,87.30294,100.5,21:40:03
23.548265,87.30285,100.4,21:40:04
23.54826,87.3027616667,100.0,21:40:05
23.5482583333,87.3026683333,99.5,21:40:06
23.5482583333,87.302575,99.2,21:40:07
23.5482566667,87.30248,98.9,21:40:08
23.5482533333,87.3023866667,99.1,21:40:09
23.5482533333,87.302295,98.6,21:40:10
23.548255,87.3022016667,98.2,21:40:11
23.5482566667,87.302105,97.9,21:40:12
23.548255,87.302,97.5,21:40:13
23.5482533333,87.30189,97.1,21:40:14
23.548255,87.3017783333,96.8,21:40:15
23.54826,87.30167,96.8,21:40:16
23.5482733333,87.3015683333,96.8,21:40:17
23.5482933333,87.3014716667,96.9,21:40:18
23.54832,87.30138,96.8,21:40:19
23.5483466667,87.30129,96.7,21:40:20
23.5483716667,87.3012,96.6,21:40:21
23.5483966667,87.301115,96.7,21:40:22
23.5484316667,87.30104,96.8,21:40:23
23.5484783333,87.3009783333,97.0,21:40:24
23.5485283333,87.30092,97.3,21:40:25
23.5485916667,87.3008716667,97.2,21:40:26
23.5486533333,87.3008116667,97.2,21:40:27
23.5487166667,87.3007483333,96.6,21:40:28
23.54878,87.3006833333,96.5,21:40:29
23.54884,87.3006166667,96.5,21:40:30
23.5488966667,87.3005483333,96.3,21:40:31
23.5489516667,87.30048,96.1,21:40:32
23.5490033333,87.3004116667,96.0,21:40:33
23.5490533333,87.3003416667,95.6,21:40:34
23.5491083333,87.3002666667,95.3,21:40:35
23.5491616667,87.3001816667,95.0,21:40:36
23.5492133333,87.30009,94.5,21:40:37
23.5492683333,87.2999916667,94.2,21:40:38
23.5493266667,87.2998916667,94.0,21:40:39
23.5493883333,87.29979,93.9,21:40:40
23.5494516667,87.2996866667,93.8,21:40:41
23.54952,87.2995783333,93.5,21:40:42
23.54959,87.2994666667,93.4,21:40:43
23.5496616667,87.2993483333,93.4,21:40:44
23.5497316667,87.2992266667,93.2,21:40:45
23.549805,87.2991016667,93.4,21:40:46
23.5498766667,87.2989766667,93.3,21:40:47
23.54995,87.2988516667,93.4,21:40:48
23.5500233333,87.2987266667,93.3,21:40:49
23.5500983333,87.2986016667,93.4,21:40:50
23.5501716667,87.2984766667,93.4,21:40:51
23.5502433333,87.29835,93.6,21:40:52
23.5503166667,87.2982233333,93.9,21:40:53
23.5503883333,87.2981,94.3,21:40:54
23.55046,87.29798,94.3,21:40:55
23.5505283333,87.2978633333,94.2,21:40:56
23.550595,87.29775,94.3,21:40:57
23.55066,87.29764,94.2,21:40:58
23.550725,87.2975333333,94.3,21:40:59
23.5507866667,87.2974266667,94.4,21:41:00
23.550845,87.2973216667,94.4,21:41:01
23.5508966667,87.2972216667,94.1,21:41:02
23.550945,87.297125,94.2,21:41:03
23.5509883333,87.2970316667,94.1,21:41:04
23.55103,87.2969416667,94.3,21:41:05
23.5510683333,87.2968566667,94.6,21:41:06
23.5511033333,87.2967783333,94.8,21:41:07
23.5511366667,87.2967066667,94.8,21:41:08
23.551165,87.29664,94.9,21:41:09
23.5511916667,87.2965783333,95.0,21:41:10
23.5512116667,87.29653,94.9,21:41:11
23.5512233333,87.2964916667,94.9,21:41:12
23.5512316667,87.29646,95.1,21:41:13
23.551235,87.296415,95.1,21:41:14
23.5512366667,87.296365,95.2,21:41:15
23.55124,87.2963116667,95.3,21:41:16
23.5512483333,87.2962566667,95.2,21:41:17
23.55127,87.296205,95.0,21:41:18
23.5513016667,87.2961616667,95.0,21:41:19
23.55134,87.2961366667,94.3,21:41:20
23.5513883333,87.2961283333,93.2,21:41:21
23.5514416667,87.2961366667,92.7,21:41:22
23.5514916667,87.2961666667,92.0,21:41:23
23.55154,87.2962166667,91.2,21:41:24
23.55159,87.2962816667,90.7,21:41:25
23.5516516667,87.296355,90.8,21:41:26
23.5517166667,87.2964283333,90.6,21:41:27
23.5517866667,87.296505,90.8,21:41:28
23.5518616667,87.2965766667,90.7,21:41:29
23.55194,87.2966416667,90.8,21:41:30
23.552025,87.2967066667,91.0,21:41:31
23.5521133333,87.2967733333,90.9,21:41:32
23.5522016667,87.29684,90.9,21:41:33
23.5522916667,87.296905,90.9,21:41:34
23.5523866667,87.2969733333,90.7,21:41:35
23.5524816667,87.2970416667,90.6,21:41:36
23.5525816667,87.2971116667,90.4,21:41:37
23.5526816667,87.2971833333,90.8,21:41:38
23.552785,87.297255,91.1,21:41:39
23.55289,87.2973266667,91.6,21:41:40
23.552995,87.2974,91.8,21:41:41
23.5531016667,87.2974733333,92.3,21:41:42
23.5532066667,87.2975466667,92.6,21:41:43
23.55331,87.2976216667,93.1,21:41:44
23.553415,87.2976966667,93.3,21:41:45
23.55352,87.29777,93.6,21:41:46
23.5536266667,87.297845,93.9,21:41:47
23.5537316667,87.2979166667,94.3,21:41:48
23.5538333333,87.2979883333,94.6,21:41:49
23.553935,87.29806,94.9,21:41:50
23.554035,87.29813,95.2,21:41:51
23.554135,87.2982,95.5,21:41:52
23.554235,87.2982683333,95.8,21:41:53
23.5543366667,87.2983316667,96.1,21:41:54
23.5544416667,87.2983833333,96.5,21:41:55
23.55455,87.2984233333,97.1,21:41:56
23.55466,87.298445,97.7,21:41:57
23.5547666667,87.2984583333,98.0,21:41:58
23.5548716667,87.29847,97.9,21:41:59
23.5549716667,87.29848,97.9,21:42:00
23.5550666667,87.2984883333,97.9,21:42:01
23.555155,87.2984933333,97.6,21:42:02
23.555235,87.2985033333,97.6,21:42:03
23.5553033333,87.298515,97.4,21:42:04
23.5553666667,87.2985266667,97.3,21:42:05
23.5554316667,87.298545,97.4,21:42:06
23.5555,87.2985616667,97.5,21:42:07
23.5555766667,87.2985766667,97.5,21:42:08
23.5556533333,87.2985933333,97.6,21:42:09
23.5557366667,87.29861,97.7,21:42:10
23.5558233333,87.2986233333,97.7,21:42:11
23.5559133333,87.2986333333,97.7,21:42:12
23.5560066667,87.298645,97.8,21:42:13
23.5561033333,87.29865,97.7,21:42:14
23.5562033333,87.2986516667,97.6,21:42:15
23.556305,87.298655,97.8,21:42:16
23.55641,87.298655,97.8,21:42:17
23.5565183333,87.298655,97.8,21:42:18
23.55663,87.2986533333,97.8,21:42:19
23.5567416667,87.2986533333,98.0,21:42:20
23.5568533333,87.2986533333,98.1,21:42:21
23.5569666667,87.298655,98.2,21:42:22
23.5570816667,87.2986583333,98.3,21:42:23
23.5571983333,87.29866,98.7,21:42:24
23.557315,87.29866,98.9,21:42:25
23.5574333333,87.2986616667,99.1,21:42:26
23.5575533333,87.2986616667,99.4,21:42:27
23.557675,87.298665,99.7,21:42:28
23.5577966667,87.2986666667,99.9,21:42:29
23.5579216667,87.2986666667,99.6,21:42:30
23.558045,87.2986683333,99.3,21:42:31
23.558165,87.2986666667,99.1,21:42:32
23.5582816667,87.298665,99.2,21:42:33
23.5583966667,87.298665,99.1,21:42:34
23.5585083333,87.2986666667,99.3,21:42:35
23.55862,87.2986666667,99.1,21:42:36
23.5587316667,87.2986666667,99.0,21:42:37
23.5588416667,87.298665,98.9,21:42:38
23.5589483333,87.298665,99.0,21:42:39
23.55905,87.2986633333,98.8,21:42:40
23.5591466667,87.2986566667,98.7,21:42:41
23.5592416667,87.2986433333,97.6,21:42:42
23.5593333333,87.2986283333,97.3,21:42:43
23.5594183333,87.298605,97.9,21:42:44
23.5595016667,87.298575,97.6,21:42:45
23.5595833333,87.2985483333,97.1,21:42:46
23.5596666667,87.2985333333,96.7,21:42:47
23.559745,87.2985366667,96.9,21:42:48
23.5598183333,87.29856,96.7,21:42:49
23.5598883333,87.298595,96.4,21:42:50
23.5599633333,87.29863,96.3,21:42:51
23.5600466667,87.2986566667,96.4,21:42:52
23.560135,87.2986666667,96.2,21:42:53
23.5602283333,87.2986683333,96.1,21:42:54
23.560325,87.2986683333,95.9,21:42:55
23.5604266667,87.2986716667,95.8,21:42:56
23.5605316667,87.298675,95.5,21:42:57
23.560635,87.2986766667,95.4,21:42:58
23.5607383333,87.2986766667,95.2,21:42:59
23.56084,87.2986766667,95.1,21:43:00
23.5609333333,87.2986766667,95.0,21:43:01
23.5610166667,87.298675,94.6,21:43:02
23.56109,87.2986683333,94.4,21:43:03
23.56116,87.29866,94.2,21:43:04
23.561225,87.29865,94.2,21:43:05
23.56129,87.29864,94.0,21:43:06
23.56136,87.2986233333,93.9,21:43:07
23.561435,87.2986083333,93.4,21:43:08
23.56151,87.298605,93.1,21:43:09
23.5615866667,87.298615,92.8,21:43:10
23.5616666667,87.2986366667,92.4,21:43:11
23.5617516667,87.2986616667,91.9,21:43:12
23.5618416667,87.2986833333,91.5,21:43:13
23.5619366667,87.2987,91.2,21:43:14
23.5620383333,87.29871,90.9,21:43:15
23.5621466667,87.2987116667,90.5,21:43:16
23.5622583333,87.2987066667,90.2,21:43:17
23.5623716667,87.2987033333,90.1,21:43:18
23.5624833333,87.2987066667,90.0,21:43:19
23.5625933333,87.2987166667,90.0,21:43:20
23.562705,87.2987316667,89.8,21:43:21
23.56282,87.2987483333,89.7,21:43:22
23.5629383333,87.2987633333,89.6,21:43:23
23.5630566667,87.2987716667,89.6,21:43:24
23.563175,87.2987766667,89.6,21:43:25
23.5632983333,87.2987783333,89.5,21:43:26
23.5634216667,87.29878,89.3,21:43:27
23.5635466667,87.29878,89.3,21:43:28
23.56367,87.2987833333,89.1,21:43:29
23.5637933333,87.2987833333,89.2,21:43:30
23.563915,87.2987816667,88.8,21:43:31
23.5640333333,87.29878,88.6,21:43:32
23.56415,87.29878,88.4,21:43:33
23.564265,87.29878,88.3,21:43:34
23.5643766667,87.2987833333,87.7,21:43:35
23.5644916667,87.298785,87.3,21:43:36
23.564605,87.298785,87.6,21:43:37
23.56472,87.298785,87.6,21:43:38
23.5648316667,87.298785,88.6,21:43:39
23.564945,87.29879,88.4,21:43:40
23.5650566667,87.2987916667,88.4,21:43:41
23.56517,87.2987916667,88.1,21:43:42
23.5652766667,87.2987933333,88.6,21:43:43
23.5653866667,87.2987966667,88.7,21:43:44
23.5654966667,87.2988033333,89.0,21:43:45
23.5656066667,87.2988033333,89.1,21:43:46
23.5657133333,87.2988033333,89.2,21:43:47
23.56582,87.2988033333,89.4,21:43:48
23.565925,87.2988033333,89.5,21:43:49
23.566025,87.2988066667,89.7,21:43:50
23.5661233333,87.2988066667,89.6,21:43:51
23.5662233333,87.2988083333,88.8,21:43:52
23.56632,87.2988116667,88.7,21:43:53
23.5664116667,87.2988166667,89.2,21:43:54
23.5664966667,87.2988233333,89.3,21:43:55
23.56658,87.29883,89.3,21:43:56
23.5666683333,87.2988366667,89.2,21:43:57
23.5667583333,87.29884,88.7,21:43:58
23.5668516667,87.2988433333,88.2,21:43:59
23.5669483333,87.2988466667,88.1,21:44:00
23.5670483333,87.2988466667,88.2,21:44:01
23.5671516667,87.298845,88.2,21:44:02
23.567255,87.2988416667,88.3,21:44:03
23.5673566667,87.2988366667,88.3,21:44:04
23.56746,87.2988283333,88.2,21:44:05
23.5675633333,87.2988166667,87.8,21:44:06
23.567665,87.2988033333,87.9,21:44:07
23.5677666667,87.29879,88.0,21:44:08
23.567865,87.298775,88.2,21:44:09
23.5679633333,87.2987566667,88.0,21:44:10
23.5680583333,87.29874,88.0,21:44:11
23.5681466667,87.298715,89.1,21:44:12
23.568235,87.29868,89.5,21:44:13
23.5683216667,87.2986383333,89.5,21:44:14
23.5684083333,87.298595,90.0,21:44:15
23.5684966667,87.29856,90.1,21:44:16
23.5685816667,87.2985366667,90.0,21:44:17
23.5686616667,87.298535,89.9,21:44:18
23.568735,87.298555,89.6,21:44:19
23.568795,87.2986,89.3,21:44:20
23.5688516667,87.2986566667,89.1,21:44:21
23.5689133333,87.2987083333,88.8,21:44:22
23.56899,87.298745,88.4,21:44:23
23.5690733333,87.2987616667,88.3,21:44:24
23.5691633333,87.2987716667,88.2,21:44:25
23.569255,87.2987816667,88.3,21:44:26
23.5693466667,87.2987966667,88.6,21:44:27
23.56943,87.2988116667,88.8,21:44:28
23.5695016667,87.2988233333,88.8,21:44:29
23.5695583333,87.29883,88.8,21:44:30
23.569595,87.2988366667,88.9,21:44:31
23.5696183333,87.29884,89.1,21:44:32
23.5696383333,87.2988416667,89.2,21:44:33
23.5696633333,87.2988466667,89.4,21:44:34
23.5696966667,87.2988516667,89.4,21:44:35
23.56974,87.2988566667,89.5,21:44:36
23.5697866667,87.29886,89.5,21:44:37
23.5698366667,87.2988616667,89.1,21:44:38
23.56989,87.2988616667,89.1,21:44:39
23.56995,87.2988616667,89.1,21:44:40
23.570015,87.298865,89.2,21:44:41
23.570085,87.2988683333,89.6,21:44:42
23.5701566667,87.29887,89.9,21:44:43
23.570225,87.2988716667,90.0,21:44:44
23.570285,87.2988683333,89.9,21:44:45
23.5703316667,87.2988666667,90.0,21:44:46
23.5703616667,87.298865,89.9,21:44:47
23.5703816667,87.2988633333,89.7,21:44:48
23.5704,87.2988633333,89.8,21:44:49
23.5704233333,87.298865,89.9,21:44:50
23.570455,87.2988716667,90.1,21:44:51
23.5704966667,87.2988733333,90.2,21:44:52
23.570545,87.2988716667,90.3,21:44:53
23.5705966667,87.29887,90.3,21:44:54
23.57065,87.2988666667,90.5,21:44:55
23.57071,87.2988616667,90.7,21:44:56
23.5707766667,87.2988616667,91.0,21:44:57
23.5708466667,87.2988633333,91.3,21:44:58
23.570925,87.2988666667,91.7,21:44:59
23.5710033333,87.2988683333,92.3,21:45:00
23.571085,87.29887,92.3,21:45:01
23.5711683333,87.2988683333,92.4,21:45:02
23.571255,87.2988666667,92.2,21:45:03
23.5713466667,87.2988666667,92.0,21:45:04
23.571445,87.2988683333,91.3,21:45:05
23.5715466667,87.2988683333,90.9,21:45:06
23.57165,87.2988716667,90.9,21:45:07
23.571755,87.298875,91.6,21:45:08
23.571865,87.2988783333,91.8,21:45:09
23.5719783333,87.298885,91.9,21:45:10
23.572095,87.2988916667,91.6,21:45:11
23.572215,87.2988933333,91.4,21:45:12
23.572335,87.2988916667,90.7,21:45:13
23.572455,87.2988866667,90.3,21:45:14
23.5725733333,87.298885,89.9,21:45:15
23.5726916667,87.2988883333,89.4,21:45:16
23.5728066667,87.2988916667,89.2,21:45:17
23.5729216667,87.2988916667,89.1,21:45:18
23.5730333333,87.298895,89.1,21:45:19
23.57314,87.2988966667,89.1,21:45:20
23.57324,87.2988983333,89.1,21:45:21
23.5733366667,87.2988966667,88.8,21:45:22
23.5734266667,87.2988933333,88.6,21:45:23
23.5735066667,87.2988816667,88.4,21:45:24
23.573575,87.2988666667,88.0,21:45:25
23.57363,87.2988516667,86.7,21:45:26
23.5736833333,87.2988383333,86.2,21:45:27
23.573735,87.2988266667,85.8,21:45:28
23.5737933333,87.29881,85.3,21:45:29
23.573855,87.2987916667,85.5,21:45:30
23.5739116667,87.298765,85.2,21:45:31
23.57397,87.29873,85.3,21:45:32
23.5740216667,87.298685,85.7,21:45:33
23.574065,87.29863,85.7,21:45:34
23.574095,87.298565,85.8,21:45:35
23.5741116667,87.29849,85.9,21:45:36
23.5741166667,87.2984083333,86.0,21:45:37
23.5741116667,87.2983233333,86.1,21:45:38
23.5741066667,87.29823,86.0,21:45:39
23.5741,87.2981316667,85.7,21:45:40
23.574095,87.298025,85.3,21:45:41
23.5740916667,87.2979116667,85.1,21:45:42
23.5740883333,87.297795,84.9,21:45:43
23.574085,87.297675,84.6,21:45:44
23.5740816667,87.29755,84.3,21:45:45
23.5740783333,87.2974183333,84.1,21:45:46
23.5740783333,87.2972883333,83.9,21:45:47
23.5740766667,87.29716,83.8,21:45:48
23.5740766667,87.2970333333,83.3,21:45:49
23.574075,87.2969083333,83.0,21:45:50
23.5740733333,87.296785,82.8,21:45:51
23.5740733333,87.2966666667,82.8,21:45:52
23.574075,87.2965533333,82.9,21:45:53
23.5740783333,87.2964483333,83.1,21:45:54
23.57408,87.2963516667,83.3,21:45:55
23.57408,87.2962616667,83.4,21:45:56
23.5740816667,87.2961766667,83.5,21:45:57
23.5740783333,87.296095,83.6,21:45:58
23.57408,87.2960133333,83.7,21:45:59
23.57408,87.29593,83.5,21:46:00
23.57408,87.2958466667,83.5,21:46:01
23.574075,87.295765,83.5,21:46:02
23.574065,87.2956866667,83.4,21:46:03
23.574045,87.29561,83.5,21:46:04
23.5740233333,87.2955366667,83.6,21:46:05
23.5740066667,87.2954666667,83.6,21:46:06
23.574,87.2953983333,83.6,21:46:07
23.574005,87.295335,83.6,21:46:08
23.5740183333,87.2952833333,83.9,21:46:09
23.5740316667,87.295245,84.0,21:46:10
23.5740416667,87.2952233333,83.8,21:46:11
23.574045,87.295215,83.7,21:46:12
23.574045,87.295215,83.7,21:46:13
23.574045,87.2952166667,83.6,21:46:14
23.574045,87.295215,83.5,21:46:15
23.5740483333,87.29521,83.5,21:46:16
23.574055,87.2951883333,83.5,21:46:17
23.574065,87.2951483333,83.5,21:46:18
23.5740716667,87.2951,83.6,21:46:19
23.5740716667,87.295045,83.6,21:46:20
23.5740716667,87.294985,83.7,21:46:21
23.5740716667,87.2949166667,83.5,21:46:22
23.5740716667,87.29484,83.1,21:46:23
23.5740716667,87.2947533333,83.0,21:46:24
23.57407,87.2946616667,83.0,21:46:25
23.5740683333,87.2945683333,82.8,21:46:26
23.5740683333,87.2944683333,82.6,21:46:27
23.57407,87.294365,82.2,21:46:28
23.5740733333,87.29426,81.8,21:46:29
23.574075,87.2941516667,81.3,21:46:30
23.574075,87.29404,81.0,21:46:31
23.5740733333,87.2939266667,80.7,21:46:32
23.5740766667,87.2938183333,81.5,21:46:33
23.5740783333,87.2937166667,81.5,21:46:34
23.57408,87.293625,81.4,21:46:35
23.5740816667,87.2935383333,81.7,21:46:36
23.5740833333,87.29346,81.8,21:46:37
23.5740816667,87.293385,81.7,21:46:38
23.57408,87.293305,81.5,21:46:39
23.57408,87.2932216667,81.6,21:46:40
23.5740833333,87.2931383333,81.3,21:46:41
23.574085,87.293055,81.4,21:46:42
23.5740883333,87.2929716667,81.5,21:46:43
23.5740883333,87.29289,81.3,21:46:44
23.5740866667,87.2928116667,81.5,21:46:45
23.574085,87.2927316667,81.5,21:46:46
23.5740833333,87.2926466667,81.2,21:46:47
23.5740833333,87.2925583333,81.1,21:46:48
23.5740833333,87.2924666667,81.1,21:46:49
23.5740833333,87.29237,80.9,21:46:50
23.5740833333,87.2922683333,80.7,21:46:51
23.5740833333,87.292165,80.7,21:46:52
23.5740833333,87.29206,80.8,21:46:53
23.5740816667,87.291955,80.7,21:46:54
23.5740833333,87.291855,80.7,21:46:55
23.5740866667,87.2917616667,80.7,21:46:56
23.5740883333,87.29168,81.0,21:46:57
23.5740933333,87.2916083333,81.1,21:46:58
23.5741016667,87.29155,81.1,21:46:59
23.5741216667,87.291505,81.8,21:47:00
23.5741516667,87.2914666667,81.2,21:47:01
23.5741916667,87.2914366667,81.2,21:47:02
23.5742433333,87.29142,80.4,21:47:03
23.574305,87.291415,80.0,21:47:04
23.5743766667,87.291415,79.8,21:47:05
23.5744583333,87.2914166667,79.9,21:47:06
23.5745433333,87.2914183333,80.3,21:47:07
23.5746366667,87.2914216667,80.4,21:47:08
23.574725,87.2914233333,80.4,21:47:09
23.5748116667,87.2914283333,81.2,21:47:10
23.5749,87.2914316667,81.3,21:47:11
23.57499,87.291435,81.5,21:47:12
23.5750733333,87.2914366667,82.0,21:47:13
23.5751533333,87.29144,82.3,21:47:14
23.5752366667,87.291445,82.0,21:47:15
23.5753266667,87.291455,80.7,21:47:16
23.57542,87.2914633333,80.7,21:47:17
23.5755083333,87.2914683333,80.3,21:47:18
23.5755933333,87.2914633333,80.0,21:47:19
23.5756733333,87.29146,79.6,21:47:20
23.5757483333,87.2914633333,79.9,21:47:21
23.5758233333,87.2914766667,79.3,21:47:22
23.5759016667,87.2914866667,79.1,21:47:23
23.575985,87.291485,78.8,21:47:24
23.5760683333,87.2914766667,78.7,21:47:25
23.576155,87.29147,79.1,21:47:26
23.5762466667,87.2914683333,79.9,21:47:27
23.57634,87.2914683333,80.3,21:47:28
23.576435,87.29147,80.7,21:47:29
23.57653,87.291475,80.9,21:47:30
23.5766233333,87.2914783333,81.3,21:47:31
23.576715,87.2914816667,81.5,21:47:32
23.5768033333,87.2914883333,82.0,21:47:33
23.5768883333,87.2914966667,82.2,21:47:34
23.57697,87.2915016667,82.8,21:47:35
23.5770483333,87.2915016667,83.0,21:47:36
23.57713,87.2915033333,83.2,21:47:37
23.5772116667,87.2915033333,83.3,21:47:38
23.5772983333,87.2915016667,83.3,21:47:39
23.5773833333,87.2914966667,84.1,21:47:40
23.5774683333,87.2914933333,84.2,21:47:41
23.5775516667,87.291495,84.2,21:47:42
23.577635,87.2914983333,84.1,21:47:43
23.57772,87.2915,84.0,21:47:44
23.5778033333,87.2915033333,84.4,21:47:45
23.5778883333,87.2915066667,84.4,21:47:46
23.5779716667,87.2915116667,84.8,21:47:47
23.5780566667,87.2915133333,84.9,21:47:48
23.5781416667,87.2915166667,85.2,21:47:49
23.5782266667,87.2915166667,85.6,21:47:50
23.5783083333,87.29152,86.0,21:47:51
23.5783883333,87.2915233333,86.4,21:47:52
23.57847,87.2915266667,86.7,21:47:53
23.5785516667,87.2915283333,86.9,21:47:54
23.5786316667,87.2915266667,86.8,21:47:55
23.57871,87.2915266667,86.8,21:47:56
23.578785,87.2915216667,86.6,21:47:57
23.57886,87.2915183333,86.2,21:47:58
23.5789366667,87.2915183333,86.0,21:47:59
23.5790133333,87.29152,86.3,21:48:00
23.5790916667,87.2915233333,86.3,21:48:01
23.5791683333,87.2915266667,86.4,21:48:02
23.57924,87.2915316667,86.4,21:48:03
23.579305,87.2915333333,86.6,21:48:04
23.579365,87.2915316667,86.4,21:48:05
23.57942,87.2915216667,86.7,21:48:06
23.5794716667,87.2914966667,86.7,21:48:07
23.5795183333,87.2914583333,87.0,21:48:08
23.5795633333,87.2914133333,86.9,21:48:09
23.5796083333,87.2913633333,86.9,21:48:10
23.5796516667,87.2913083333,86.9,21:48:11
23.5796916667,87.2912416667,86.8,21:48:12
23.5797216667,87.2911683333,87.0,21:48:13
23.57974,87.2910883333,87.1,21:48:14
23.579745,87.2910033333,87.2,21:48:15
23.5797433333,87.290915,87.2,21:48:16
23.5797416667,87.2908233333,87.3,21:48:17
23.57974,87.2907316667,87.4,21:48:18
23.5797366667,87.2906416667,87.6,21:48:19
23.579735,87.29055,87.7,21:48:20
23.5797316667,87.29046,87.9,21:48:21
23.5797316667,87.2903716667,88.1,21:48:22
23.57973,87.290285,88.3,21:48:23
23.5797283333,87.2902016667,88.6,21:48:24
23.579725,87.2901216667,88.7,21:48:25
23.5797216667,87.2900366667,88.8,21:48:26
23.5797216667,87.2899516667,89.1,21:48:27
23.5797233333,87.2898666667,89.5,21:48:28
23.579725,87.289785,90.0,21:48:29
23.579725,87.289705,90.3,21:48:30
23.5797233333,87.2896216667,90.4,21:48:31
23.579725,87.28954,90.6,21:48:32
23.579725,87.2894583333,90.6,21:48:33
23.579725,87.2893783333,90.7,21:48:34
23.579725,87.2892983333,91.0,21:48:35
23.5797266667,87.2892216667,91.1,21:48:36
23.5797266667,87.289145,91.0,21:48:37
23.5797283333,87.2890666667,90.8,21:48:38
23.57973,87.2889866667,90.8,21:48:39
23.5797316667,87.288905,91.1,21:48:40
23.5797316667,87.28882,91.2,21:48:41
23.5797366667,87.2887333333,91.2,21:48:42
23.5797433333,87.28864,91.2,21:48:43
23.57975,87.2885416667,91.3,21:48:44
23.5797533333,87.28844,91.6,21:48:45
23.579755,87.2883366667,92.2,21:48:46
23.5797566667,87.2882283333,92.4,21:48:47
23.5797566667,87.28812,92.5,21:48:48
23.5797533333,87.2880133333,92.6,21:48:49
23.5797516667,87.2879116667,93.0,21:48:50
23.579745,87.2878183333,93.4,21:48:51
23.5797333333,87.2877333333,93.7,21:48:52
23.5797133333,87.287655,93.8,21:48:53
23.579685,87.2875866667,94.2,21:48:54
23.5796566667,87.2875283333,94.6,21:48:55
23.579635,87.287475,94.9,21:48:56
23.5796233333,87.2874316667,95.0,21:48:57
23.5796216667,87.2873916667,94.9,21:48:58
23.5796266667,87.2873566667,94.8,21:48:59
23.5796383333,87.2873266667,94.7,21:49:00
23.5796566667,87.2872966667,94.6,21:49:01
23.5796816667,87.2872633333,94.5,21:49:02
23.5797066667,87.2872266667,94.5,21:49:03
23.5797283333,87.2871833333,94.5,21:49:04
23.5797466667,87.2871383333,94.5,21:49:05
23.5797566667,87.2870966667,94.5,21:49:06
23.5797566667,87.2870566667,94.6,21:49:07
23.5797566667,87.287015,94.6,21:49:08
23.5797533333,87.28697,94.5,21:49:09
23.5797533333,87.2869266667,94.1,21:49:10
23.579755,87.286885,94.2,21:49:11
23.579755,87.2868466667,93.9,21:49:12
23.579755,87.2868116667,93.7,21:49:13
23.5797583333,87.28678,93.9,21:49:14
23.57976,87.2867466667,93.9,21:49:15
23.5797616667,87.2867116667,93.8,21:49:16
23.5797616667,87.2866733333,94.1,21:49:17
23.5797616667,87.2866283333,94.2,21:49:18
23.57976,87.2865816667,94.1,21:49:19
23.5797583333,87.286535,94.3,21:49:20
23.579755,87.2864916667,94.3,21:49:21
23.579755,87.2864533333,93.9,21:49:22
23.5797583333,87.2864133333,93.8,21:49:23
23.5797583333,87.286375,93.7,21:49:24
23.5797583333,87.2863366667,94.0,21:49:25
23.579765,87.2862933333,93.9,21:49:26
23.57977,87.2862516667,94.1,21:49:27
23.579775,87.286205,94.0,21:49:28
23.5797766667,87.2861516667,94.0,21:49:29
23.5797733333,87.28609,94.3,21:49:30
23.57977,87.2860283333,94.3,21:49:31
23.5797666667,87.2859633333,94.7,21:49:32
23.5797666667,87.2858966667,95.1,21:49:33
23.5797666667,87.2858233333,95.2,21:49:34
23.5797666667,87.285745,95.0,21:49:35
23.5797683333,87.285665,95.5,21:49:36
23.5797716667,87.2855866667,95.6,21:49:37
23.5797716667,87.2855083333,95.8,21:49:38
23.57977,87.2854266667,95.8,21:49:39
23.5797683333,87.2853483333,96.1,21:49:40
23.5797666667,87.285275,96.5,21:49:41
23.579765,87.2852066667,96.3,21:49:42
23.5797666667,87.2851383333,96.3,21:49:43
23.5797683333,87.2850683333,96.3,21:49:44
23.57977,87.284995,96.4,21:49:45
23.5797716667,87.28492,96.5,21:49:46
23.5797733333,87.2848433333,96.5,21:49:47
23.5797766667,87.2847716667,96.4,21:49:48
23.57978,87.2847066667,96.4,21:49:49
23.57978,87.2846483333,96.4,21:49:50
23.5797816667,87.2846,96.4,21:49:51
23.5797816667,87.28456,96.4,21:49:52
23.5797833333,87.2845383333,96.3,21:49:53
23.5797816667,87.28453,96.3,21:49:54
23.5797816667,87.28453,96.3,21:49:55
23.57978,87.28453,96.3,21:49:56
23.5797783333,87.28453,96.2,21:49:57
23.57978,87.2845266667,96.2,21:49:58
23.5797816667,87.2845066667,96.2,21:49:59
23.579785,87.284475,96.2,21:50:00
23.5797866667,87.2844333333,96.1,21:50:01
23.579785,87.2843866667,96.2,21:50:02
23.5797833333,87.2843333333,96.1,21:50:03
23.5797816667,87.2842716667,96.0,21:50:04
23.5797783333,87.2842033333,95.9,21:50:05
23.5797766667,87.2841283333,95.9,21:50:06
23.5797716667,87.2840466667,95.8,21:50:07
23.579765,87.2839616667,95.7,21:50:08
23.5797566667,87.2838733333,95.5,21:50:09
23.5797483333,87.2837833333,95.4,21:50:10
23.5797383333,87.2836966667,95.3,21:50:11
23.5797283333,87.2836116667,95.1,21:50:12
23.57972,87.2835333333,94.9,21:50:13
23.5797083333,87.2834566667,94.7,21:50:14
23.5796883333,87.2833866667,94.7,21:50:15
23.5796533333,87.2833266667,94.2,21:50:16
23.579605,87.28328,93.9,21:50:17
23.579545,87.2832416667,93.7,21:50:18
23.57948,87.2831983333,93.3,21:50:19
23.5794116667,87.2831533333,92.9,21:50:20
23.5793366667,87.283105,92.5,21:50:21
23.579255,87.2830533333,92.2,21:50:22
23.5791733333,87.2830016667,91.9,21:50:23
23.579095,87.28295,91.6,21:50:24
23.5790183333,87.2828983333,91.5,21:50:25
23.5789433333,87.28285,91.3,21:50:26
23.5788733333,87.2828033333,91.3,21:50:27
23.5788083333,87.2827616667,91.3,21:50:28
23.5787483333,87.2827266667,91.3,21:50:29
23.578695,87.2827,91.4,21:50:30
23.5786516667,87.282685,91.3,21:50:31
23.5786133333,87.28268,91.4,21:50:32
23.578575,87.282685,91.5,21:50:33
23.578535,87.2827,91.5,21:50:34
23.578495,87.2827266667,91.6,21:50:35
23.57846,87.2827716667,91.7,21:50:36
23.57843,87.28283,92.1,21:50:37
23.578405,87.2828883333,92.3,21:50:38
23.57838,87.2829433333,92.4,21:50:39
23.5783566667,87.282995,92.4,21:50:40
23.57833,87.2830483333,92.5,21:50:41
23.578305,87.2830983333,92.3,21:50:42
23.578275,87.283135,92.0,21:50:43
23.5782383333,87.28316,92.1,21:50:44
23.5781933333,87.2831733333,92.4,21:50:45
23.5781433333,87.28317,92.2,21:50:46
23.5780883333,87.2831533333,92.4,21:50:47
23.5780283333,87.2831216667,92.3,21:50:48
23.5779633333,87.283085,92.4,21:50:49
23.5778966667,87.28305,92.2,21:50:50
23.5778216667,87.28302,92.2,21:50:51
23.57774,87.283,92.2,21:50:52
23.5776516667,87.28299,92.2,21:50:53
23.57756,87.282985,92.3,21:50:54
23.577465,87.2829783333,92.3,21:50:55
23.577365,87.282975,92.4,21:50:56
23.5772633333,87.2829733333,92.7,21:50:57
23.577165,87.2829733333,93.1,21:50:58
23.577065,87.2829733333,93.3,21:50:59
23.576965,87.2829716667,93.5,21:51:00
23.576865,87.28297,93.7,21:51:01
23.5767633333,87.2829683333,93.9,21:51:02
23.57666,87.2829666667,93.9,21:51:03
23.5765533333,87.2829666667,94.2,21:51:04
23.5764466667,87.282965,94.3,21:51:05
23.5763416667,87.2829616667,94.6,21:51:06
23.576235,87.28296,94.7,21:51:07
23.5761283333,87.2829583333,94.6,21:51:08
23.5760183333,87.2829566667,94.7,21:51:09
23.57591,87.2829533333,94.7,21:51:10
23.5757983333,87.2829516667,94.6,21:51:11
23.57569,87.2829483333,94.6,21:51:12
23.5755833333,87.282945,94.8,21:51:13
23.5754816667,87.282945,94.8,21:51:14
23.5753816667,87.2829466667,94.9,21:51:15
23.5752866667,87.28295,94.7,21:51:16
23.57519,87.2829516667,94.6,21:51:17
23.5750933333,87.28295,94.6,21:51:18
23.575,87.2829533333,94.7,21:51:19
23.5749066667,87.2829533333,94.6,21:51:20
23.5748133333,87.2829483333,94.3,21:51:21
23.5747166667,87.282945,94.1,21:51:22
23.57462,87.2829416667,93.2,21:51:23
23.57452,87.2829383333,93.0,21:51:24
23.574415,87.2829366667,92.8,21:51:25
23.5743116667,87.282935,92.6,21:51:26
23.574205,87.282935,92.9,21:51:27
23.5741016667,87.2829316667,92.7,21:51:28
23.5739983333,87.28293,92.5,21:51:29
23.573895,87.28293,92.9,21:51:30
23.5738016667,87.2829283333,92.5,21:51:31
23.5737183333,87.282925,92.2,21:51:32
23.573645,87.2829233333,92.1,21:51:33
23.57359,87.2829266667,92.6,21:51:34
23.5735483333,87.282925,92.6,21:51:35
23.57352,87.2829266667,93.0,21:51:36
23.573505,87.2829283333,93.3,21:51:37
23.5734883333,87.2829283333,94.1,21:51:38
23.5734733333,87.282925,94.2,21:51:39
23.573455,87.282925,93.9,21:51:40
23.5734233333,87.2829233333,94.1,21:51:41
23.57338,87.2829233333,94.4,21:51:42
23.5733333333,87.2829233333,94.8,21:51:43
23.5732833333,87.2829216667,95.0,21:51:44
23.5732266667,87.2829216667,95.2,21:51:45
23.5731616667,87.28292,95.4,21:51:46
23.573095,87.28292,95.7,21:51:47
23.5730316667,87.28292,96.0,21:51:48
23.57298,87.2829216667,96.3,21:51:49
23.5729433333,87.2829233333,96.7,21:51:50
23.5729216667,87.2829233333,96.8,21:51:51
23.572905,87.2829233333,97.0,21:51:52
23.5728866667,87.282925,97.1,21:51:53
23.57286,87.282925,97.3,21:51:54
23.5728216667,87.2829233333,97.5,21:51:55
23.5727783333,87.2829216667,97.7,21:51:56
23.5727333333,87.28292,98.0,21:51:57
23.5726833333,87.2829166667,98.3,21:51:58
23.57263,87.2829133333,98.6,21:51:59
23.572575,87.2829116667,98.8,21:52:00
23.57252,87.282915,98.9,21:52:01
23.57247,87.2829316667,99.1,21:52:02
23.572425,87.282955,99.4,21:52:03
23.5723833333,87.2829816667,99.6,21:52:04
23.5723416667,87.28301,99.7,21:52:05
23.5722966667,87.2830316667,99.8,21:52:06
23.5722516667,87.283035,99.9,21:52:07
23.572205,87.2830266667,100.0,21:52:08
23.57216,87.2830066667,100.1,21:52:09
23.572115,87.28298,100.3,21:52:10
23.5720666667,87.2829516667,100.6,21:52:11
23.572015,87.2829266667,100.8,21:52:12
23.5719566667,87.2829083333,100.8,21:52:13
23.5718983333,87.2829016667,101.0,21:52:14
23.5718383333,87.2828983333,101.1,21:52:15
23.5717766667,87.282895,101.2,21:52:16
23.5717133333,87.2828933333,101.3,21:52:17
23.5716416667,87.28289,101.1,21:52:18
23.5715666667,87.2828866667,100.9,21:52:19
23.5714866667,87.2828866667,100.8,21:52:20
23.571405,87.2828866667,100.6,21:52:21
23.5713216667,87.2828866667,100.2,21:52:22
23.5712383333,87.28289,100.0,21:52:23
23.5711533333,87.2828916667,99.8,21:52:24
23.5710666667,87.2828916667,99.5,21:52:25
23.57098,87.2828916667,99.3,21:52:26
23.570895,87.28289,99.0,21:52:27
23.5708116667,87.28289,98.9,21:52:28
23.57073,87.2828866667,98.7,21:52:29
23.5706516667,87.2828866667,98.6,21:52:30
23.5705766667,87.282885,98.4,21:52:31
23.5705066667,87.2828833333,98.2,21:52:32
23.5704383333,87.28288,98.0,21:52:33
23.5703733333,87.28288,97.8,21:52:34
23.5703033333,87.2828783333,97.6,21:52:35
23.57023,87.2828766667,97.3,21:52:36
23.57015,87.2828783333,97.2,21:52:37
23.5700733333,87.2828716667,96.8,21:52:38
23.5699933333,87.2828683333,96.8,21:52:39
23.5699116667,87.28287,97.2,21:52:40
23.56983,87.2828733333,97.4,21:52:41
23.5697516667,87.2828766667,97.3,21:52:42
23.569675,87.2828766667,97.3,21:52:43
23.569595,87.2828766667,97.4,21:52:44
23.5695166667,87.2828766667,97.5,21:52:45
23.5694333333,87.282875,97.5,21:52:46
23.5693466667,87.2828733333,97.7,21:52:47
23.56926,87.282875,97.6,21:52:48
23.569175,87.2828716667,97.3,21:52:49
23.5690883333,87.28287,97.0,21:52:50
23.5690016667,87.282865,96.6,21:52:51
23.5689166667,87.28286,96.2,21:52:52
23.5688316667,87.2828583333,96.1,21:52:53
23.5687516667,87.2828533333,96.1,21:52:54
23.5686816667,87.28285,95.9,21:52:55
23.5686233333,87.28285,95.8,21:52:56
23.5685766667,87.2828516667,95.4,21:52:57
23.5685366667,87.282855,95.2,21:52:58
23.5685016667,87.282855,95.0,21:52:59
23.5684633333,87.282855,94.7,21:53:00
23.5684183333,87.2828566667,94.8,21:53:01
23.56837,87.2828583333,94.7,21:53:02
23.5683183333,87.28286,94.7,21:53:03
23.568265,87.2828616667,94.6,21:53:04
23.5682066667,87.2828633333,94.5,21:53:05
23.5681416667,87.2828633333,94.6,21:53:06
23.5680733333,87.28286,94.6,21:53:07
23.5679983333,87.2828566667,94.7,21:53:08
23.56792,87.2828566667,94.6,21:53:09
23.56784,87.282855,94.4,21:53:10
23.56776,87.2828533333,94.3,21:53:11
23.56768,87.2828516667,94.3,21:53:12
23.5676033333,87.2828466667,94.2,21:53:13
23.567525,87.282845,94.2,21:53:14
23.567445,87.2828433333,94.2,21:53:15
23.567365,87.2828416667,94.2,21:53:16
23.5672816667,87.282845,94.3,21:53:17
23.5672,87.2828466667,94.4,21:53:18
23.5671183333,87.28285,94.4,21:53:19
23.5670366667,87.2828516667,94.5,21:53:20
23.5669566667,87.2828533333,94.6,21:53:21
23.5668766667,87.2828516667,94.7,21:53:22
23.5667983333,87.2828516667,94.8,21:53:23
23.5667183333,87.2828516667,95.3,21:53:24
23.5666416667,87.2828516667,95.5,21:53:25
23.5665683333,87.2828516667,95.7,21:53:26
23.5664983333,87.2828516667,96.0,21:53:27
23.5664316667,87.28285,96.2,21:53:28
23.566365,87.2828466667,96.5,21:53:29
23.5663,87.2828416667,96.6,21:53:30
23.5662333333,87.2828416667,96.8,21:53:31
23.56617,87.2828466667,96.9,21:53:32
23.5661066667,87.2828516667,97.0,21:53:33
23.5660416667,87.2828583333,97.2,21:53:34
23.56598,87.2828716667,97.2,21:53:35
23.5659183333,87.2828966667,97.5,21:53:36
23.56587,87.2829333333,97.3,21:53:37
23.5658266667,87.2829783333,97.8,21:53:38
23.5657933333,87.2830233333,98.0,21:53:39
23.5657683333,87.28307,97.7,21:53:40
23.5657516667,87.2831183333,97.4,21:53:41
23.5657416667,87.28317,97.3,21:53:42
23.5657383333,87.28323,97.3,21:53:43
23.56574,87.2832966667,97.1,21:53:44
23.56574,87.2833633333,97.1,21:53:45
23.5657416667,87.2834383333,97.1,21:53:46
23.5657416667,87.2835133333,97.2,21:53:47
23.5657433333,87.2835883333,97.1,21:53:48
23.56575,87.2836666667,97.0,21:53:49
23.5657566667,87.2837466667,97.1,21:53:50
23.5657616667,87.28383,97.3,21:53:51
23.5657666667,87.28391,97.6,21:53:52
23.56577,87.2839833333,97.7,21:53:53
23.5657716667,87.2840483333,97.7,21:53:54
23.5657733333,87.284105,97.8,21:53:55
23.565775,87.2841516667,97.7,21:53:56
23.5657766667,87.2841883333,97.8,21:53:57
23.5657783333,87.2842166667,97.7,21:53:58
23.5657766667,87.28424,98.0,21:53:59
23.5657766667,87.28426,98.1,21:54:00
23.5657766667,87.2842816667,98.2,21:54:01
23.5657783333,87.2843066667,98.3,21:54:02
23.56578,87.2843333333,98.2,21:54:03
23.56578,87.284365,98.2,21:54:04
23.5657783333,87.2843933333,98.0,21:54:05
23.56577,87.2844216667,97.9,21:54:06
23.5657566667,87.2844416667,97.8,21:54:07
23.56574,87.284455,97.4,21:54:08
23.5657216667,87.2844566667,97.2,21:54:09
23.5657,87.2844566667,97.1,21:54:10
23.56568,87.28445,96.8,21:54:11
23.5656633333,87.2844366667,96.6,21:54:12
23.565645,87.2844233333,96.3,21:54:13
23.565625,87.28441,96.1,21:54:14
23.5655983333,87.2843983333,95.8,21:54:15
23.5655733333,87.2843766667,95.8,21:54:16
23.5655416667,87.2843633333,95.6,21:54:17
23.5655,87.28435,95.6,21:54:18
23.5654516667,87.284335,95.4,21:54:19
23.5653966667,87.28431,95.1,21:54:20
23.5653333333,87.2842866667,94.9,21:54:21
23.565265,87.2842616667,94.5,21:54:22
23.5651916667,87.2842366667,94.2,21:54:23
23.5651183333,87.28421,93.9,21:54:24
23.5650433333,87.284185,94.0,21:54:25
23.56497,87.2841583333,93.6,21:54:26
23.5648966667,87.2841316667,93.5,21:54:27
23.564825,87.2841066667,93.2,21:54:28
23.5647533333,87.2840816667,93.5,21:54:29
23.5646833333,87.2840566667,93.1,21:54:30
23.564615,87.284035,93.0,21:54:31
23.5645483333,87.2840116667,92.8,21:54:32
23.564485,87.2839866667,92.7,21:54:33
23.5644183333,87.2839633333,93.2,21:54:34
23.5643533333,87.2839416667,93.4,21:54:35
23.5642933333,87.28392,93.3,21:54:36
23.5642366667,87.2839016667,93.2,21:54:37
23.5641866667,87.283885,93.1,21:54:38
23.564145,87.2838716667,93.1,21:54:39
23.5641133333,87.2838583333,93.0,21:54:40
23.564085,87.283845,93.0,21:54:41
23.56406,87.2838283333,93.0,21:54:42
23.5640416667,87.283805,93.1,21:54:43
23.56403,87.2837766667,93.4,21:54:44
23.564025,87.2837483333,93.5,21:54:45
23.564025,87.2837183333,93.6,21:54:46
23.5640316667,87.2836883333,93.7,21:54:47
23.56404,87.2836533333,93.9,21:54:48
23.56405,87.283615,94.0,21:54:49
23.56406,87.2835783333,94.0,21:54:50
23.5640683333,87.2835533333,94.2,21:54:51
23.564075,87.283535,94.4,21:54:52
23.5640816667,87.2835166667,94.5,21:54:53
23.56409,87.283495,94.6,21:54:54
23.5640966667,87.2834683333,94.9,21:54:55
23.5641083333,87.2834383333,95.0,21:54:56
23.5641183333,87.2834033333,95.1,21:54:57
23.5641316667,87.283365,95.3,21:54:58
23.5641466667,87.2833266667,95.5,21:54:59
23.5641616667,87.28329,95.6,21:55:00
23.564175,87.2832533333,95.6,21:55:01
23.564185,87.2832233333,95.7,21:55:02
23.5641933333,87.2831933333,96.0,21:55:03
23.5642,87.2831683333,96.1,21:55:04
23.564205,87.2831466667,96.0,21:55:05
23.56421,87.283125,96.1,21:55:06
23.5642133333,87.283105,96.0,21:55:07
23.56422,87.2830833333,95.9,21:55:08
23.564225,87.28306,95.9,21:55:09
23.5642316667,87.283035,95.8,21:55:10
23.5642366667,87.2830116667,95.8,21:55:11
23.5642466667,87.2829883333,95.8,21:55:12
23.5642516667,87.2829666667,95.5,21:55:13
23.5642583333,87.282945,95.5,21:55:14
23.5642633333,87.28293,95.4,21:55:15
23.5642683333,87.2829166667,95.4,21:55:16
23.56427,87.2829066667,95.1,21:55:17
23.564275,87.2828966667,95.0,21:55:18
23.5642783333,87.2828866667,95.0,21:55:19
23.5642833333,87.282875,94.9,21:55:20
23.5642866667,87.2828683333,94.8,21:55:21
23.56429,87.28286,94.8,21:55:22
23.5642916667,87.282855,94.8,21:55:23
23.5642933333,87.2828483333,94.6,21:55:24
23.564295,87.2828466667,94.4,21:55:25
23.564295,87.2828466667,94.4,21:55:26
23.564295,87.2828466667,94.4,21:55:27
23.564295,87.2828466667,94.4,21:55:28
23.564295,87.2828466667,94.4,21:55:29
23.564295,87.2828466667,94.4,21:55:30
23.564295,87.2828466667,94.4,21:55:31
23.564295,87.2828466667,94.4,21:55:32
23.564295,87.2828466667,94.4,21:55:33
23.564295,87.2828466667,94.4,21:55:34
23.564295,87.2828466667,94.4,21:55:35
23.564295,87.2828466667,94.4,21:55:36
23.564295,87.2828466667,94.4,21:55:37
23.564295,87.2828466667,94.4,21:55:38
23.564295,87.2828466667,94.4,21:55:39
23.564295,87.2828466667,94.4,21:55:40
23.564295,87.2828466667,94.4,21:55:41
23.564295,87.2828466667,94.4,21:55:42
23.564295,87.2828466667,94.4,21:55:43
23.564295,87.2828466667,94.4,21:55:44
23.564295,87.2828466667,94.4,21:55:45
23.564295,87.2828466667,94.4,21:55:46
23.564295,87.2828466667,94.4,21:55:47
23.564295,87.2828466667,94.4,21:55:48
23.564295,87.2828466667,94.4,21:55:49
23.564295,87.2828466667,94.4,21:55:50
23.564295,87.2828466667,94.4,21:55:51
23.564295,87.2828466667,94.4,21:55:52
23.564295,87.2828433333,94.4,21:55:53
23.564295,87.2828433333,94.4,21:55:54
23.564295,87.2828433333,94.4,21:55:55
23.564295,87.2828433333,94.4,21:55:56
23.564295,87.2828433333,94.4,21:55:57
23.564295,87.2828433333,94.4,21:55:58
23.564295,87.2828433333,94.4,21:55:59
23.564295,87.2828433333,94.4,21:56:00
23.564295,87.2828433333,94.4,21:56:01
23.564295,87.2828433333,94.4,21:56:02
23.564295,87.2828433333,94.4,21:56:03
23.564295,87.2828433333,94.4,21:56:04
23.564295,87.2828433333,94.4,21:56:05
23.564295,87.2828433333,94.4,21:56:06
23.5642916667,87.282835,94.4,21:56:07
23.564285,87.282825,94.5,21:56:08
23.5642816667,87.2828033333,94.3,21:56:09
23.5642866667,87.282775,94.0,21:56:10
23.5642933333,87.2827483333,93.7,21:56:11
23.5642966667,87.2827283333,93.5,21:56:12
23.5643066667,87.2827083333,93.4,21:56:13