23.579724725658878,87.27344260866634,0.0,20.72500940612303,05:59:54
23.579728929279483,87.27350165493849,0.0,21.11586496214035,05:59:55
23.57974797450211,87.27351289317033,2.7731852531433105,21.546530415954898,05:59:56
23.57974797450211,87.27351289317033,0.0,21.580788614161325,05:59:57,Bumper_1+
23.57974797450211,87.27351289317033,0.0,21.611810663615984,05:59:58,Bumper_1+
23.57974797450211,87.27351289317033,0.0,22.05229707342652,05:59:59,Bumper_1+
23.57979192249465,87.27351000612958,2.526911497116089,22.42490611163773,06:00:00,Bumper_1+
23.579812043982436,87.27351828050466,2.5291459560394287,22.826159301572385,06:00:01
23.579838034111933,87.27352887834456,2.9484381675720215,23.17952967006571,06:00:02
23.579873691483975,87.27354207433433,3.8085241317749023,23.540537209533085,06:00:03
23.574185073326895,87.29914811664663,0.0,15.438271299392731,06:16:52
23.574185073326895,87.29914811664663,0.0,15.48098008923297,06:16:53
23.573956648602806,87.30028912576178,3.5206401348114014,47.55768327548433,06:17:14
23.573952521099457,87.30033638879326,2.9305014610290527,47.53625483831378,06:17:15,Bumper_2+
23.573952521099457,87.30033638879326,0.0,47.52585813816616,06:17:16,Bumper_2+
23.573952521099457,87.30033638879326,0.0,47.51443124852891,06:17:17,Bumper_2+
23.57391985102721,87.30052080634503,4.400075912475586,45.44451598180539,06:17:18
23.573887351298616,87.30060855631648,5.51002311706543,44.03285127892495,06:17:19
23.57385219377251,87.30068815170138,5.537840843200684,42.33524984255503,06:17:20
23.57382117862436,87.30075394945293,4.883545875549316,41.50016419807528,06:17:21
23.573786711951016,87.300825511172,4.883545875549316,40.83492883559659,06:17:22
23.573726514951247,87.30096775935328,5.613694190979004,38.20859783898889,06:17:24
23.573697623327924,87.3010292774978,5.530308723449707,36.803343238797765,06:17:25,Bumper_3+
23.57367221060143,87.30108618821816,5.424887657165527,34.28355418552394,06:17:26,Bumper_3+
23.5736521830998,87.30114277180623,5.362921237945557,32.049653719356506,06:17:27,Bumper_3+
23.5736521830998,87.30114277180623,0.0,32.04090852937587,06:17:28
23.5736521830998,87.30114277180623,0.0,32.0277842996683,06:17:29
23.573650588474283,87.30127409663864,4.823470115661621,29.634919356306497,06:17:30
23.54083943727181,87.29952550224715,0.0,46.20148667235751,06:35:13
23.540909531555375,87.2995119338636,0.0,45.893981578457236,06:35:14
23.540759127909464,87.29937242709981,5.090153694152832,43.64912767530827,06:35:18
23.540759127909464,87.29937242709981,0.0,43.62785457884864,06:35:19,Bumper_1+
23.540759127909464,87.29937242709981,0.0,43.60706956105883,06:35:20,Bumper_1+
23.5406679166737,87.2993023092091,4.002116680145264,43.39826476337965,06:35:21,Bumper_1+
23.5406679166737,87.2993023092091,0.0,43.37138273742496,06:35:22,Bumper_1+
23.5406679166737,87.2993023092091,0.0,43.35136136812286,06:35:23
23.5405331107741,87.29918705898376,0.0,42.63041750268048,06:35:29
23.540467005695866,87.29913096466728,3.0170817375183105,42.38791126138124,06:35:30
23.540467005695866,87.29913096466728,0.0,42.363992873977324,06:35:31
23.540467005695866,87.29913096466728,0.0,42.33382348089886,06:35:32,Bumper_2+
23.540393696825017,87.29907804752447,2.9315524101257324,41.97899268982457,06:35:33,Bumper_2+
23.540360779890918,87.29905440978771,3.0525710582733154,41.72200153909877,06:35:34,Bumper_2+
23.540320471462817,87.2990260745812,3.723665237426758,41.546422646997996,06:35:35,Bumper_2+
23.54027647124687,87.29899111614422,4.520269393920898,39.814451595173686,06:35:36
23.540230724535213,87.29895720311345,5.179924488067627,37.73343059477694,06:35:37
23.540189193875765,87.29893037058467,5.15985631942749,35.846254370130914,06:35:38
23.540230724535213,87.29895720311345,5.179924488067627,37.73343059477694,06:35:37
23.540189193875765,87.29893037058467,5.15985631942749,35.846254370130914,06:35:38
23.54014629837285,87.29890470018177,5.18808650970459,35.05788496546813,06:35:39
23.539072819710178,87.29811006425265,0.0,24.74896022888218,06:35:56,Bumper_3+
23.539072819710178,87.29811006425265,0.0,24.726730359716417,06:35:58,Bumper_3+
23.539072819710178,87.29811006425265,0.0,24.721951187134923,06:35:59,Bumper_3+
23.539072819710178,87.29811006425265,0.0,24.622633437402733,06:36:00,Bumper_3+
23.538852500778972,87.29791292916599,4.02993106842041,23.709880541373714,06:36:05
23.53879990245648,87.29786911017942,5.384078502655029,21.476857859773226,06:36:06
23.538631589967366,87.29774245588821,6.1756367683410645,16.950870236506525,06:36:09
23.537851518601983,87.29720318040229,0.0,27.704536850027015,06:36:28,Bumper_4+
23.537851518601983,87.29720318040229,0.0,27.92784480534919,06:36:29,Bumper_4+
23.537851518601983,87.29720318040229,0.0,28.145287188162847,06:36:30,Bumper_4+
23.537851518601983,87.29720318040229,0.0,28.44188001700016,06:36:31
23.537851518601983,87.29720318040229,0.0,28.779234849905773,06:36:32
23.53777559982549,87.29702352257974,2.796233892440796,29.089170065864245,06:36:33
23.537790487488202,87.29700531479901,2.740816354751587,29.381218896749285,06:36:34
23.53780734341541,87.29699155168882,2.715188503265381,29.621780533131332,06:36:35
23.53662237103053,87.2959215338476,3.7461466789245605,16.805302165749207,06:37:01
23.536423395116714,87.29593759075779,0.0,15.96517690894804,06:37:08,Bumper_5+
23.536423395116714,87.29593759075779,0.0,15.809913743477892,06:37:09
23.536169597684918,87.2959753552945,3.8229598999023438,15.718967578764014,06:37:10
23.53611396954038,87.29603906321597,6.426790237426758,14.714450912881077,06:37:11
23.53606964323685,87.29609636924525,6.426790237426758,14.243619507772285,06:37:12
23.536026558243996,87.29614116297513,5.8202033042907715,14.541034372225441,06:37:13
23.53567546838415,87.29646958167721,6.450770854949951,16.296068853824696,06:37:19
23.53563164737265,87.29652156515988,6.281479835510254,15.777613572892937,06:37:20,Bumper_6+
23.535627266502413,87.29657565371345,6.032577037811279,14.647058401337341,06:37:21,Bumper_6+
23.535614077051083,87.29661405857134,4.660830497741699,13.384086913217182,06:37:22,Bumper_6+
23.535584124570118,87.29665856326932,5.673567771911621,13.023792461113729,06:37:23
23.535554691647086,87.29670869665748,6.024843692779541,12.767273990699142,06:37:24
23.53553186508144,87.29675987126413,6.1936187744140625,12.751766762775997,06:37:25
23.534546800287842,87.30190240742394,8.381708145141602,34.815493150908104,06:40:17
23.534560799170574,87.3019725875256,8.304858207702637,36.32634688127416,06:40:18
23.5333885932695,87.30663049682562,6.879122734069824,20.554570239840576,06:41:09
23.533329919671374,87.30667271255383,6.879122734069824,21.480673339127375,06:41:10,Bumper_8+
23.53327420403979,87.30670884735187,6.528295516967773,22.044573053210712,06:41:11,Bumper_8+
23.533225932861598,87.30675403781237,6.943169593811035,22.35929850706381,06:41:12
23.533174570936406,87.30679903650818,6.943169593811035,22.616159796251402,06:41:13
23.53312087939888,87.30684082779982,7.22645378112793,23.29929448561377,06:41:14
23.49507464074472,87.31672292687277,3.9104132652282715,4.280682297114246,06:50:30,Bumper_11+
23.495060374165742,87.31675183210007,3.9104132652282715,4.1253271112400185,06:50:31
23.495044110703066,87.3167767842958,4.475826263427734,2.6321519020012842,06:50:32
23.495022326567923,87.3168029677748,4.562629222869873,0.7305654197787215,06:50:33
