23.576257728858817,87.27527550569015,0.0,-16.082205170695115,05:58:32
23.57646200118282,87.27526697470675,0.0,-16.107029195162415,05:58:33
23.579215448822893,87.27369001914859,0.0,14.32870653964354,05:59:17
23.579215448822893,87.27369001914859,0.0,14.321066119997354,05:59:18,Pothhole_1+
23.579329487017645,87.27364157060039,5.0,14.598250709892376,05:59:19
23.579394911635166,87.27361770074475,5.778478145599365,15.298135426441187,05:59:20
23.579457943383026,87.2735911766072,5.824253559112549,15.74447854801323,05:59:21
23.579910889071275,87.27355648514484,4.235899448394775,26.352421159424903,06:00:04
23.579948302555295,87.2735746588514,4.0363264083862305,26.668987185948456,06:00:05
23.58020984831346,87.27374955490973,6.27378511428833,39.94700259351396,06:00:12
23.580255942737153,87.2737882266573,6.552554607391357,40.37104719704378,06:00:13,Pothhole_2+
23.58030359720329,87.27382622294328,6.586548805236816,40.94785386906243,06:00:14
23.580344944274795,87.27385824141874,6.586548805236816,40.87595644642981,06:00:15
23.58038876822285,87.27389687491537,6.656374931335449,40.57152898673998,06:00:16
23.58030031309714,87.27955214391399,5.062304496765137,37.50498052015642,06:03:37
23.580284322594874,87.27960130976328,5.252196788787842,36.84024235088838,06:03:38
23.579777673203935,87.2805847409537,8.04386043548584,33.936564540268236,06:03:53
23.57973127490245,87.28065248392025,8.373612403869629,35.16019558076128,06:03:54,Pothhole_3+
23.579683298221653,87.28072441026953,8.699557304382324,35.95999110342582,06:03:55
23.57963854520141,87.28079480596216,8.297685623168945,37.053515559532,06:03:56
23.57959039051867,87.28086775664774,8.297685623168945,38.60071009573715,06:03:57
23.579535041866908,87.28093875224292,8.442965507507324,39.867001786963684,06:03:58
23.57948727648913,87.2810107329614,8.339409828186035,40.54623249442597,06:03:59
23.578712954064745,87.28273110639094,5.6406049728393555,44.5986727056782,06:04:26
23.578765552086498,87.28276492061674,5.8984222412109375,43.09893307544954,06:04:27,Pothhole_4+
23.57882410548732,87.28280077428923,6.158425807952881,41.42493007853612,06:04:28
23.57889037315913,87.28284848358521,7.7177958488464355,40.0707351701578,06:04:29
23.578946911481356,87.282895068598,6.522922039031982,38.89298713306669,06:04:30
23.590546429224897,87.28467697901719,2.9909048080444336,47.06366499458121,06:08:41
23.59052754806328,87.28471740312114,4.43546724319458,43.22710897507077,06:08:42
23.58931546060889,87.28590362641657,9.212728500366211,12.820233417597779,06:09:05
23.58924264238933,87.28596698532031,9.656468391418457,11.44676315550507,06:09:06,Pothhole_5+
23.58917124912421,87.28603629799733,9.860429763793945,8.635633048727108,06:09:07,Pothhole_5+
23.589102748718783,87.28610035947523,9.860429763793945,7.584306012347503,06:09:08
23.589028644197725,87.28617117449734,10.875204086303711,6.424062436574718,06:09:09
23.58896049610204,87.28623244647177,10.373798370361328,5.259139301278697,06:09:10
23.573895540365637,87.30231914852506,3.808192491531372,26.88474128740466,06:18:09
23.573871935562856,87.30231267606047,3.825446844100952,26.823740150468268,06:18:10
23.573848310406806,87.30230827642649,3.6900441646575928,26.72339025710701,06:18:11
23.573823667616434,87.302303048776,3.7519688606262207,26.606134120062435,06:18:12,Pothhole_9+
23.573797476247815,87.3022968715848,3.945643186569214,26.49274016970439,06:18:13
23.573771005220156,87.30229047792135,3.9790327548980713,26.459339956756857,06:18:14
23.573440823284805,87.30240430190202,0.0,26.448476680698384,06:18:24
23.572277228315333,87.30294462573733,0.0,28.646857920724482,06:20:14
23.572277228315333,87.30294462573733,0.0,28.653476415767955,06:20:16
23.548899560214895,87.30047492118615,8.460467338562012,32.922678720044594,06:28:11
23.548846546204633,87.30054632184746,8.410740852355957,33.92610018562158,06:28:12,Pothhole_1+
23.54880531735694,87.30060320288632,8.208139419555664,35.73897238378709,06:28:13,Pothhole_1+
23.548772824940436,87.30066045406512,7.929832935333252,36.73819181443008,06:28:14
23.548750674135608,87.300729080533,7.99064826965332,37.10978955677568,06:28:15
23.548741405180582,87.30079738967628,7.591565132141113,36.80119328951059,06:28:16
23.548728820685824,87.30084989097348,6.138915061950684,35.74872049813906,06:28:17
23.54871210598458,87.30090436412037,6.138915061950684,34.655760374341135,06:28:18
23.54869637941082,87.3009656810321,7.192045211791992,34.77750281290602,06:28:19
23.548680023521978,87.30102917418718,7.398611545562744,35.120776224995986,06:28:20,Pothhole_3+
23.548662674544158,87.30109417511596,7.546014785766602,34.84386417552116,06:28:21,Pothhole_3+
23.548647846722698,87.3011586841334,7.509427070617676,35.196287695612995,06:28:22,Pothhole_3+
23.548623767488284,87.30121135704563,7.411182403564453,34.46993392686066,06:28:23
23.548623767488284,87.30121135704563,7.411182403564453,34.46993392686066,06:28:23
23.54861303874946,87.30125182166303,7.411182403564453,31.396184008550247,06:28:24,Pothhole_4+
23.548593512822404,87.3012764465104,6.526127338409424,28.58328816434907,06:28:25,Pothhole_4+
23.54858410028177,87.30128757869153,4.401360034942627,24.09007887229965,06:28:26,Pothhole_4+
23.548560998410696,87.30130758757444,5.578629016876221,21.131698153976103,06:28:27
23.548535772588508,87.30132576737707,5.578629016876221,18.866629613766623,06:28:28
23.548500052929963,87.30136122731712,6.469986438751221,16.94817965114709,06:28:29
23.548493778241763,87.3014065013311,5.8872857093811035,14.94976940246998,06:28:30
23.548482017037777,87.30146234796885,6.466734886169434,13.049929380345612,06:28:31
23.548447279494184,87.30262083974993,8.010518074035645,1.823154454615143,06:28:47
23.548444924718723,87.30269241879493,7.60540771484375,3.9594920104162785,06:28:48,Pothhole_5+
23.54844200964239,87.30276307133029,7.780184268951416,6.428455948266162,06:28:49
23.548442030798235,87.30283724201978,7.780184268951416,8.48638478751216,06:28:50
23.548456963035626,87.30290769269722,7.001279830932617,9.522897800208327,06:28:51
23.548446937166588,87.3030003303985,8.243892669677734,11.038311011918474,06:28:52
23.548450818069718,87.30308259848165,7.369919300079346,12.317700070265479,06:28:53
23.548434463735234,87.30332569747198,6.5557050704956055,16.37925425450293,06:28:56
23.548429906091915,87.30339695275666,6.198080062866211,16.959939537925017,06:28:57,Pothhole_6+
23.548419856646596,87.30347103996893,6.309392929077148,16.728520503860544,06:28:58,Pothhole_6+
23.548407991621296,87.30354633938269,6.467576503753662,17.266577455185217,06:28:59
23.54839720752135,87.30361924833599,6.4128828048706055,19.06829635157943,06:29:00
23.548387107866404,87.30369142992227,6.432480335235596,21.009960056836903,06:29:01
23.53562219381113,87.2977592140948,6.034953594207764,27.495918020342586,06:38:53,Pothhole_10+
23.5356379522545,87.29781839445748,6.2038187980651855,31.300556016103428,06:38:54
23.53565712610531,87.2978763375006,6.2038187980651855,34.513185789267304,06:38:55
23.535680820116927,87.29792752771348,6.410626411437988,37.53305159295171,06:38:56
23.535687655982546,87.29795627717438,3.4786579608917236,37.83924819738072,06:38:57
23.53568902616792,87.29797044978409,1.5867717266082764,38.084762543082654,06:38:58
23.53568902616792,87.29797044978409,0.0,38.2220329583097,06:39:07
23.53568902616792,87.29797044978409,0.0,38.22591270122309,06:39:08,Pothhole_11+
23.53568902616792,87.29797044978409,0.0,38.23173615708907,06:39:09,Pothhole_11+
23.53568902616792,87.29797044978409,0.0,38.27265589097488,06:39:10,Pothhole_11+
23.53567940061673,87.29802063872683,2.1351733207702637,38.267808213147845,06:39:11,Pothhole_11+
23.535675469058894,87.29804174743661,1.9877097606658936,38.22836551788439,06:39:12,Pothhole_11+
23.535670386209144,87.29806667291716,2.0955593585968018,38.18054849795242,06:39:13,Pothhole_11+
23.535659726185976,87.29810042721336,3.323585033416748,38.1354326921248,06:39:14,Pothhole_11+
23.53564738268564,87.29812915089607,3.062865734100342,38.12182964127542,06:39:15,Pothhole_11+
23.53563539970194,87.2981637047789,3.6736629009246826,38.09311759939435,06:39:16
23.53562300049313,87.29819905041502,3.6736629009246826,38.06732368496685,06:39:17
23.535611825633353,87.2982323131881,3.653853178024292,38.072218376845385,06:39:18
23.495622484678243,87.31543505599872,15.441692352294922,17.116876442069763,06:50:01
23.49560209053664,87.3155372542938,11.985586166381836,16.584874207111042,06:50:02
23.49549814955346,87.31589312685298,9.20655632019043,16.120178619740003,06:50:06
23.49546074356299,87.31598499829505,9.745904922485352,15.330087563457019,06:50:07,Pothhole_12+
23.49542970627191,87.31606696132648,9.05589771270752,14.375709537085818,06:50:08,Pothhole_12+
23.495399045306,87.31614554492802,8.271012306213379,13.262785909996435,06:50:09
23.495376251099938,87.31621228025145,6.666281223297119,12.240843539836208,06:50:10
23.495359375839705,87.31626271677574,5.352888107299805,11.671351489571967,06:50:11
23.495022326567923,87.3168029677748,4.562629222869873,0.7305654197787215,06:50:33
23.49499879967836,87.31683367508906,4.39848518371582,-0.8586298783288973,06:50:34
23.494979259633293,87.31686594117988,4.30864953994751,-1.931800507905101,06:50:35
23.494960528447077,87.31690072181055,4.271202087402344,-2.956636088462287,06:50:36,Pothhole_13+
23.494936959030245,87.31693493939571,4.647233009338379,-3.4840944920289294,06:50:37,Pothhole_13+
23.494909461824406,87.31696446550421,4.449840545654297,-3.884343621531328,06:50:38
23.49487607981809,87.31699522798692,5.10096549987793,-4.136604432870106,06:50:39
23.4948356277529,87.31708375205721,5.006920337677002,-4.327562545296789,06:50:41
