23.564362728448327,87.28284770586636,0.0,48.03400761061369,05:50:36
23.564362728448334,87.28284770586627,0.0,47.96669862944789,05:50:37
23.567036148837214,87.28660683772526,5.3716020584106445,26.57335134116645,05:52:42
23.567065347490637,87.28666303536937,5.403852462768555,26.589513506097745,05:52:43,Turn_1+
23.567095018749136,87.28671678373804,5.42975378036499,26.78668265474802,05:52:44,Turn_1+
23.567122750866872,87.28676584183277,5.425608158111572,27.29661346677922,05:52:45
23.567150518709585,87.28681470784097,5.419352054595947,27.676013881926416,05:52:46
23.567179168563605,87.28686187716514,5.414285182952881,28.07072095353126,05:52:47
23.56720874416114,87.28690822405139,5.413005352020264,28.519410811661313,05:52:48
23.567258415121742,87.28694396306756,5.485813140869141,28.685964327632153,05:52:49
23.571234977467352,87.28687334595548,0.0,29.83628345841491,05:53:45
23.57132989266704,87.28687150050709,5.0,29.698383819396724,05:53:46,Turn_2+
23.572112774958526,87.28056639502913,5.588000774383545,29.949801553716892,05:55:10
23.572112774958526,87.28056639502913,0.0,29.949801553716892,05:55:11
23.572166029223425,87.28047332276554,0.0,29.949801553716892,05:55:12
23.57209454063066,87.27808967826566,4.2417988777160645,29.06023977561346,05:56:07
23.572093584138504,87.27808502513021,0.0,30.04290452663532,05:56:08
23.571742204152073,87.27736941176656,4.10072135925293,35.706138657632984,05:56:29
23.571781415865594,87.27735743344083,4.338865280151367,33.06007920425925,05:56:30,Turn_4+
23.57182639659237,87.27734333250206,4.791182041168213,31.04827506465783,05:56:31
23.571873821280064,87.27733405584506,5.200793743133545,29.261393737144523,05:56:32
23.571919259230558,87.27732474106377,5.2321648597717285,27.634118402683512,05:56:33
23.578930167092203,87.29180308861955,0.0,7.952749715096914,06:12:50
23.578930167092203,87.29180308861955,0.0,7.952749715096914,06:12:51
23.574159519640556,87.29547865808867,7.019685745239258,35.24761381744786,06:14:41
23.574160800321867,87.29554391238754,6.909742832183838,34.16481174322638,06:14:42,Turn_8+
23.574156619723446,87.29561286336305,7.425567150115967,34.22445044609338,06:14:43,Turn_8+
23.574153644287183,87.29567050914518,6.287050724029541,34.43502780543329,06:14:44,Turn_8+
23.574144069644923,87.2957029473928,4.833989143371582,34.376033595413304,06:14:45
23.57417918201358,87.29579442442346,5.477477073669434,31.59647805862427,06:14:54
23.574174609605024,87.29585349557694,6.5494160652160645,30.651032640377284,06:14:55
23.57421218348198,87.2984552421736,8.504711151123047,13.010663441605905,06:15:26
23.57423127204639,87.29853792356607,8.433377265930176,12.970375151086024,06:15:27,Turn_9+
23.574248969457184,87.29859957995977,6.657541275024414,13.366018086076988,06:15:28,Turn_9+
23.5742648695444,87.29866344427721,7.059388160705566,13.983644350641274,06:15:29,Turn_9+
23.574278954663363,87.29872348587834,6.6794538497924805,14.354929803539846,06:15:30,Turn_9+
23.574287649741965,87.29878574993062,6.31806755065918,14.335736309665762,06:15:31,Turn_9+
23.57429003576645,87.29883532694954,5.087550640106201,14.196662692242262,06:15:32,Turn_9+
23.57428901483271,87.29888100492624,4.6562323570251465,14.153482492620997,06:15:33
23.57428901483271,87.29888100492624,0.0,14.157237529060577,06:15:34
23.57364764534982,87.30134146330983,5.046051979064941,27.980224794119373,06:17:31
23.57364963420721,87.30140810843126,5.086114406585693,26.524810784501277,06:17:32
23.573771853080626,87.30218154652518,5.677903652191162,27.98498697272683,06:17:43
23.573813184099354,87.30222803335641,4.730599880218506,27.988069141532222,06:17:44,Turn_10+
23.573813184099354,87.30222803335641,0.0,27.992309929960346,06:17:45,Turn_10+
23.573813184099354,87.30222803335641,0.0,27.997317584359344,06:17:46,Turn_10+
23.573914747415202,87.30229215381863,0.0,28.10100160026692,06:17:57
23.573914747415202,87.30229215381863,0.0,28.102213248242585,06:17:58
23.573914747415202,87.30229215381863,0.0,28.114076985870213,06:17:59,Turn_11+
23.573914747415202,87.30229215381863,0.0,28.124805229615227,06:18:00,Turn_11+
23.573914747415202,87.30229215381863,0.0,28.119850332542185,06:18:01,Turn_11+
23.573914747415202,87.30229215381863,0.0,27.848268401030218,06:18:02,Turn_11+
23.573914747415202,87.30229215381863,0.0,27.598843115212336,06:18:03,Turn_11+
23.573914747415202,87.30229215381863,0.0,27.367089392569685,06:18:04
23.573914747415202,87.30229215381863,0.0,27.168676391288493,06:18:05
23.573914747415202,87.30229215381863,0.0,27.025627751299318,06:18:06
23.546827096679817,87.3098157233162,4.142296314239502,32.02031210357897,06:30:28
23.546804917243215,87.30984344003926,3.557965040206909,32.0217301465089,06:30:29
23.546785028573712,87.30987175759462,3.557965040206909,32.04238615940204,06:30:30
23.546785028573712,87.30987175759462,0.0,32.0502586626541,06:30:31,Turn_3+
23.546785028573712,87.30987175759462,0.0,32.06137137072436,06:30:32,Turn_3+
23.546736453759337,87.30991702492845,3.6996240615844727,32.11903953928073,06:30:33,Turn_3+
23.546702606272746,87.30993188938966,3.765434741973877,32.12143497792983,06:30:34,Turn_3+
23.5466693352931,87.30994342019873,3.7743892669677734,32.13215078815841,06:30:35,Turn_3+
23.546636983194617,87.30995469387199,3.7743892669677734,32.13215078815841,06:30:36,Turn_3+
23.546604631096134,87.30996596754247,3.7743892669677734,32.13215078815841,06:30:37,Turn_3+
23.544420633939485,87.30819932647434,0.0,27.847660521981318,06:31:59
23.544420633939485,87.30819932647434,0.0,27.899483878100142,06:32:00
23.54230281347917,87.30665002182887,5.775282859802246,28.246434002532794,06:32:40
23.54230281347917,87.30665002182887,0.0,28.23010248709174,06:32:41,Turn_4+
23.542256827746066,87.30662930412093,2.520214796066284,27.913658302983766,06:32:44,Turn_4+
23.542238274593736,87.30660638176688,2.4934494495391846,27.693619439986495,06:32:45,Turn_4+
23.542238274593736,87.30660638176688,0.0,27.676011032921558,06:32:46,Turn_4+
23.542238274593736,87.30660638176688,0.0,27.666245689053287,06:32:47
23.54219607888966,87.30655119403156,2.3241426944732666,27.618544537673174,06:32:48
23.54219607888966,87.30655119403156,0.0,27.623706550529025,06:32:49
23.53856360963659,87.29770131979626,6.184844970703125,17.281232589290074,06:36:10
23.538285373225314,87.29751232460568,6.195797920227051,16.44020149080488,06:36:14
23.538087890619426,87.29737297097002,6.212711811065674,22.966235484889214,06:36:17
23.537851518601983,87.29720318040229,0.0,27.263394570079743,06:36:22,Turn_5+
23.537851518601983,87.29720318040229,0.0,27.274626175057673,06:36:23,Turn_5+
23.528451456806312,87.31113524471516,2.367844581604004,31.62870236558712,06:42:23,Turn_7+
23.528431906735282,87.31114148320661,2.1737091541290283,31.4884781208262,06:42:24
23.52840880754799,87.3111385619926,2.4244942665100098,31.317670370098632,06:42:25
23.528364714953113,87.31111872007271,4.510801315307617,30.19627475415366,06:42:26
23.50352249564681,87.30766387503017,2.909724235534668,36.583379567375545,06:47:30
23.503491732866138,87.30763704240955,3.388154983520508,36.61732791818318,06:47:31
23.495919814787463,87.31471394666195,12.286354064941406,21.31067999524743,06:49:54
23.495871445607108,87.31480937148518,11.691393852233887,20.195642186779487,06:49:55,Turn_8+
23.495818797211587,87.31489543767454,11.04923152923584,19.550640196232155,06:49:56,Turn_8+
23.495763955841213,87.314982319734,11.04923152923584,19.298296098038012,06:49:57,Turn_8+
23.495718565877585,87.31507799058097,10.944021224975586,19.218929896717512,06:49:58
23.495679351834266,87.31518199601042,12.012749671936035,18.678471669847518,06:49:59
23.495648075806844,87.31529831901386,12.841877937316895,17.728327165508702,06:50:00
