0.022370553,-0.12996227,0.033023197,65716912
0.07243798,0.061785337,-0.03621899,65717112
0.015978966,0.1107875,0.054328486,65717312
-0.008522116,-0.23222765,-0.034088463,65717511
-0.027696876,-0.018109495,-0.033023197,65717712
0.017044231,-0.23755397,-0.010652645,65717912
-0.10333065,0.05752428,0.07563377,65718111
0.020240024,-0.09374327,0.043675844,65718312
-0.010652645,0.28975192,-0.035153728,65718511
-0.05006743,0.0053263223,0.068176925,65718712
-0.070307456,0.07989483,-0.0628506,65718912,Bumper_4+
-0.023435818,0.09054748,0.06924219,65719112,Bumper_4+
-0.09161274,0.07243798,0.0053263223,65719312,Bumper_4+
-0.05965481,0.0958738,0.05752428,65719512,Bumper_4+
-0.00958738,0.10652644,-0.002130529,65719712,Bumper_4+
-0.020240024,-0.049002163,0.033023197,65719912,Bumper_4+
-0.002130529,0.010652645,-0.015978966,65720112,Bumper_4+
0.07882957,-0.19813919,-0.03195793,65720311,Bumper_4+
-0.043675844,0.067111656,-0.023435818,65720512,Bumper_4+
-0.015978966,0.15339808,0.00958738,65720712,Bumper_4+
-0.039414786,-0.0010652645,-0.011717909,65720913,Bumper_4+
0.037284255,-0.08948221,-0.002130529,65721112,Bumper_4+
-0.02876214,-0.037284255,-0.05752428,65721312,Bumper_4+
-0.067111656,-0.2364887,0.0053263223,65721511,Bumper_4+
-0.002130529,0.17044231,0.023435818,65721712,Bumper_4+
0.013848438,-0.08415589,-0.0063915867,65721911,Bumper_4+
-0.039414786,0.044741105,0.02663161,65722112,Bumper_4+
-0.07563377,-0.21518342,0.02130529,65722311,Bumper_4+
-0.15233281,-0.0127831735,0.03195793,65722512,Bumper_4+
0.041545313,-0.1555286,0.013848438,65722712
0.14913702,-0.11717909,-0.01917476,65722912
-0.13315806,0.4314321,0.07882957,65723111
0.07243798,-0.3771036,0.092678,65723312
-0.05326322,0.3930826,0.07137272,65723511
0.07882957,-0.3653857,-0.008522116,65723712
0.41864893,-0.0777643,-0.018109495,65723912
0.035153728,-0.002130529,0.0,66707596
-0.04580637,-0.05539375,-0.052197956,66707796
-0.018109495,0.06391586,-0.020240024,66707996
0.041545313,0.015978966,-0.04261058,66708196
-0.07882957,-0.0063915867,-0.04580637,66708396
0.02876214,-0.018109495,-0.10333065,66708595
-0.10333065,0.09374327,0.04580637,66708796
-0.066046394,-0.28655612,-0.07989483,66708996
0.02663161,0.0628506,-0.09161274,66709196
0.30466563,-0.07882957,-0.067111656,66712996
-0.21198763,-0.20133498,0.056459013,66713196,Bumper_6+
0.11291803,0.314253,0.07989483,66713395,Bumper_6+
0.20453078,-0.29507825,-0.05752428,66713596,Bumper_6+
-0.5060006,0.07243798,-0.002130529,66713796,Bumper_6+
0.30146983,0.20133498,0.07882957,66713996,Bumper_6+
0.094808534,-0.015978966,0.13848437,66714196,Bumper_6+
-0.11717909,0.3920173,0.13635385,66714396,Bumper_6+
0.08948221,0.23861924,-0.058589544,66714596,Bumper_6+
0.08841695,0.17789917,0.07669904,66714796,Bumper_6+
0.3472762,0.1470065,0.052197956,66714996,Bumper_6+
0.15765914,0.13315806,0.12676647,66715196,Bumper_6+
0.10120012,0.11824435,-0.004261058,66715398,Bumper_6+
0.19387813,-0.13422331,0.0031957934,66715596,Bumper_6+
0.061785337,0.080960095,-0.03621899,66715797
0.20133498,0.15659387,-0.013848438,66715996
-0.039414786,-0.15339808,0.061785337,66716196
0.02663161,0.0628506,-0.0063915867,66716395
-0.07137272,-0.12250541,0.0031957934,66716596
0.056459013,0.15978967,0.017044231,66716796
0.21305288,0.18109496,0.002130529,66716996
-0.010652645,-0.099069595,-0.051132694,66717196
-0.022370553,0.01917476,-0.029827405,66717395
0.015978966,-0.15765914,-0.0053263223,66717596
0.068176925,-0.12783173,0.21837921,66751797
-0.21411815,-0.38242993,0.096939065,66751998
-0.080960095,-0.20133498,-0.06072007,66752198
0.12037488,0.18429075,-0.007456851,66752397
-0.12037488,-0.07456851,0.13102752,66752598
-0.16511598,-0.04261058,0.040480047,66752798
0.1438107,0.15765914,0.08841695,66752998
-0.5241101,-0.34408042,0.05006743,66753198
-0.6668555,-0.4697816,0.004261058,66753398
-0.54648066,-0.19068234,0.06391586,66815601
0.09161274,-0.813862,-0.096939065,66815801,Bumper_7+
-0.16085494,0.23755397,0.14594123,66816000,Bumper_7+
0.28975192,0.6146576,-0.21198763,66816201,Bumper_7+
-0.09054748,-0.011717909,-0.07243798,66816400,Bumper_7+
-0.24820662,-0.7968178,0.0010652645,66816601,Bumper_7+
-0.096939065,-0.7637946,-0.05006743,66816801,Bumper_7+
-0.10652644,-0.25672874,-0.013848438,66817001,Bumper_7+
0.051132694,-0.0053263223,0.12037488,66817201,Bumper_7+
0.06924219,0.058589544,0.049002163,66817401,Bumper_7+
0.02876214,0.2247708,0.05326322,66817601,Bumper_7+
0.035153728,0.2790993,0.017044231,66817800,Bumper_7+
0.08415589,0.0063915867,0.052197956,66818000,Bumper_7+
-0.022370553,0.18748654,0.16618125,66818201,Bumper_7+
-0.14061491,0.10546118,0.18322548,66818401,Bumper_7+
0.068176925,-0.16937704,-0.022370553,66818601,Bumper_7+
-0.039414786,-0.18642128,-0.05965481,66818801
0.017044231,-0.0127831735,-0.0031957934,66819001
0.020240024,-0.083090626,0.007456851,66819201
0.0628506,0.38456047,-0.017044231,66819401
0.111852765,0.020240024,0.049002163,66819600
-0.08948221,-0.12357067,0.017044231,66819801
-0.061785337,-0.11504856,-0.014913702,66820001
-0.067111656,-0.59761333,-0.018109495,66820201
-0.04580637,-0.008522116,-0.024501082,66820400
0.05752428,0.2790993,0.185356,66820600
0.008522116,0.18002969,-0.068176925,66991621
-0.09161274,0.34940675,-0.058589544,66991821
0.11291803,-0.1768339,-0.035153728,66992021
0.020240024,-0.56245965,-0.09161274,66992221
-0.18642128,0.39414784,-0.082025364,66992421
0.054328486,-0.054328486,-0.015978966,66992621
0.014913702,0.10546118,-0.06924219,66992821
-0.07563377,-0.16831177,-0.09054748,66993021
-0.23222765,0.33768883,-0.029827405,66993221
-0.4346279,0.04580637,0.27164242,67012821
0.07243798,-0.8671253,-0.07350325,67013022,Bumper_8+
0.01917476,0.3536678,-0.16405073,67013222,Bumper_8+
0.16298546,-0.18216021,-0.0777643,67013422,Bumper_8+
-0.0127831735,0.014913702,-0.041545313,67013622,Bumper_8+
0.035153728,0.09054748,0.03195793,67013821,Bumper_8+
-0.12250541,-0.19387813,0.004261058,67014022,Bumper_8+
1.4796523,0.6412892,0.40799627,67014222,Bumper_8+
0.25353295,0.0031957934,-0.350472,67014421,Bumper_8+
0.11291803,0.221575,-0.008522116,67014622,Bumper_8+
0.10120012,-0.10546118,-0.15126754,67014822,Bumper_8+
-0.12144014,0.017044231,0.04261058,67015022,Bumper_8+
0.013848438,0.1555286,0.52837116,67015222,Bumper_8+
0.16724652,-0.3355583,-0.040480047,67015422,Bumper_8+
-0.058589544,0.04261058,-0.10120012,67015621,Bumper_8+
-0.12250541,0.098004326,0.068176925,67015822,Bumper_8+
-0.030892668,0.18322548,0.03195793,67016022,Bumper_8+
0.10759171,-0.128897,-0.02130529,67016222,Bumper_8+
0.015978966,-0.046871636,0.008522116,67016422,Bumper_8+
0.13954964,-0.28016454,-0.023435818,67016622
-0.022370553,-0.07350325,0.035153728,67016821
-0.0777643,-0.098004326,-0.034088463,67017022
-0.18322548,0.19707392,0.07882957,67017222
-0.058589544,-0.017044231,0.017044231,67017421
0.020240024,-0.06924219,-0.008522116,67017622
-0.00958738,-0.1438107,-0.041545313,67017822
-0.05326322,-0.10546118,-0.02876214,67018022
0.002130529,-0.07669904,-0.03621899,67018222
-0.37603834,0.7723167,0.14913702,67018421
0.011717909,0.037284255,0.00958738,67018622
-0.07137272,-0.111852765,-0.10759171,67018822
-0.07669904,0.16192019,0.015978966,67019022
0.034088463,0.40799627,0.002130529,67019222
0.11291803,-0.03195793,-0.054328486,67019422
0.054328486,-0.44421527,0.051132694,67019621
-0.098004326,-0.3291667,0.00958738,67019822
-0.067111656,0.1555286,-0.010652645,67020022
0.28122982,-0.30573088,-0.020240024,67020222
-0.05006743,0.070307456,0.0010652645,67028222
-0.052197956,0.20026971,0.0628506,67028422,Bumper_9+
0.08415589,-0.32384038,-0.0777643,67028622,Bumper_9+
-0.16937704,0.14061491,0.128897,67028823,Bumper_9+
0.19707392,-0.3153183,0.05965481,67029023,Bumper_9+
-0.034088463,-0.0053263223,-0.017044231,67029223,Bumper_9+
-0.03195793,-0.23116238,0.025566347,67029422,Bumper_9+
0.05006743,-0.07350325,-0.010652645,67029623,Bumper_9+
-0.06072007,0.098004326,0.054328486,67029823,Bumper_9+
-0.039414786,-0.08415589,-0.008522116,67030023,Bumper_9+
-0.06924219,0.00958738,0.0010652645,67030222,Bumper_9+
-0.12250541,0.020240024,0.070307456,67030422,Bumper_9+
0.015978966,0.14594123,0.027696876,67030623,Bumper_9+
0.05006743,-0.11824435,-0.0063915867,67030823,Bumper_9+
0.030892668,-0.022370553,0.0010652645,67031023,Bumper_9+
-0.10652644,0.17576863,0.05006743,67031223,Bumper_9+
-0.023435818,0.02663161,0.0479369,67031422,Bumper_9+
0.06072007,-0.10865697,-0.035153728,67031623,Bumper_9+
0.082025364,-0.28549087,-0.022370553,67031823,Bumper_9+
-0.13315806,0.12783173,0.08948221,67032023,Bumper_9+
-0.0628506,0.14807175,0.01917476,67032223,Bumper_9+
0.035153728,0.033023197,-0.02876214,67032423,Bumper_9+
-0.052197956,0.00958738,0.04261058,67032623,Bumper_9+
0.002130529,0.10759171,-0.040480047,67032823,Bumper_9+
0.06072007,-0.017044231,-0.023435818,67033023,Bumper_9+
0.099069595,-0.30679616,-0.040480047,67033223,Bumper_9+
-0.06391586,0.029827405,-0.0053263223,67033422,Bumper_9+
0.03834952,-0.109722234,-0.034088463,67033623,Bumper_9+
-0.051132694,0.22370553,-0.002130529,67033823,Bumper_9+
0.13209279,0.020240024,-0.061785337,67034022,Bumper_9+
0.03621899,0.0053263223,-0.07882957,67034223
-0.0031957934,-0.0031957934,-0.007456851,67034423
0.043675844,0.018109495,-0.10652644,67034623
-0.070307456,0.18961707,-0.004261058,67034823
0.024501082,-0.18429075,-0.05006743,67035023
-0.029827405,0.19920444,-0.068176925,67035223
0.05006743,0.16724652,-0.07456851,67035423
0.02130529,-0.01917476,-0.066046394,67035623
-0.0628506,0.023435818,-0.0628506,67035823
0.011717909,-0.109722234,-0.099069595,67036023
0.10759171,-0.1470065,0.044741105,67082825
0.20133498,-0.03621899,0.010652645,67083025
-0.018109495,-0.30040458,-0.046871636,67083225
-0.25992453,0.30892667,0.034088463,67083424
0.03834952,-0.43036684,-0.046871636,67083625
-0.20772657,0.48895636,0.06072007,67083825
0.0127831735,0.42184472,0.22796659,67084025
0.11291803,-0.43569314,-0.011717909,67084225
0.22690132,-0.067111656,0.0053263223,67084424
-0.1885518,0.70840085,0.23542345,67084825
0.350472,-0.0777643,0.056459013,67085024,Bumper_10+
0.16511598,-0.03195793,0.16298546,67085225,Bumper_10+
0.080960095,-0.13315806,0.1438107,67085424,Bumper_10+
0.14487596,0.2066613,0.20559603,67085625,Bumper_10+
0.06072007,-1.0088054,-0.48363006,67085825,Bumper_10+
-0.19281286,2.2189457,0.6988135,67086025,Bumper_10+
-0.099069595,-0.32384038,0.014913702,67086225,Bumper_10+
0.0479369,-0.13102752,0.07882957,67086425,Bumper_10+
-0.052197956,0.24820662,0.22050974,67086625,Bumper_10+
-0.38775626,-0.25885925,-0.07137272,67086826,Bumper_10+
-0.35899413,-0.2993393,0.13209279,67087025,Bumper_10+
0.011717909,-0.19813919,0.06924219,67087225,Bumper_10+
-0.080960095,0.13422331,0.16618125,67087424,Bumper_10+
-0.09054748,0.24607609,0.23861924,67087625,Bumper_10+
-0.18429075,0.61785334,0.28549087,67087825,Bumper_10+
-0.13848437,0.16618125,0.22903186,67088025,Bumper_10+
-0.6135923,0.00958738,0.2034655,67088224,Bumper_10+
0.13954964,-0.13315806,0.24927188,67088424
0.22903186,0.21731395,0.13315806,67088625
0.23755397,-0.5752428,0.11291803,67088825
-0.12676647,-0.5997439,0.10865697,67089025
0.43995422,-0.8926916,-0.06072007,67089225
-0.16405073,-0.7797736,-0.12357067,67089424
-0.24927188,-0.32597092,0.12144014,67089625
-0.12676647,-0.3653857,0.18961707,67089825
-0.080960095,-0.18961707,0.1470065,67090025
-0.34514567,-0.039414786,0.34194988,67090225
0.051132694,-0.27164242,0.22264026,67090424
-0.00958738,-0.25033715,0.15339808,67090625
0.018109495,-0.17044231,0.20026971,67090825
-0.07563377,-0.0479369,0.14274544,67091026
-0.33342776,0.6828345,0.30360037,67091225
0.27164242,-0.056459013,0.28122982,67091425
0.020240024,-0.12037488,0.18216021,67091625
-0.16937704,-0.36112463,0.109722234,67091825
-0.21198763,-0.083090626,0.11824435,67092026
-0.22903186,0.22583605,0.02130529,67113826
-0.1470065,0.37603834,0.051132694,67114026,Bumper_11+
0.370712,-0.2695119,-0.37816888,67114226,Bumper_11+
-0.066046394,-0.35260254,0.12783173,67114425,Bumper_11+
-0.18429075,0.40266997,-0.15978967,67114626,Bumper_11+
-0.01917476,-0.04261058,0.128897,67114826,Bumper_11+
-0.007456851,0.07669904,0.027696876,67115026,Bumper_11+
-0.18429075,-0.033023197,-0.041545313,67115226,Bumper_11+
0.066046394,0.015978966,-0.013848438,67115426,Bumper_11+
-0.04261058,0.10546118,0.02876214,67115626,Bumper_11+
-0.13209279,-0.05965481,0.25672874,67115826,Bumper_11+
0.0628506,-0.19600865,-0.12676647,67116026,Bumper_11+
0.02130529,-0.1768339,-0.11930962,67116226,Bumper_11+
0.23009712,0.15233281,0.023435818,67116426,Bumper_11+
0.07563377,-0.15020229,-0.0127831735,67116626,Bumper_11+
-0.1917476,0.41758364,-0.007456851,67116825,Bumper_11+
-0.13741912,0.55287224,0.08735169,67117025,Bumper_11+
0.099069595,-0.16298546,0.040480047,67117225
0.066046394,0.10226539,-0.018109495,67117425
-0.027696876,-0.30892667,-0.05752428,67117625
-0.14168017,0.1736381,-0.030892668,67117825
0.12783173,-0.47723848,-0.054328486,67118026
-0.15765914,0.1438107,-0.030892668,67118226
-0.13528858,0.013848438,0.040480047,67118426
0.23542345,-0.47510794,0.018109495,67118626
-0.068176925,0.07243798,-0.0010652645,67118826
-0.037284255,-0.17150757,-0.002130529,67119026
-0.039414786,0.0958738,-0.011717909,67148427
-0.03195793,0.010652645,-0.007456851,67148628
-0.098004326,0.06498113,0.034088463,67148828
-0.11930962,0.037284255,0.025566347,67149028
-0.013848438,-0.05326322,0.025566347,67149227,Bumper_12+
0.08522116,-0.018109495,-0.03834952,67149428,Bumper_12+
-0.082025364,0.31638354,0.013848438,67149628,Bumper_12+
0.15126754,0.1885518,0.10865697,67149828,Bumper_12+
0.294013,-0.1949434,0.0,67150027,Bumper_12+
-0.1587244,-0.20240024,-0.20985709,67150228,Bumper_12+
-0.061785337,0.011717909,-0.11504856,67150429,Bumper_12+
-0.0063915867,0.25353295,0.029827405,67150628,Bumper_12+
-0.07243798,0.0053263223,0.033023197,67150828,Bumper_12+
-0.037284255,-0.1470065,0.011717909,67151028,Bumper_12+
-0.0479369,-0.1917476,0.004261058,67151227,Bumper_12+
-0.33662355,0.3472762,-0.11930962,67151428,Bumper_12+
-0.09161274,0.49321744,0.33023196,67151628,Bumper_12+
0.023435818,-0.5496765,0.013848438,67151828,Bumper_12+
0.033023197,0.046871636,-0.018109495,67152028,Bumper_12+
0.068176925,0.1587244,0.08522116,67152228,Bumper_12+
0.051132694,-0.07669904,0.014913702,67152428,Bumper_12+
-0.08735169,-0.12357067,-0.010652645,67152628,Bumper_12+
-0.13315806,-0.1768339,-0.17470337,67152827
-0.13741912,0.3536678,0.113983296,67153028
0.0053263223,-0.11291803,-0.067111656,67153228
-0.16618125,-0.017044231,0.02663161,67153428
0.083090626,-0.082025364,0.014913702,67153628
0.406931,-0.04261058,0.08415589,67153828
-0.035153728,0.15126754,0.09161274,67154028
0.16937704,-0.3739078,0.029827405,67154228
0.08415589,-0.24394555,0.010652645,67154428
-0.15339808,0.07669904,0.004261058,67154628
-0.15339808,0.07669904,0.004261058,67154628
0.12783173,-0.061785337,0.020240024,67154828
0.034088463,-0.0053263223,-0.052197956,67155028
0.0127831735,-0.002130529,-0.00958738,67155228
-0.0777643,0.16298546,0.035153728,67155428
0.25246766,-0.05752428,0.0031957934,67155627
-0.10759171,0.13954964,-0.027696876,67155828
-0.22583605,0.15446334,0.018109495,67156028
-0.28122982,0.38242993,0.09161274,67156229
-0.2695119,0.23329291,0.10652644,67156429
0.26205504,-0.6913566,-0.14913702,67156628,Bumper_13+
-0.099069595,-0.2545982,-0.06391586,67156828,Bumper_13+
-0.45912898,0.55606806,-0.002130529,67157028,Bumper_13+
0.81066626,0.51452273,0.010652645,67157229,Bumper_13+
-0.070307456,-0.046871636,-0.22690132,67157429,Bumper_13+
0.38136467,0.13102752,0.10333065,67157629,Bumper_13+
-0.004261058,0.14274544,0.111852765,67157828,Bumper_13+
-0.034088463,0.0031957934,-0.0063915867,67158029,Bumper_13+
0.40586576,-0.39627838,-0.11291803,67158229,Bumper_13+
-0.14487596,-0.11504856,-0.10226539,67158428,Bumper_13+
0.32384038,-0.46019423,0.10652644,67158627,Bumper_13+
0.10333065,-0.44315,-0.033023197,67158829
0.13741912,-0.10759171,0.002130529,67159029
-0.096939065,0.09374327,0.083090626,67159229
-0.12357067,0.27803403,0.007456851,67159428
0.27057716,-0.01917476,0.040480047,67159629
0.28122982,-0.17257284,-0.05965481,67159828
0.07456851,-0.20133498,0.027696876,67160028
-0.004261058,-0.014913702,-0.0063915867,67160229
-0.11291803,0.05539375,0.10759171,67160428
-0.16298546,0.09374327,0.099069595,67160629
-0.15659387,-1.0641992,0.05006743,68022594
-0.12996227,1.6522251,0.35792884,68022793
0.23116238,-0.22690132,0.25246766,68022993
0.015978966,-0.39414784,0.1885518,68023194
-0.07456851,-0.094808534,0.03195793,68023393
0.068176925,0.21198763,0.13954964,68023594
-0.2545982,-0.12357067,0.092678,68023794
0.19387813,1.3827132,0.39627838,68023994
0.03621899,-0.36964676,0.18002969,68024194
-0.17257284,0.21944447,-0.035153728,68039794
0.049002163,0.12463594,-0.05006743,68039995,Bumper_14+
-0.014913702,0.17257284,0.06498113,68040195,Bumper_14+
-0.05965481,0.043675844,0.044741105,68040394,Bumper_14+
0.017044231,0.40266997,0.013848438,68040595,Bumper_14+
-0.096939065,-1.2644689,-0.572047,68040795,Bumper_14+
-0.28975192,0.6135923,-0.082025364,68040995,Bumper_14+
0.45593318,-0.41758364,0.3025351,68041195,Bumper_14+
0.18216021,-0.2695119,0.03621899,68041394,Bumper_14+
-0.1438107,0.40906155,0.10759171,68041595,Bumper_14+
0.092678,-0.052197956,0.109722234,68041795,Bumper_14+
-0.23968449,-0.3568636,-0.024501082,68041995,Bumper_14+
-0.022370553,-0.034088463,-0.11291803,68042194,Bumper_14+
-0.04261058,0.05752428,0.12357067,68042394,Bumper_14+
0.07669904,-0.018109495,0.20985709,68042594,Bumper_14+
0.1438107,0.05752428,0.018109495,68042794
-0.0479369,-0.004261058,-0.08841695,68042995
-0.067111656,0.068176925,-0.082025364,68043195
0.017044231,0.07669904,0.05965481,68043394
-0.06498113,-0.27803403,0.027696876,68043595
-0.049002163,0.1885518,0.020240024,68043795
-0.13954964,-0.029827405,-0.0053263223,68043995
-0.13848437,-0.30040458,-0.044741105,68044195
-0.08948221,0.111852765,-0.0063915867,68044396
-0.002130529,-0.11824435,0.041545313,68044595
0.12463594,-0.2034655,0.011717909,68044795
-0.11611383,-0.29188246,-0.025566347,68044995
-0.05006743,-0.082025364,-0.02876214,68045195
-0.17044231,0.082025364,0.020240024,68045394
-0.051132694,-0.1257012,0.008522116,68045595
0.08415589,0.12250541,0.0127831735,68045795
0.16085494,0.10333065,0.061785337,68045995
0.11717909,-0.721184,-0.017044231,68046195
-0.017044231,0.19387813,-0.056459013,68046396
-0.31638354,0.18642128,0.20240024,68050794
0.2972088,-0.21944447,-0.052197956,68050995,Bumper_15+
0.10013486,-0.043675844,-0.018109495,68051195,Bumper_15+
0.03195793,0.40480047,0.039414786,68051394,Bumper_15+
-0.13422331,-0.26312032,0.07137272,68051595,Bumper_15+
0.31318775,0.28442562,0.044741105,68051795,Bumper_15+
-0.26844662,0.052197956,-0.066046394,68051995,Bumper_15+
0.034088463,-0.0010652645,0.04580637,68052195,Bumper_15+
-0.15233281,0.16405073,-0.054328486,68052395,Bumper_15+
-0.19920444,-0.049002163,0.013848438,68052595,Bumper_15+
0.014913702,-0.041545313,-0.03195793,68052795,Bumper_15+
0.13209279,-0.35260254,-0.07669904,68052995,Bumper_15+
-0.011717909,-0.16298546,-0.00958738,68053195,Bumper_15+
-0.022370553,0.4101268,-0.046871636,68053394,Bumper_15+
-0.23435818,0.17257284,0.11717909,68053595,Bumper_15+
0.22796659,-0.092678,0.043675844,68053795,Bumper_15+
-0.015978966,-0.068176925,0.09374327,68053995,Bumper_15+
-0.1107875,0.31318775,-0.02876214,68054195,Bumper_15+
-0.035153728,0.21624868,0.02130529,68054397,Bumper_15+
0.049002163,0.022370553,0.01917476,68054594,Bumper_15+
0.08948221,0.07243798,0.049002163,68054795,Bumper_15+
-0.03621899,-0.5134575,-0.0479369,68054994,Bumper_15+
-0.17150757,0.3739078,-0.098004326,68055195,Bumper_15+
0.1736381,-0.054328486,0.041545313,68055396,Bumper_15+
0.20026971,0.1885518,-0.037284255,68055595,Bumper_15+
-0.0958738,-0.11504856,-0.08948221,68055795,Bumper_15+
0.09054748,-0.014913702,0.03834952,68055995,Bumper_15+
-0.066046394,0.40160468,0.0127831735,68056194,Bumper_15+
-0.014913702,-0.34194988,-0.0053263223,68056395,Bumper_15+
-0.10333065,0.14274544,0.023435818,68056595,Bumper_15+
0.017044231,-0.10333065,0.056459013,68056795,Bumper_15+
-0.07563377,0.096939065,-0.02663161,68056995,Bumper_15+
0.07669904,-0.48256478,-0.0031957934,68057195,Bumper_15+
0.07456851,-0.5091964,-0.0010652645,68057395,Bumper_15+
-0.017044231,-0.4463458,0.018109495,68057595,Bumper_15+
-0.011717909,0.049002163,-0.011717909,68057795,Bumper_15+
-0.15339808,0.12144014,0.06072007,68057995,Bumper_15+
-0.030892668,0.16831177,0.09054748,68058195,Bumper_15+
-0.14274544,0.5123922,0.07137272,68058395,Bumper_15+
0.07669904,0.07563377,0.040480047,68058595
-0.099069595,0.48043427,0.0053263223,68058795
0.043675844,-0.4729774,-0.010652645,68058995
0.0958738,-0.66152924,-0.037284255,68059195
-0.07989483,0.18642128,-0.023435818,68059395
-0.080960095,-0.03195793,-0.06072007,68059595
-0.052197956,0.13741912,-0.007456851,68059795
-0.04261058,0.19281286,0.013848438,68059994
-0.022370553,0.10865697,-0.024501082,68060195
-0.11930962,0.1917476,0.010652645,68060394
0.20453078,-0.19813919,-0.04580637,69104999
0.0958738,0.257794,0.098004326,69105199
-0.27483824,-0.34088463,0.1438107,69105399
0.096939065,0.2514024,-0.05539375,69105599
-0.037284255,0.515588,0.1438107,69105799
-0.1107875,-0.16724652,-0.0053263223,69105998
-0.12144014,0.46232477,-0.04261058,69106199
-0.07989483,-0.00958738,-0.0031957934,69106399
-0.0958738,-0.25885925,-0.039414786,69106598
0.0777643,0.23009712,-0.00958738,69148801
-0.4676511,0.17576863,-0.007456851,69149000,Bumper_16+
-0.12996227,0.23968449,0.0,69149201,Bumper_16+
0.2695119,-0.28549087,0.004261058,69149402,Bumper_16+
0.2876214,-0.26418558,0.05539375,69149601,Bumper_16+
-1.0013486,0.95660746,0.23116238,69149801,Bumper_16+
0.7275756,0.056459013,0.020240024,69150001,Bumper_16+
-0.06391586,-0.28016454,0.5592638,69150201,Bumper_16+
0.11930962,-0.20026971,0.113983296,69150400,Bumper_16+
-0.08841695,-0.78509986,-0.38775626,69150601,Bumper_16+
-0.096939065,0.6380934,-0.3323625,69150801,Bumper_16+
0.13422331,-0.2929477,-0.0031957934,69151001,Bumper_16+
-0.07882957,-0.17044231,-0.02876214,69151201,Bumper_16+
0.11291803,-0.07243798,0.058589544,69151400,Bumper_16+
-0.094808534,-0.070307456,0.037284255,69151600,Bumper_16+
-0.1257012,0.14168017,0.03621899,69151801,Bumper_16+
-0.015978966,-0.1257012,0.0479369,69152001,Bumper_16+
-0.013848438,0.10439591,0.024501082,69152201,Bumper_16+
0.054328486,-0.26738137,0.07350325,69152400,Bumper_16+
0.113983296,-0.17896442,-0.03621899,69152601,Bumper_16+
-0.4101268,0.27164242,0.10546118,69152801,Bumper_16+
0.08628642,-0.2876214,0.029827405,69153001
0.14487596,0.02663161,0.007456851,69153201
0.2034655,-0.05752428,0.08628642,69153400
-0.16511598,-0.034088463,0.15978967,69153601
-0.025566347,0.08522116,0.010652645,69153801
0.2759035,-0.12037488,-0.06391586,69154001
-0.051132694,-0.040480047,0.096939065,69154200
-0.24820662,0.11504856,0.092678,69154401
-0.083090626,-0.051132694,0.061785337,69154601
0.014913702,0.03195793,0.10439591,69154801
