0.061785337,-0.23435818,-0.0628506,66235580
-0.068176925,0.07882957,0.07243798,66235780
-0.19281286,0.12463594,0.0010652645,66235980
-0.109722234,0.22370553,-0.07989483,66236180
-0.08948221,0.35899413,0.07243798,66236380
-0.09054748,0.11930962,0.018109495,66236580
0.025566347,-0.27377295,0.07989483,66236779
0.034088463,0.008522116,0.008522116,66236980
0.049002163,0.08522116,-0.011717909,66237180
-0.02876214,-0.1555286,0.025566347,66358984
0.2066613,-0.18642128,0.099069595,66359184,BusyRoad_1+
-0.007456851,-0.03834952,-0.00958738,66359385,BusyRoad_1+
0.08735169,-0.094808534,0.0031957934,66359584,BusyRoad_1+
0.007456851,-0.14913702,0.05006743,66359784,BusyRoad_1+
0.025566347,0.025566347,0.04580637,66359984,BusyRoad_1+
0.2066613,-0.23222765,-0.02876214,66360184,BusyRoad_1+
-0.15020229,-0.043675844,0.01917476,66360385,BusyRoad_1+
0.08628642,-0.068176925,-0.06924219,66360584,BusyRoad_1+
-0.16405073,0.128897,0.0479369,66360784,BusyRoad_1+
0.18322548,-0.12996227,-0.013848438,66360984,BusyRoad_1+
0.056459013,0.03195793,0.08522116,66361184,BusyRoad_1+
-0.1470065,0.1885518,0.09054748,66361386,BusyRoad_1+
-0.10333065,0.068176925,0.030892668,66361584,BusyRoad_1+
-0.1885518,-0.02876214,0.044741105,66361784,BusyRoad_1+
0.20133498,-0.04580637,-0.08948221,66361984,BusyRoad_1+
0.03834952,0.0777643,0.17576863,66362184,BusyRoad_1+
0.06498113,-0.28549087,-0.07243798,66362387,BusyRoad_1+
0.03195793,0.10759171,0.025566347,66362584,BusyRoad_1+
0.043675844,-0.28336033,-0.02130529,66362785,BusyRoad_1+
0.03195793,-0.017044231,0.08522116,66362984,BusyRoad_1+
-0.17257284,0.10759171,0.024501082,66363184,BusyRoad_1+
-0.05326322,-0.098004326,-0.034088463,66363386,BusyRoad_1+
-0.094808534,-0.070307456,-0.037284255,66363585,BusyRoad_1+
0.034088463,0.041545313,-0.05326322,66363785,BusyRoad_1+
-0.14594123,0.03834952,0.029827405,66363984,BusyRoad_1+
-0.15020229,0.20879182,0.096939065,66364185,BusyRoad_1+
-0.15446334,-0.10759171,0.02876214,66364387,BusyRoad_1+
-0.049002163,-0.14274544,-0.0031957934,66364585,BusyRoad_1+
0.1438107,-0.24181503,-0.096939065,66364785,BusyRoad_1+
-0.10333065,0.18748654,0.08948221,66364984,BusyRoad_1+
0.17044231,-0.30786142,-0.04580637,66365183,BusyRoad_1+
0.022370553,0.03621899,-0.051132694,66365385,BusyRoad_1+
0.18109496,-0.023435818,-0.027696876,66365585,BusyRoad_1+
-0.05326322,0.23116238,0.08735169,66365785,BusyRoad_1+
-0.008522116,0.18748654,-0.067111656,66365984
-0.020240024,0.37816888,0.068176925,66366185
0.1555286,0.07456851,0.00958738,66366387
-0.17789917,0.386691,0.10652644,66366585
0.03621899,-0.23968449,-0.030892668,66366785
0.1470065,-0.28229508,-0.0958738,66366984
0.36645097,-0.03195793,-0.068176925,66367184
0.051132694,-0.36751622,0.05965481,66367386
-0.21305288,0.00958738,-0.03834952,66367585
0.099069595,0.1555286,-0.099069595,66367785
-0.05752428,-0.066046394,-0.024501082,66465788
0.111852765,-0.221575,0.067111656,66465987
0.017044231,0.23755397,0.051132694,66466188
0.02663161,-0.5496765,-0.080960095,66466387
-0.03621899,-0.25033715,0.061785337,66466587
-0.03621899,0.13635385,-0.10652644,66466788
-0.025566347,-0.067111656,0.033023197,66466988
-0.044741105,-0.2790993,-0.051132694,66467188
0.0031957934,-0.058589544,-0.02130529,66467390
-0.16618125,0.13848437,-0.029827405,66517790
-0.12783173,-0.34940675,0.054328486,66517990,BusyRoad_2+
-0.037284255,-0.07882957,-0.058589544,66518190,BusyRoad_2+
-0.05326322,-0.18748654,-0.004261058,66518390,BusyRoad_2+
-0.008522116,0.12783173,-0.03621899,66518589,BusyRoad_2+
-0.035153728,0.20133498,0.014913702,66518790,BusyRoad_2+
0.037284255,-0.0127831735,0.037284255,66518990,BusyRoad_2+
0.046871636,-0.030892668,-0.0053263223,66519190,BusyRoad_2+
0.19068234,0.25885925,-0.05539375,66519390,BusyRoad_2+
0.014913702,-0.07350325,0.02876214,66519590,BusyRoad_2+
0.23968449,-0.5049353,-0.020240024,66519790,BusyRoad_2+
0.07669904,0.36964676,-0.0628506,66519990
-0.06924219,-0.23009712,-0.017044231,66520190
0.12783173,0.19387813,-0.01917476,66520390
0.043675844,0.3834952,-0.011717909,66520590
-0.010652645,-0.04580637,-0.0479369,66520790
-0.10013486,-0.2790993,-0.07669904,66520990
0.0777643,-0.26205504,-0.05752428,66521190
-0.070307456,0.066046394,-0.030892668,66521389
0.08628642,0.068176925,-0.013848438,66521590
-0.029827405,-0.20026971,-0.058589544,66521790
