-0.033023197,0.14168017,-0.10120012,66521990
-0.08522116,-0.55074173,-0.020240024,66522190
0.052197956,0.061785337,0.0,66522389
-0.01917476,-0.25033715,-0.054328486,66522590
0.096939065,0.013848438,-0.06924219,66522790
-0.029827405,-0.33342776,-0.03834952,66522990
-0.007456851,-0.1555286,0.041545313,66523190
0.02130529,0.08415589,0.015978966,66523389
-0.18109496,-0.5656554,0.007456851,66523590
0.3121225,0.28975192,-0.01917476,66539789
-0.08628642,-0.24820662,-0.018109495,66539990,Junction_1+
-0.03195793,0.0958738,0.004261058,66540191,Junction_1+
-0.01917476,-0.10439591,-0.0063915867,66540390,Junction_1+
0.052197956,0.11930962,0.01917476,66540591,Junction_1+
0.070307456,-0.033023197,0.03195793,66540791,Junction_1+
0.030892668,-0.06498113,0.008522116,66540990,Junction_1+
0.008522116,-0.01917476,0.024501082,66541191,Junction_1+
-0.013848438,-0.10439591,-0.034088463,66541390,Junction_1+
0.030892668,-0.040480047,0.013848438,66541590,Junction_1+
-0.0031957934,-0.00958738,-0.0031957934,66541791,Junction_1+
-0.023435818,-0.002130529,-0.013848438,66541990,Junction_1+
-0.07563377,0.03195793,0.02876214,66542191,Junction_1+
-0.00958738,-0.14594123,-0.017044231,66542390,Junction_1+
-0.056459013,-0.10013486,0.022370553,66542590,Junction_1+
0.01917476,-0.11930962,0.03834952,66542791,Junction_1+
0.13741912,-0.067111656,0.0777643,66542990,Junction_1+
0.024501082,-0.039414786,-0.004261058,66543191,Junction_1+
0.002130529,-0.0031957934,-0.0010652645,66543391,Junction_1+
-0.066046394,-0.058589544,0.014913702,66543590,Junction_1+
-0.0063915867,-0.10546118,-0.0031957934,66543790,Junction_1+
0.010652645,-0.029827405,-0.02663161,66543990,Junction_1+
0.02876214,0.0063915867,0.015978966,66544191,Junction_1+
0.008522116,0.035153728,0.02130529,66544393,Junction_1+
-0.041545313,-0.035153728,0.0031957934,66544590,Junction_1+
-0.06498113,-0.061785337,0.025566347,66544790,Junction_1+
-0.034088463,-0.061785337,0.013848438,66544990,Junction_1+
0.027696876,-0.00958738,0.014913702,66545191,Junction_1+
0.04580637,0.02130529,-0.0031957934,66545390,Junction_1+
0.008522116,-0.0010652645,0.0010652645,66545591,Junction_1+
-0.039414786,-0.082025364,0.0,66545790,Junction_1+
-0.054328486,-0.08415589,0.0053263223,66545990,Junction_1+
-0.0031957934,-0.02130529,0.004261058,66546191,Junction_1+
0.03195793,0.0063915867,-0.0010652645,66546391,Junction_1+
0.040480047,0.0053263223,0.004261058,66546591,Junction_1+
-0.0010652645,-0.0063915867,0.011717909,66546791,Junction_1+
-0.049002163,-0.020240024,-0.0010652645,66546990,Junction_1+
-0.0628506,-0.0777643,0.00958738,66547191,Junction_1+
-0.013848438,-0.0958738,0.00958738,66547390,Junction_1+
0.03621899,-0.015978966,0.013848438,66547590,Junction_1+
0.043675844,0.051132694,0.010652645,66547790,Junction_1+
0.030892668,0.07456851,0.010652645,66547990,Junction_1+
-0.05752428,0.004261058,-0.00958738,66548190,Junction_1+
-0.08948221,-0.046871636,0.010652645,66548390,Junction_1+
-0.051132694,-0.07563377,-0.004261058,66548591,Junction_1+
0.034088463,-0.082025364,0.0053263223,66548791,Junction_1+
0.05006743,-0.02876214,0.011717909,66548991,Junction_1+
0.011717909,0.040480047,0.014913702,66549191,Junction_1+
-0.05006743,-0.002130529,0.0053263223,66549391,Junction_1+
-0.06498113,-0.027696876,0.007456851,66549591,Junction_1+
-0.027696876,-0.09161274,0.017044231,66549791,Junction_1+
0.027696876,-0.07563377,0.0053263223,66549991,Junction_1+
0.06072007,-0.0053263223,0.015978966,66550191,Junction_1+
0.0479369,0.07350325,0.0127831735,66550390,Junction_1+
-0.010652645,0.015978966,0.008522116,66550591,Junction_1+
-0.068176925,-0.0031957934,-0.0063915867,66550791,Junction_1+
-0.054328486,-0.07350325,0.010652645,66550991,Junction_1+
0.018109495,-0.10333065,0.013848438,66551191,Junction_1+
0.08841695,-0.05006743,0.0127831735,66551391,Junction_1+
0.07350325,-0.0063915867,0.004261058,66551591,Junction_1+
0.004261058,0.0479369,0.007456851,66551791,Junction_1+
-0.07137272,0.0053263223,-0.0010652645,66551991,Junction_1+
-0.0777643,0.007456851,0.002130529,66552191,Junction_1+
-0.05539375,-0.01917476,0.018109495,66552392,Junction_1+
0.011717909,-0.034088463,0.018109495,66552591,Junction_1+
0.07456851,-0.066046394,-0.002130529,66552791,Junction_1+
0.06391586,0.023435818,0.008522116,66552991,Junction_1+
-0.0031957934,0.067111656,-0.007456851,66553191,Junction_1+
-0.070307456,0.06391586,-0.018109495,66553391,Junction_1+
-0.07350325,0.0,-0.002130529,66553591,Junction_1+
-0.02876214,-0.066046394,0.022370553,66553791,Junction_1+
0.06072007,-0.13102752,0.020240024,66553991,Junction_1+
0.08522116,-0.094808534,0.015978966,66554191,Junction_1+
0.040480047,-0.014913702,0.0010652645,66554392,Junction_1+
-0.037284255,0.070307456,-0.024501082,66554591,Junction_1+
-0.09054748,0.05326322,0.007456851,66554791,Junction_1+
-0.08841695,-0.013848438,0.01917476,66554991,Junction_1+
-0.010652645,-0.08415589,0.015978966,66555191,Junction_1+
0.058589544,-0.07456851,0.002130529,66555391,Junction_1+
0.07350325,-0.035153728,-0.0053263223,66555591,Junction_1+
0.014913702,0.0,0.010652645,66555791,Junction_1+
-0.0479369,0.043675844,0.002130529,66555991,Junction_1+
-0.080960095,0.02663161,0.008522116,66556191,Junction_1+
-0.058589544,-0.040480047,0.011717909,66556392,Junction_1+
0.014913702,-0.1107875,0.004261058,66556590,Junction_1+
0.06072007,-0.07243798,0.0031957934,66556791,Junction_1+
0.09374327,-0.0053263223,0.02130529,66556991,Junction_1+
0.011717909,-0.09374327,0.01917476,66557191,Junction_1+
-0.0031957934,0.23222765,0.040480047,66557391,Junction_1+
-0.06072007,-0.01917476,0.010652645,66557591,Junction_1+
-0.030892668,-0.07137272,0.025566347,66557791,Junction_1+
0.04580637,0.017044231,0.030892668,66557991,Junction_1+
0.015978966,-0.15659387,0.030892668,66558191,Junction_1+
0.002130529,-0.05326322,0.0063915867,66558390,Junction_1+
0.07350325,-0.033023197,0.0777643,66558591,Junction_1+
0.02663161,0.07243798,0.011717909,66558791,Junction_1+
-0.051132694,0.08628642,-0.002130529,66558991,Junction_1+
-0.12676647,0.061785337,0.051132694,66559191,Junction_1+
-0.09054748,-0.04261058,-0.008522116,66559392,Junction_1+
0.046871636,-0.05539375,0.02663161,66559591,Junction_1+
0.15446334,0.06391586,0.004261058,66559791,Junction_1+
-0.002130529,0.080960095,-0.0127831735,66559991,Junction_1+
0.022370553,-0.06072007,-0.008522116,66560191,Junction_1+
-0.027696876,0.029827405,-0.008522116,66560390,Junction_1+
0.010652645,-0.015978966,-0.0063915867,66560591,Junction_1+
0.0010652645,-0.029827405,0.02876214,66560791,Junction_1+
0.002130529,-0.013848438,0.0127831735,66560991,Junction_1+
-0.013848438,-0.035153728,-0.0010652645,66561191,Junction_1+
0.029827405,0.04580637,0.039414786,66561390,Junction_1+
-0.017044231,-0.051132694,-0.01917476,66561591,Junction_1+
-0.04580637,0.007456851,0.020240024,66561791,Junction_1+
-0.002130529,0.0,-0.0010652645,66561991,Junction_1+
-0.02663161,-0.099069595,0.013848438,66562191,Junction_1+
-0.039414786,0.092678,-0.015978966,66562390,Junction_1+
0.002130529,-0.040480047,0.0063915867,66562591,Junction_1+
0.010652645,0.0063915867,0.002130529,66562791,Junction_1+
0.011717909,0.01917476,0.020240024,66562991,Junction_1+
-0.002130529,-0.004261058,-0.0010652645,66563191,Junction_1+
-0.0063915867,-0.010652645,0.0031957934,66563391,Junction_1+
-0.022370553,-0.040480047,-0.0010652645,66563591,Junction_1+
0.0127831735,-0.09161274,0.024501082,66563791,Junction_1+
-0.03621899,-0.05539375,0.018109495,66563991,Junction_1+
-0.017044231,-0.037284255,0.02130529,66564191,Junction_1+
-0.0127831735,-0.05326322,0.0,66564391,Junction_1+
-0.051132694,0.025566347,-0.004261058,66564591,Junction_1+
-0.07243798,0.07989483,0.0031957934,66564791,Junction_1+
-0.01917476,-0.007456851,0.002130529,66564991,Junction_1+
-0.02876214,-0.099069595,0.0010652645,66565191,Junction_1+
-0.020240024,-0.061785337,0.007456851,66565391,Junction_1+
0.024501082,-0.020240024,0.004261058,66565592,Junction_1+
0.002130529,-0.035153728,0.002130529,66565791,Junction_1+
0.002130529,0.01917476,0.0,66565991,Junction_1+
0.004261058,0.029827405,0.015978966,66566191,Junction_1+
-0.007456851,0.052197956,0.02130529,66566391,Junction_1+
-0.008522116,-0.0127831735,-0.0053263223,66566591,Junction_1+
-0.020240024,-0.07563377,0.0127831735,66566791,Junction_1+
-0.0127831735,-0.054328486,0.010652645,66566991,Junction_1+
0.010652645,-0.06498113,0.010652645,66567191,Junction_1+
-0.00958738,-0.03621899,0.0053263223,66567391,Junction_1+
0.030892668,0.02663161,0.004261058,66567591,Junction_1+
0.017044231,0.02130529,0.002130529,66567791,Junction_1+
0.025566347,-0.027696876,-0.0010652645,66567991,Junction_1+
-0.030892668,-0.09054748,0.0,66568191,Junction_1+
0.011717909,-0.07456851,0.004261058,66568390,Junction_1+
-0.008522116,-0.0479369,0.008522116,66568591,Junction_1+
-0.0063915867,0.034088463,-0.0063915867,66568791,Junction_1+
-0.010652645,0.0127831735,0.002130529,66568991,Junction_1+
0.002130529,-0.03195793,0.011717909,66569192,Junction_1+
-0.015978966,-0.03195793,0.00958738,66569391,Junction_1+
0.025566347,-0.066046394,0.035153728,66569591,Junction_1+
-0.11930962,0.06391586,0.0628506,66569791,Junction_1+
0.018109495,0.023435818,0.013848438,66569991,Junction_1+
0.004261058,0.02663161,0.024501082,66570191,Junction_1+
0.018109495,-0.043675844,0.0053263223,66570391,Junction_1+
-0.027696876,-0.06498113,0.011717909,66570591,Junction_1+
-0.024501082,-0.035153728,0.004261058,66570791,Junction_1+
0.02663161,-0.022370553,-0.015978966,66570991,Junction_1+
-0.004261058,0.0031957934,-0.0010652645,66571191,Junction_1+
0.008522116,0.05326322,0.027696876,66571391,Junction_1+
-0.014913702,-0.024501082,0.0,66571592,Junction_1+
-0.044741105,0.0,0.02663161,66571791,Junction_1+
-0.0031957934,-0.058589544,0.029827405,66571991,Junction_1+
-0.023435818,-0.08948221,0.018109495,66572191,Junction_1+
-0.030892668,-0.033023197,0.004261058,66572391,Junction_1+
0.0,0.09054748,0.0127831735,66572592,Junction_1+
0.030892668,0.04261058,-0.00958738,66572792,Junction_1+
-0.024501082,-0.02876214,0.0010652645,66572991,Junction_1+
-0.013848438,-0.061785337,0.0031957934,66573191,Junction_1+
0.0010652645,-0.046871636,0.0031957934,66573391,Junction_1+
-0.0010652645,-0.017044231,0.004261058,66573591,Junction_1+
-0.004261058,0.030892668,0.00958738,66573792,Junction_1+
0.0063915867,0.014913702,0.014913702,66573991,Junction_1+
-0.015978966,-0.02663161,0.00958738,66574192,Junction_1+
-0.02130529,-0.070307456,0.022370553,66574391,Junction_1+
0.004261058,-0.061785337,0.023435818,66574592,Junction_1+
-0.013848438,-0.035153728,0.008522116,66574792,Junction_1+
0.008522116,0.030892668,0.0063915867,66574991,Junction_1+
0.0063915867,0.07563377,0.014913702,66575192,Junction_1+
-0.025566347,-0.008522116,0.0053263223,66575391,Junction_1+
-0.037284255,-0.13848437,0.02663161,66575592,Junction_1+
0.010652645,-0.0628506,0.004261058,66575792,Junction_1+
-0.008522116,-0.066046394,-0.0010652645,66575991,Junction_1+
-0.01917476,0.024501082,-0.0063915867,66576192,Junction_1+
0.007456851,0.067111656,0.017044231,66576391,Junction_1+
-0.0031957934,0.03834952,-0.0053263223,66576592,Junction_1+
-0.025566347,-0.05326322,0.017044231,66576791,Junction_1+
-0.011717909,-0.08841695,0.013848438,66576991,Junction_1+
-0.029827405,-0.070307456,0.025566347,66577192,Junction_1+
-0.014913702,-0.035153728,0.0031957934,66577393,Junction_1+
0.022370553,0.033023197,0.004261058,66577591,Junction_1+
0.014913702,0.046871636,0.00958738,66577791,Junction_1+
-0.010652645,-0.02130529,0.004261058,66577991,Junction_1+
-0.02130529,-0.08735169,0.0031957934,66578192,Junction_1+
-0.0063915867,-0.056459013,0.011717909,66578391,Junction_1+
-0.002130529,-0.02663161,0.002130529,66578591,Junction_1+
0.0053263223,0.0479369,0.004261058,66578792,Junction_1+
0.015978966,0.043675844,0.014913702,66578991,Junction_1+
-0.015978966,-0.024501082,0.0031957934,66579191,Junction_1+
-0.0127831735,-0.039414786,0.00958738,66579393,Junction_1+
-0.015978966,-0.094808534,0.015978966,66579592,Junction_1+
-0.024501082,-0.09374327,0.014913702,66579792,Junction_1+
-0.0063915867,-0.02130529,0.004261058,66579991,Junction_1+
0.014913702,0.07563377,-0.002130529,66580192,Junction_1+
0.030892668,0.061785337,0.0063915867,66580391,Junction_1+
-0.01917476,-0.013848438,0.004261058,66580592,Junction_1+
-0.033023197,-0.07563377,0.0031957934,66580792,Junction_1+
-0.004261058,-0.0628506,0.010652645,66580992,Junction_1+
-0.0031957934,-0.040480047,0.008522116,66581192,Junction_1+
0.0010652645,0.052197956,-0.0031957934,66581392,Junction_1+
0.018109495,0.07456851,0.004261058,66581592,Junction_1+
-0.018109495,-0.017044231,0.011717909,66581792,Junction_1+
-0.013848438,-0.12996227,-0.002130529,66581992,Junction_1+
-0.015978966,-0.08522116,0.03834952,66582191,Junction_1+
-0.00958738,-0.040480047,0.015978966,66582391,Junction_1+
0.0063915867,0.027696876,0.004261058,66582592,Junction_1+
0.023435818,0.046871636,0.0063915867,66582792,Junction_1+
-0.02130529,-0.0127831735,0.002130529,66582991,Junction_1+
-0.027696876,-0.07137272,0.0031957934,66583192,Junction_1+
-0.023435818,-0.083090626,0.018109495,66583391,Junction_1+
0.0053263223,-0.054328486,-0.0063915867,66583592,Junction_1+
0.0053263223,-0.00958738,0.010652645,66583792,Junction_1+
0.02876214,0.08735169,-0.017044231,66583992,Junction_1+
-0.002130529,-0.0063915867,0.01917476,66584192,Junction_1+
-0.041545313,-0.08415589,0.022370553,66584391,Junction_1+
-0.022370553,-0.03195793,0.017044231,66584591,Junction_1+
-0.025566347,-0.052197956,0.015978966,66584792,Junction_1+
-0.030892668,0.0010652645,0.014913702,66584992,Junction_1+
0.007456851,0.037284255,-0.002130529,66585191,Junction_1+
0.0127831735,0.070307456,0.017044231,66585392,Junction_1+
-0.02876214,-0.027696876,-0.002130529,66585592,Junction_1+
-0.04580637,-0.054328486,0.0053263223,66585792,Junction_1+
0.014913702,-0.08415589,0.0127831735,66585991,Junction_1+
0.013848438,-0.04261058,0.007456851,66586191,Junction_1+
-0.018109495,0.004261058,0.0127831735,66586392,Junction_1+
0.041545313,0.06498113,-0.00958738,66586592,Junction_1+
0.0,0.0,0.011717909,66586792,Junction_1+
-0.002130529,-0.035153728,0.013848438,66586992,Junction_1+
-0.00958738,-0.08415589,0.015978966,66587192,Junction_1+
-0.024501082,-0.051132694,-0.0010652645,66587392,Junction_1+
-0.017044231,-0.004261058,0.0063915867,66587592,Junction_1+
0.00958738,0.02130529,0.008522116,66587792,Junction_1+
0.037284255,0.0628506,0.022370553,66587992,Junction_1+
0.007456851,-0.05965481,0.0031957934,66588192,Junction_1+
0.007456851,-0.046871636,-0.0010652645,66588392,Junction_1+
-0.015978966,0.02663161,0.014913702,66588592,Junction_1+
0.008522116,-0.025566347,0.037284255,66588792,Junction_1+
-0.027696876,0.037284255,-0.0053263223,66588992,Junction_1+
-0.017044231,-0.0010652645,0.0,66589192,Junction_1+
-0.07456851,0.017044231,0.027696876,66589391,Junction_1+
-0.014913702,0.082025364,0.0,66589592,Junction_1+
-0.054328486,0.08522116,0.034088463,66589792,Junction_1+
-0.017044231,0.02663161,0.030892668,66589992,Junction_1+
0.12463594,-0.128897,-0.04261058,66590191,Junction_1+
-0.013848438,-0.08841695,-0.004261058,66590391,Junction_1+
-0.025566347,0.0053263223,0.00958738,66590591,Junction_1+
0.020240024,0.03621899,0.020240024,66590792,Junction_1+
0.02130529,-0.020240024,0.0063915867,66590991,Junction_1+
-0.0063915867,-0.070307456,0.002130529,66591192,Junction_1+
-0.00958738,-0.06498113,0.02663161,66591392,Junction_1+
0.007456851,-0.037284255,0.01917476,66591591,Junction_1+
0.013848438,-0.04580637,-0.0010652645,66591792,Junction_1+
-0.03621899,-0.0063915867,0.010652645,66591992,Junction_1+
-0.002130529,0.02663161,0.0,66592192,Junction_1+
-0.004261058,-0.0053263223,0.00958738,66592392,Junction_1+
0.0053263223,-0.0053263223,0.00958738,66592592,Junction_1+
0.0031957934,-0.067111656,0.015978966,66592792,Junction_1+
-0.018109495,-0.03195793,0.018109495,66592992,Junction_1+
-0.033023197,-0.0479369,0.007456851,66593191,Junction_1+
-0.010652645,0.002130529,0.0063915867,66593391,Junction_1+
0.0479369,0.024501082,0.004261058,66593592,Junction_1+
0.02130529,0.0053263223,0.0031957934,66593792,Junction_1+
0.0031957934,-0.044741105,-0.0031957934,66593992,Junction_1+
-0.02130529,-0.04261058,0.0031957934,66594191,Junction_1+
-0.00958738,-0.040480047,0.007456851,66594392,Junction_1+
-0.024501082,-0.011717909,0.002130529,66594592,Junction_1+
0.0,0.010652645,0.007456851,66594792,Junction_1+
0.007456851,0.020240024,0.014913702,66594992,Junction_1+
-0.004261058,-0.027696876,0.008522116,66595192,Junction_1+
-0.00958738,-0.0628506,0.0063915867,66595392,Junction_1+
-0.0053263223,-0.03834952,0.02130529,66595592,Junction_1+
-0.010652645,-0.03834952,0.0053263223,66595792,Junction_1+
-0.014913702,-0.0063915867,0.004261058,66595992,Junction_1+
0.01917476,0.02663161,0.011717909,66596192,Junction_1+
0.01917476,0.004261058,0.0031957934,66596394,Junction_1+
-0.004261058,-0.03195793,-0.0010652645,66596592,Junction_1+
-0.022370553,-0.051132694,0.0010652645,66596791,Junction_1+
-0.022370553,-0.020240024,0.008522116,66596991,Junction_1+
-0.011717909,-0.03834952,0.0010652645,66597191,Junction_1+
-0.02130529,-0.0031957934,-0.002130529,66597392,Junction_1+
0.039414786,0.015978966,0.015978966,66597591,Junction_1+
-0.0010652645,-0.022370553,0.014913702,66597792,Junction_1+
-0.0010652645,-0.035153728,0.010652645,66597992,Junction_1+
-0.015978966,-0.044741105,0.01917476,66598192,Junction_1+
-0.01917476,-0.066046394,0.018109495,66598393,Junction_1+
-0.01917476,-0.067111656,0.011717909,66598592,Junction_1+
-0.00958738,0.040480047,0.020240024,66598791,Junction_1+
-0.0031957934,0.03834952,0.015978966,66598992,Junction_1+
0.017044231,0.0010652645,0.011717909,66599192,Junction_1+
-0.002130529,-0.0479369,-0.010652645,66599392,Junction_1+
-0.0063915867,-0.03834952,0.011717909,66599592,Junction_1+
-0.041545313,-0.024501082,0.011717909,66599793,Junction_1+
-0.023435818,-0.035153728,0.0,66599992,Junction_1+
-0.0053263223,-0.014913702,0.0010652645,66600192,Junction_1+
0.0010652645,0.0127831735,0.013848438,66600392,Junction_1+
0.011717909,-0.025566347,0.007456851,66600592,Junction_1+
-0.02130529,-0.040480047,0.008522116,66600792,Junction_1+
-0.02130529,-0.05965481,0.022370553,66600992,Junction_1+
-0.014913702,-0.07563377,0.017044231,66601191,Junction_1+
-0.025566347,-0.030892668,0.0127831735,66601392,Junction_1+
-0.002130529,0.013848438,0.010652645,66601592,Junction_1+
0.010652645,0.024501082,0.008522116,66601792,Junction_1+
0.017044231,0.004261058,0.002130529,66601992,Junction_1+
-0.002130529,-0.02663161,-0.002130529,66602192,Junction_1+
-0.01917476,-0.082025364,0.002130529,66602393,Junction_1+
-0.027696876,-0.1257012,0.033023197,66602592,Junction_1+
-0.037284255,-0.07563377,0.007456851,66602792,Junction_1+
0.0010652645,0.0,0.007456851,66602992,Junction_1+
0.023435818,0.011717909,0.007456851,66603192,Junction_1+
0.007456851,0.067111656,0.0031957934,66603391,Junction_1+
0.007456851,-0.041545313,0.00958738,66603592,Junction_1+
-0.004261058,-0.058589544,0.00958738,66603791,Junction_1+
0.025566347,-0.098004326,0.041545313,66603992,Junction_1+
-0.002130529,-0.056459013,0.01917476,66604192,Junction_1+
-0.011717909,-0.02876214,0.0127831735,66604392,Junction_1+
0.0,0.034088463,0.007456851,66604593,Junction_1+
0.017044231,0.05006743,0.010652645,66604792,Junction_1+
0.0031957934,0.0031957934,0.004261058,66604992,Junction_1+
-0.02130529,-0.05326322,-0.004261058,66605192,Junction_1+
-0.02663161,-0.058589544,-0.002130529,66605394,Junction_1+
0.0010652645,-0.03621899,0.0053263223,66605593,Junction_1+
-0.035153728,0.035153728,0.0010652645,66605793,Junction_1+
0.00958738,-0.029827405,0.0010652645,66605991,Junction_1+
0.018109495,0.007456851,0.011717909,66606192,Junction_1+
-0.013848438,0.0127831735,0.010652645,66606393,Junction_1+
-0.010652645,-0.022370553,0.004261058,66606593,Junction_1+
0.00958738,-0.12996227,0.0063915867,66606793,Junction_1+
-0.010652645,-0.034088463,0.01917476,66606992,Junction_1+
-0.00958738,-0.051132694,0.010652645,66607193,Junction_1+
-0.008522116,-0.007456851,0.007456851,66607395,Junction_1+
0.008522116,0.034088463,0.010652645,66607592,Junction_1+
0.007456851,0.014913702,0.015978966,66607793,Junction_1+
-0.0031957934,-0.018109495,0.004261058,66607992,Junction_1+
-0.02663161,-0.04580637,-0.008522116,66608192,Junction_1+
-0.014913702,-0.034088463,-0.0063915867,66608393,Junction_1+
-0.022370553,-0.018109495,0.0031957934,66608592,Junction_1+
-0.034088463,-0.06924219,0.004261058,66608791,Junction_1+
-0.025566347,-0.040480047,-0.002130529,66608992,Junction_1+
-0.015978966,-0.004261058,0.0063915867,66609192,Junction_1+
0.0031957934,0.008522116,0.015978966,66609392,Junction_1+
0.0127831735,-0.02130529,0.014913702,66609592,Junction_1+
-0.014913702,-0.061785337,0.0053263223,66609792,Junction_1+
-0.00958738,-0.02876214,0.0063915867,66609993,Junction_1+
-0.011717909,-0.037284255,0.017044231,66610192,Junction_1+
-0.017044231,-0.030892668,0.017044231,66610392,Junction_1+
-0.0127831735,-0.007456851,0.0127831735,66610593,Junction_1+
0.0031957934,0.014913702,0.00958738,66610792,Junction_1+
0.017044231,0.027696876,0.00958738,66610992,Junction_1+
0.0031957934,-0.014913702,0.0031957934,66611193,Junction_1+
-0.007456851,-0.05006743,0.0,66611395,Junction_1+
-0.018109495,-0.05752428,-0.0031957934,66611593,Junction_1+
-0.018109495,-0.02663161,0.0063915867,66611792,Junction_1+
-0.014913702,-0.027696876,0.017044231,66611992,Junction_1+
-0.022370553,-0.033023197,0.0063915867,66612192,Junction_1+
-0.024501082,0.0,0.00958738,66612392,Junction_1+
0.0,0.010652645,0.018109495,66612592,Junction_1+
0.0053263223,-0.029827405,0.010652645,66612792,Junction_1+
-0.011717909,-0.06498113,0.0053263223,66612992,Junction_1+
-0.01917476,-0.05539375,0.010652645,66613193,Junction_1+
-0.0063915867,-0.04580637,0.0127831735,66613392,Junction_1+
-0.007456851,-0.033023197,0.010652645,66613593,Junction_1+
0.002130529,0.011717909,0.007456851,66613792,Junction_1+
0.015978966,0.027696876,0.0127831735,66613992,Junction_1+
0.004261058,-0.024501082,0.0031957934,66614193,Junction_1+
-0.018109495,-0.046871636,-0.0053263223,66614392,Junction_1+
-0.025566347,-0.034088463,0.0,66614593,Junction_1+
-0.024501082,-0.040480047,0.0053263223,66614792,Junction_1+
-0.002130529,-0.018109495,0.0063915867,66614993,Junction_1+
0.0127831735,0.017044231,0.010652645,66615192,Junction_1+
0.0010652645,-0.014913702,0.01917476,66615394,Junction_1+
-0.018109495,-0.03834952,0.022370553,66615593,Junction_1+
-0.018109495,-0.04261058,0.014913702,66615793,Junction_1+
-0.00958738,-0.037284255,0.014913702,66615993,Junction_1+
-0.010652645,-0.0127831735,0.0053263223,66616192,Junction_1+
0.010652645,0.024501082,0.008522116,66616393,Junction_1+
0.014913702,0.015978966,0.011717909,66616593,Junction_1+
-0.017044231,-0.01917476,-0.0031957934,66616793,Junction_1+
-0.022370553,-0.049002163,-0.004261058,66616993,Junction_1+
-0.010652645,-0.039414786,0.004261058,66617193,Junction_1+
-0.025566347,-0.041545313,0.0031957934,66617393,Junction_1+
0.004261058,-0.008522116,-0.0010652645,66617593,Junction_1+
0.024501082,0.010652645,0.015978966,66617793,Junction_1+
-0.02130529,-0.040480047,0.018109495,66617993,Junction_1+
-0.008522116,-0.070307456,0.020240024,66618193,Junction_1+
-0.022370553,-0.017044231,0.029827405,66618392,Junction_1+
0.0063915867,-0.035153728,0.020240024,66618593,Junction_1+
-0.00958738,0.02663161,0.030892668,66618793,Junction_1+
0.025566347,0.040480047,0.008522116,66618993,Junction_1+
-0.004261058,-0.017044231,0.004261058,66619193,Junction_1+
-0.01917476,-0.034088463,-0.0053263223,66619396,Junction_1+
-0.015978966,-0.03621899,-0.0010652645,66619593,Junction_1+
-0.008522116,-0.041545313,0.004261058,66619793,Junction_1+
-0.017044231,-0.02130529,-0.0010652645,66619993,Junction_1+
0.018109495,0.008522116,0.0063915867,66620193,Junction_1+
0.014913702,0.007456851,0.018109495,66620394,Junction_1+
0.0010652645,-0.05326322,0.010652645,66620593,Junction_1+
-0.020240024,-0.068176925,0.0063915867,66620793,Junction_1+
-0.004261058,-0.05752428,0.020240024,66620993,Junction_1+
-0.0010652645,-0.035153728,0.013848438,66621193,Junction_1+
-0.0031957934,0.011717909,0.015978966,66621394,Junction_1+
0.008522116,0.03621899,0.017044231,66621593,Junction_1+
-0.004261058,-0.020240024,0.011717909,66621793,Junction_1+
-0.027696876,-0.049002163,0.002130529,66621993,Junction_1+
-0.014913702,-0.043675844,0.0010652645,66622193,Junction_1+
-0.0063915867,-0.041545313,0.0031957934,66622392,Junction_1+
0.0031957934,-0.017044231,0.002130529,66622593,Junction_1+
0.018109495,0.007456851,0.00958738,66622793,Junction_1+
0.025566347,-0.0031957934,0.015978966,66622993,Junction_1+
-0.010652645,-0.046871636,0.008522116,66623193,Junction_1+
-0.01917476,-0.044741105,0.0063915867,66623394,Junction_1+
-0.013848438,-0.035153728,0.01917476,66623593,Junction_1+
-0.01917476,-0.01917476,0.00958738,66623793,Junction_1+
0.0031957934,0.033023197,0.008522116,66623993,Junction_1+
0.024501082,0.018109495,0.007456851,66624193,Junction_1+
-0.0031957934,-0.034088463,0.0031957934,66624394,Junction_1+
-0.037284255,-0.043675844,0.002130529,66624593,Junction_1+
-0.023435818,-0.023435818,0.0127831735,66624793,Junction_1+
-0.015978966,-0.034088463,0.013848438,66624992,Junction_1+
-0.002130529,-0.00958738,0.008522116,66625193,Junction_1+
0.020240024,0.008522116,0.0127831735,66625394,Junction_1+
-0.0053263223,-0.008522116,0.017044231,66625593,Junction_1+
-0.013848438,-0.056459013,0.0031957934,66625793,Junction_1+
-0.02130529,-0.046871636,0.008522116,66625993,Junction_1+
-0.010652645,-0.0127831735,0.017044231,66626193,Junction_1+
-0.00958738,-0.020240024,0.013848438,66626395,Junction_1+
0.002130529,-0.033023197,0.0031957934,66626593,Junction_1+
0.0031957934,0.04261058,0.027696876,66626793,Junction_1+
-0.0063915867,-0.033023197,-0.004261058,66626993,Junction_1+
-0.023435818,-0.05752428,0.0010652645,66627192,Junction_1+
-0.0127831735,-0.051132694,0.0063915867,66627393,Junction_1+
0.00958738,-0.07882957,-0.014913702,66627593,Junction_1+
-0.067111656,-0.030892668,-0.007456851,66627793,Junction_1+
-0.05965481,-0.023435818,0.0053263223,66627993,Junction_1+
-0.022370553,-0.0063915867,0.00958738,66628193,Junction_1+
-0.09161274,0.00958738,0.01917476,66628395,Junction_1+
-0.07882957,-0.07350325,0.011717909,66628593,Junction_1+
-0.052197956,-0.052197956,0.004261058,66628793,Junction_1+
0.0063915867,-0.054328486,0.01917476,66628993,Junction_1+
-0.008522116,0.013848438,0.017044231,66629193,Junction_1+
0.013848438,0.05539375,-0.0010652645,66629393,Junction_1+
-0.027696876,0.0,-0.011717909,66629593,Junction_1+
-0.04261058,-0.05006743,-0.008522116,66629793,Junction_1+
-0.03621899,-0.02130529,0.010652645,66629993,Junction_1+
-0.023435818,0.04261058,0.0053263223,66630193,Junction_1+
0.008522116,-0.061785337,0.015978966,66630393,Junction_1+
0.0053263223,-0.02663161,0.017044231,66630592,Junction_1+
0.011717909,0.0,0.013848438,66630793,Junction_1+
-0.030892668,-0.041545313,0.0031957934,66630992,Junction_1+
-0.080960095,-0.096939065,0.011717909,66631193,Junction_1+
0.0063915867,-0.08522116,0.018109495,66631397,Junction_1+
0.025566347,-0.0063915867,0.008522116,66631593,Junction_1+
0.03834952,0.033023197,0.017044231,66631793,Junction_1+
-0.023435818,-0.080960095,0.0031957934,66631993,Junction_1+
-0.008522116,0.014913702,-0.002130529,66632193,Junction_1+
-0.058589544,-0.037284255,-0.0063915867,66632395,Junction_1+
-0.029827405,-0.05539375,0.0053263223,66632593,Junction_1+
0.02663161,-0.06924219,0.018109495,66632793,Junction_1+
0.02876214,0.02876214,0.0063915867,66632992,Junction_1+
0.02663161,0.033023197,0.011717909,66633193,Junction_1+
-0.0031957934,-0.002130529,0.00958738,66633393,Junction_1+
-0.044741105,-0.041545313,-0.0010652645,66633593,Junction_1+
-0.058589544,-0.07350325,0.0053263223,66633793,Junction_1+
-0.0010652645,-0.05752428,0.013848438,66633992,Junction_1+
0.0010652645,-0.014913702,0.011717909,66634193,Junction_1+
0.014913702,0.030892668,0.0127831735,66634393,Junction_1+
0.017044231,0.010652645,0.0053263223,66634593,Junction_1+
-0.0031957934,-0.015978966,-0.0010652645,66634793,Junction_1+
-0.03195793,-0.029827405,-0.013848438,66634993,Junction_1+
-0.037284255,-0.027696876,0.0010652645,66635193,Junction_1+
0.00958738,-0.034088463,0.01917476,66635393,Junction_1+
0.014913702,-0.023435818,0.018109495,66635594,Junction_1+
-0.004261058,0.0063915867,0.007456851,66635794,Junction_1+
0.002130529,-0.0127831735,0.0031957934,66635993,Junction_1+
0.0010652645,-0.02130529,0.007456851,66636193,Junction_1+
-0.00958738,-0.03621899,0.002130529,66636392,Junction_1+
-0.03195793,-0.0479369,-0.004261058,66636593,Junction_1+
-0.029827405,-0.052197956,0.0053263223,66636794,Junction_1+
0.0010652645,-0.04580637,0.020240024,66636994,Junction_1+
0.025566347,-0.054328486,0.025566347,66637193,Junction_1+
0.015978966,0.007456851,0.0127831735,66637397,Junction_1+
0.033023197,-0.014913702,0.01917476,66637593,Junction_1+
0.0063915867,0.027696876,0.002130529,66637794,Junction_1+
-0.002130529,-0.0010652645,-0.0010652645,66637992,Junction_1+
-0.03834952,-0.02663161,-0.0063915867,66638193,Junction_1+
-0.052197956,-0.041545313,0.002130529,66638395,Junction_1+
-0.02130529,-0.052197956,0.0053263223,66638593,Junction_1+
-0.0010652645,-0.024501082,0.00958738,66638794,Junction_1+
0.00958738,-0.023435818,0.017044231,66638993,Junction_1+
0.02130529,-0.0127831735,0.01917476,66639193,Junction_1+
0.027696876,-0.004261058,0.023435818,66639397,Junction_1+
0.002130529,0.02130529,0.007456851,66639594,Junction_1+
0.007456851,-0.0031957934,0.0010652645,66639794,Junction_1+
-0.029827405,-0.023435818,-0.0053263223,66639993,Junction_1+
-0.034088463,-0.06072007,0.00958738,66640193,Junction_1+
-0.033023197,-0.0628506,0.018109495,66640395,Junction_1+
-0.008522116,-0.027696876,0.014913702,66640594,Junction_1+
0.010652645,-0.022370553,0.01917476,66640793,Junction_1+
0.018109495,-0.02130529,0.017044231,66640993,Junction_1+
0.03834952,-0.0053263223,0.020240024,66641193,Junction_1+
0.022370553,0.010652645,0.0053263223,66641397,Junction_1+
0.007456851,0.01917476,-0.0031957934,66641593,Junction_1+
-0.025566347,-0.017044231,-0.0053263223,66641794,Junction_1+
-0.03195793,-0.06391586,-0.002130529,66641994,Junction_1+
-0.029827405,-0.066046394,0.0063915867,66642194,Junction_1+
-0.0127831735,-0.049002163,0.0063915867,66642395,Junction_1+
0.0053263223,-0.014913702,0.010652645,66642594,Junction_1+
0.008522116,-0.017044231,0.014913702,66642794,Junction_1+
0.018109495,-0.0127831735,0.018109495,66642994,Junction_1+
0.03621899,-0.014913702,0.014913702,66643194,Junction_1+
0.014913702,0.011717909,0.0063915867,66643397,Junction_1+
-0.00958738,0.01917476,-0.0031957934,66643594,Junction_1+
-0.023435818,-0.014913702,-0.002130529,66643794,Junction_1+
-0.02663161,-0.04580637,0.004261058,66643994,Junction_1+
-0.030892668,-0.07563377,0.014913702,66644194,Junction_1+
-0.029827405,-0.044741105,0.0127831735,66644394,Junction_1+
-0.0063915867,-0.025566347,0.015978966,66644594,Junction_1+
0.0063915867,-0.023435818,0.017044231,66644794,Junction_1+
0.0127831735,-0.014913702,0.017044231,66644994,Junction_1+
0.023435818,-0.0031957934,0.02130529,66645193,Junction_1+
0.022370553,0.010652645,0.00958738,66645393,Junction_1+
-0.004261058,0.030892668,-0.0031957934,66645593,Junction_1+
-0.027696876,0.007456851,-0.0031957934,66645794,Junction_1+
-0.05752428,-0.030892668,-0.008522116,66645994,Junction_1+
-0.046871636,-0.043675844,0.002130529,66646194,Junction_1+
-0.013848438,-0.052197956,0.007456851,66646394,Junction_1+
0.0010652645,-0.01917476,0.008522116,66646594,Junction_1+
0.023435818,-0.02130529,0.020240024,66646794,Junction_1+
0.023435818,-0.0127831735,0.018109495,66646994,Junction_1+
0.023435818,-0.0063915867,0.02130529,66647194,Junction_1+
0.014913702,-0.008522116,0.008522116,66647394,Junction_1+
-0.0010652645,0.018109495,0.002130529,66647594,Junction_1+
-0.043675844,-0.002130529,-0.002130529,66647794,Junction_1+
-0.06072007,-0.03195793,-0.004261058,66647994,Junction_1+
-0.020240024,-0.07243798,0.00958738,66648194,Junction_1+
-0.014913702,-0.054328486,0.0127831735,66648395,Junction_1+
-0.0031957934,-0.017044231,0.014913702,66648594,Junction_1+
0.013848438,-0.014913702,0.01917476,66648794,Junction_1+
0.015978966,-0.008522116,0.018109495,66648994,Junction_1+
0.0127831735,-0.017044231,0.018109495,66649194,Junction_1+
0.029827405,-0.0063915867,0.014913702,66649397,Junction_1+
-0.0010652645,0.03621899,-0.0010652645,66649594,Junction_1+
-0.029827405,0.0127831735,-0.0031957934,66649794,Junction_1+
-0.03195793,-0.0127831735,-0.002130529,66649994,Junction_1+
-0.0479369,-0.040480047,-0.0053263223,66650194,Junction_1+
-0.033023197,-0.06072007,0.0031957934,66650394,Junction_1+
-0.0127831735,-0.05539375,0.0053263223,66650594,Junction_1+
0.004261058,-0.018109495,0.008522116,66650794,Junction_1+
0.014913702,-0.015978966,0.020240024,66650994,Junction_1+
0.002130529,-0.008522116,0.020240024,66651194,Junction_1+
-0.0063915867,0.011717909,0.008522116,66651396,Junction_1+
0.004261058,-0.018109495,0.007456851,66651594,Junction_1+
0.007456851,-0.017044231,0.0063915867,66651794,Junction_1+
0.004261058,0.0031957934,0.0031957934,66651994,Junction_1+
-0.015978966,0.00958738,0.004261058,66652194,Junction_1+
-0.040480047,-0.017044231,0.002130529,66652395,Junction_1+
-0.03195793,-0.039414786,0.0,66652594,Junction_1+
-0.02130529,-0.07243798,0.008522116,66652794,Junction_1+
-0.0031957934,-0.068176925,0.011717909,66652994,Junction_1+
0.007456851,-0.03195793,0.013848438,66653194,Junction_1+
0.014913702,-0.007456851,0.017044231,66653398,Junction_1+
0.011717909,-0.0127831735,0.02130529,66653594,Junction_1+
-0.0010652645,-0.002130529,0.011717909,66653794,Junction_1+
0.002130529,0.007456851,0.0053263223,66653994,Junction_1+
-0.0053263223,-0.013848438,0.0053263223,66654193,Junction_1+
0.023435818,-0.0053263223,0.0063915867,66654396,Junction_1+
0.0031957934,-0.002130529,0.0063915867,66654594,Junction_1+
-0.010652645,-0.00958738,0.004261058,66654794,Junction_1+
-0.037284255,-0.02876214,-0.004261058,66654994,Junction_1+
-0.02876214,-0.03834952,-0.002130529,66655193,Junction_1+
-0.010652645,-0.068176925,0.0010652645,66655397,Junction_1+
0.0031957934,-0.056459013,0.008522116,66655594,Junction_1+
0.0127831735,-0.024501082,0.015978966,66655794,Junction_1+
0.010652645,-0.014913702,0.023435818,66655994,Junction_1+
0.0031957934,0.0010652645,0.01917476,66656194,Junction_1+
0.007456851,-0.010652645,0.00958738,66656394,Junction_1+
-0.0031957934,-0.004261058,0.00958738,66656594,Junction_1+
-0.0010652645,-0.007456851,0.0063915867,66656794,Junction_1+
-0.0031957934,0.0010652645,0.0063915867,66656994,Junction_1+
-0.015978966,-0.008522116,0.0063915867,66657194,Junction_1+
-0.0127831735,-0.034088463,0.0053263223,66657396,Junction_1+
-0.027696876,-0.033023197,0.002130529,66657594,Junction_1+
-0.041545313,-0.052197956,0.004261058,66657793,Junction_1+
-0.011717909,-0.07456851,0.008522116,66657993,Junction_1+
-0.0031957934,-0.05006743,0.010652645,66658194,Junction_1+
0.0010652645,-0.01917476,0.015978966,66658395,Junction_1+
0.010652645,-0.015978966,0.013848438,66658594,Junction_1+
0.004261058,-0.0010652645,0.017044231,66658794,Junction_1+
-0.0031957934,0.0031957934,0.017044231,66658994,Junction_1+
0.010652645,-0.0127831735,0.014913702,66659194,Junction_1+
0.004261058,-0.0127831735,0.014913702,66659394,Junction_1+
0.0,-0.004261058,0.0031957934,66659593,Junction_1+
-0.010652645,0.004261058,-0.0031957934,66659794,Junction_1+
-0.025566347,0.004261058,-0.0010652645,66659994,Junction_1+
-0.039414786,-0.024501082,-0.0031957934,66660193,Junction_1+
-0.020240024,-0.043675844,0.0031957934,66660394,Junction_1+
0.0010652645,-0.06072007,0.008522116,66660594,Junction_1+
0.0053263223,-0.061785337,0.011717909,66660794,Junction_1+
0.0,-0.039414786,0.004261058,66660994,Junction_1+
-0.02130529,0.0127831735,0.0031957934,66661194,Junction_1+
-0.020240024,0.011717909,0.008522116,66661396,Junction_1+
-0.0010652645,-0.008522116,0.011717909,66661594,Junction_1+
0.0,0.0,0.014913702,66661794,Junction_1+
0.008522116,-0.01917476,0.0127831735,66661994,Junction_1+
0.014913702,-0.015978966,0.011717909,66662194,Junction_1+
0.014913702,-0.01917476,0.008522116,66662395,Junction_1+
-0.015978966,-0.0031957934,0.0,66662594,Junction_1+
-0.029827405,-0.011717909,-0.0053263223,66662794,Junction_1+
-0.023435818,-0.002130529,0.0053263223,66662994,Junction_1+
-0.0127831735,-0.037284255,0.007456851,66663194,Junction_1+
-0.0063915867,-0.034088463,0.007456851,66663397,Junction_1+
0.010652645,-0.058589544,0.010652645,66663594,Junction_1+
0.008522116,-0.039414786,0.020240024,66663794,Junction_1+
0.008522116,-0.039414786,0.0127831735,66663993,Junction_1+
-0.002130529,-0.007456851,0.007456851,66664193,Junction_1+
-0.015978966,-0.008522116,0.010652645,66664395,Junction_1+
-0.0053263223,-0.002130529,0.013848438,66664594,Junction_1+
-0.015978966,0.008522116,0.013848438,66664794,Junction_1+
0.002130529,-0.008522116,0.013848438,66664994,Junction_1+
0.0127831735,-0.02876214,0.0127831735,66665194,Junction_1+
0.0063915867,-0.027696876,0.008522116,66665396,Junction_1+
-0.014913702,-0.008522116,-0.0031957934,66665594,Junction_1+
-0.014913702,0.0053263223,-0.0063915867,66665794,Junction_1+
-0.024501082,-0.010652645,0.002130529,66665994,Junction_1+
-0.024501082,-0.02663161,0.004261058,66666194,Junction_1+
0.0010652645,-0.041545313,0.0063915867,66666395,Junction_1+
-0.0010652645,-0.044741105,0.008522116,66666594,Junction_1+
0.00958738,-0.05965481,0.0127831735,66666794,Junction_1+
0.008522116,-0.05326322,0.007456851,66666994,Junction_1+
-0.0010652645,-0.03195793,0.002130529,66667194,Junction_1+
-0.007456851,0.0031957934,0.002130529,66667396,Junction_1+
-0.015978966,0.023435818,0.010652645,66667595,Junction_1+
-0.00958738,0.04261058,0.0063915867,66667795,Junction_1+
-0.008522116,0.024501082,0.014913702,66667994,Junction_1+
0.0031957934,-0.0010652645,0.013848438,66668194,Junction_1+
0.0031957934,-0.0127831735,0.010652645,66668396,Junction_1+
0.002130529,-0.023435818,0.015978966,66668594,Junction_1+
0.0053263223,-0.027696876,0.007456851,66668794,Junction_1+
-0.0010652645,-0.044741105,0.0031957934,66668994,Junction_1+
-0.0127831735,-0.023435818,-0.004261058,66669195,Junction_1+
-0.03195793,-0.017044231,-0.0010652645,66669397,Junction_1+
-0.035153728,-0.00958738,0.002130529,66669594,Junction_1+
-0.020240024,-0.024501082,0.010652645,66669795,Junction_1+
-0.027696876,-0.03834952,0.013848438,66669994,Junction_1+
-0.022370553,-0.023435818,0.0127831735,66670195,Junction_1+
-0.0031957934,-0.03195793,0.011717909,66670396,Junction_1+
0.008522116,-0.06498113,0.013848438,66670595,Junction_1+
0.015978966,-0.0777643,0.017044231,66670795,Junction_1+
0.024501082,-0.080960095,0.020240024,66670994,Junction_1+
0.020240024,-0.08628642,0.017044231,66671195,Junction_1+
0.0127831735,-0.070307456,0.018109495,66671394,Junction_1+
0.015978966,-0.07243798,0.017044231,66671594,Junction_1+
0.029827405,-0.05752428,0.018109495,66671794,Junction_1+
0.03834952,-0.07137272,0.014913702,66671994,Junction_1+
0.022370553,-0.049002163,0.017044231,66672195,Junction_1+
0.013848438,-0.039414786,0.00958738,66672395,Junction_1+
0.004261058,-0.040480047,0.008522116,66672595,Junction_1+
-0.002130529,-0.02663161,0.0063915867,66672795,Junction_1+
-0.007456851,-0.02876214,0.0031957934,66672994,Junction_1+
-0.007456851,0.008522116,0.0031957934,66673195,Junction_1+
0.014913702,-0.014913702,0.014913702,66673396,Junction_1+
0.02130529,-0.025566347,0.018109495,66673595,Junction_1+
0.0,0.004261058,0.015978966,66673795,Junction_1+
0.007456851,0.025566347,0.013848438,66673994,Junction_1+
0.020240024,-0.007456851,0.008522116,66674195,Junction_1+
-0.013848438,-0.0628506,-0.0010652645,66674396,Junction_1+
-0.05326322,-0.03834952,-0.0063915867,66674595,Junction_1+
0.0031957934,-0.0479369,0.010652645,66674795,Junction_1+
0.014913702,-0.022370553,0.008522116,66674995,Junction_1+
0.014913702,-0.00958738,0.008522116,66675195,Junction_1+
0.008522116,-0.04261058,0.007456851,66675396,Junction_1+
0.068176925,-0.2034655,-0.0063915867,66675595,Junction_1+
-0.07882957,0.002130529,0.004261058,66675795,Junction_1+
-0.0479369,-0.05326322,0.0063915867,66675995,Junction_1+
-0.004261058,-0.037284255,0.0127831735,66676195,Junction_1+
0.01917476,-0.041545313,0.018109495,66676396,Junction_1+
0.017044231,-0.029827405,0.01917476,66676595,Junction_1+
-0.0127831735,0.037284255,0.008522116,66676795,Junction_1+
-0.056459013,-0.051132694,-0.010652645,66676995,Junction_1+
-0.07137272,-0.025566347,0.002130529,66677195,Junction_1+
0.0010652645,-0.015978966,0.010652645,66677397,Junction_1+
0.027696876,-0.023435818,0.008522116,66677595,Junction_1+
0.010652645,0.025566347,0.014913702,66677795,Junction_1+
0.007456851,0.0127831735,0.011717909,66677995,Junction_1+
-0.024501082,-0.007456851,-0.0010652645,66678194,Junction_1+
-0.041545313,-0.052197956,0.0010652645,66678394,Junction_1+
-0.02130529,-0.039414786,0.011717909,66678595,Junction_1+
0.013848438,-0.034088463,0.013848438,66678795,Junction_1+
0.022370553,0.010652645,0.023435818,66678994,Junction_1+
0.022370553,0.023435818,0.017044231,66679195,Junction_1+
-0.0031957934,-0.0010652645,-0.0053263223,66679394,Junction_1+
-0.06391586,-0.043675844,-0.013848438,66679595,Junction_1+
-0.051132694,-0.049002163,0.0031957934,66679795,Junction_1+
0.029827405,-0.040480047,0.0127831735,66679995,Junction_1+
0.014913702,-0.01917476,0.011717909,66680195,Junction_1+
0.023435818,0.00958738,0.023435818,66680395,Junction_1+
0.022370553,0.010652645,0.011717909,66680595,Junction_1+
-0.024501082,-0.034088463,-0.0010652645,66680795,Junction_1+
-0.05326322,-0.046871636,0.004261058,66680994,Junction_1+
-0.025566347,-0.07137272,0.010652645,66681195,Junction_1+
0.034088463,-0.043675844,0.014913702,66681397,Junction_1+
0.02663161,-0.007456851,0.020240024,66681595,Junction_1+
0.02130529,0.024501082,0.02130529,66681795,Junction_1+
0.018109495,0.018109495,0.002130529,66681995,Junction_1+
-0.039414786,-0.030892668,-0.011717909,66682195,Junction_1+
-0.05752428,-0.052197956,-0.0063915867,66682395,Junction_1+
-0.02663161,-0.052197956,0.004261058,66682595,Junction_1+
0.039414786,-0.052197956,0.010652645,66682795,Junction_1+
0.015978966,0.013848438,0.018109495,66682994,Junction_1+
0.017044231,0.024501082,0.020240024,66683195,Junction_1+
-0.0010652645,0.015978966,0.008522116,66683394,Junction_1+
-0.041545313,-0.011717909,-0.0031957934,66683594,Junction_1+
-0.027696876,-0.07456851,0.002130529,66683795,Junction_1+
-0.020240024,-0.06391586,0.0127831735,66683995,Junction_1+
0.014913702,-0.017044231,0.018109495,66684194,Junction_1+
0.01917476,0.010652645,0.02130529,66684395,Junction_1+
0.014913702,0.033023197,0.013848438,66684595,Junction_1+
0.0127831735,0.004261058,0.0,66684794,Junction_1+
-0.046871636,-0.030892668,-0.011717909,66684995,Junction_1+
-0.044741105,-0.067111656,-0.0031957934,66685195,Junction_1+
0.0053263223,-0.0628506,0.004261058,66685396,Junction_1+
0.024501082,-0.022370553,0.015978966,66685595,Junction_1+
0.023435818,0.0031957934,0.022370553,66685795,Junction_1+
0.01917476,0.013848438,0.015978966,66685995,Junction_1+
0.007456851,0.0031957934,0.0031957934,66686195,Junction_1+
-0.041545313,-0.04261058,-0.004261058,66686397,Junction_1+
-0.040480047,-0.08628642,0.002130529,66686595,Junction_1+
0.0031957934,-0.056459013,0.008522116,66686796,Junction_1+
0.02876214,-0.024501082,0.015978966,66686995,Junction_1+
0.033023197,0.022370553,0.024501082,66687196,Junction_1+
0.018109495,0.035153728,0.013848438,66687395,Junction_1+
-0.02130529,-0.0010652645,-0.008522116,66687595,Junction_1+
-0.052197956,-0.05752428,-0.010652645,66687796,Junction_1+
-0.010652645,-0.07350325,0.0010652645,66687995,Junction_1+
0.027696876,-0.027696876,0.0127831735,66688195,Junction_1+
0.010652645,0.002130529,0.017044231,66688395,Junction_1+
0.014913702,0.02130529,0.020240024,66688595,Junction_1+
0.017044231,0.013848438,0.008522116,66688795,Junction_1+
-0.033023197,-0.020240024,-0.002130529,66688995,Junction_1+
-0.052197956,-0.054328486,-0.0031957934,66689195,Junction_1+
-0.014913702,-0.082025364,0.007456851,66689395,Junction_1+
0.034088463,-0.03834952,0.017044231,66689595,Junction_1+
0.017044231,0.0127831735,0.01917476,66689795,Junction_1+
0.02130529,0.022370553,0.022370553,66689995,Junction_1+
-0.0063915867,0.013848438,0.0053263223,66690195,Junction_1+
-0.043675844,-0.02663161,-0.007456851,66690395,Junction_1+
-0.02876214,-0.082025364,-0.0063915867,66690595,Junction_1+
0.010652645,-0.05539375,0.0053263223,66690795,Junction_1+
0.03195793,-0.008522116,0.015978966,66690994,Junction_1+
0.024501082,-0.018109495,0.013848438,66691195,Junction_1+
0.011717909,-0.007456851,0.011717909,66691396,Junction_1+
-0.00958738,0.0127831735,0.004261058,66691595,Junction_1+
-0.046871636,-0.02130529,-0.002130529,66691795,Junction_1+
-0.020240024,-0.0777643,0.0031957934,66691995,Junction_1+
0.10226539,-0.3153183,-0.007456851,66692195,Junction_1+
-0.010652645,-0.020240024,0.01917476,66692396,Junction_1+
0.004261058,0.0010652645,0.027696876,66692596,Junction_1+
-0.027696876,0.052197956,0.0127831735,66692795,Junction_1+
-0.0127831735,-0.013848438,-0.007456851,66692996,Junction_1+
-0.024501082,-0.017044231,-0.002130529,66693196,Junction_1+
0.011717909,-0.034088463,0.0010652645,66693395,Junction_1+
0.0063915867,-0.01917476,0.00958738,66693595,Junction_1+
-0.00958738,-0.046871636,0.010652645,66693795,Junction_1+
-0.017044231,-0.014913702,0.0010652645,66693995,Junction_1+
-0.018109495,-0.023435818,0.017044231,66694195,Junction_1+
-0.004261058,0.0010652645,0.004261058,66694395,Junction_1+
-0.008522116,-0.02663161,0.014913702,66694595,Junction_1+
-0.007456851,-0.007456851,0.004261058,66694795,Junction_1+
-0.013848438,-0.013848438,0.018109495,66694995,Junction_1+
0.0010652645,0.027696876,0.0010652645,66695196,Junction_1+
-0.013848438,0.0031957934,0.01917476,66695397,Junction_1+
-0.020240024,0.02663161,0.0031957934,66695596,Junction_1+
-0.014913702,-0.014913702,0.014913702,66695796,Junction_1+
-0.0053263223,0.02130529,0.0031957934,66695995,Junction_1+
-0.00958738,-0.002130529,0.01917476,66696196,Junction_1+
0.0,-0.034088463,0.0010652645,66696395,Junction_1+
0.027696876,-0.08628642,0.018109495,66696596,Junction_1+
-0.013848438,-0.09374327,0.0063915867,66696795,Junction_1+
0.034088463,-0.025566347,0.0053263223,66696995,Junction_1+
0.024501082,-0.15446334,0.03621899,66697195,Junction_1+
0.027696876,-0.08628642,0.0063915867,66697397,Junction_1+
-0.020240024,-0.15765914,-0.008522116,66697595,Junction_1+
0.025566347,-0.08948221,-0.030892668,66697795,Junction_1+
0.007456851,0.11930962,0.002130529,66697995,Junction_1+
0.05539375,0.02876214,0.020240024,66698196,Junction_1+
0.043675844,-0.17896442,0.0031957934,66698395,Junction_1+
-0.07137272,-0.066046394,0.020240024,66698596,Junction_1+
-0.111852765,-0.14487596,-0.030892668,66698796,Junction_1+
-0.07989483,-0.10333065,0.004261058,66698995,Junction_1+
-0.03621899,-0.11504856,0.0053263223,66699196,Junction_1+
0.0777643,0.16405073,0.030892668,66699396,Junction_1+
-0.023435818,-0.080960095,-0.0031957934,66699596,Junction_1+
0.07563377,0.008522116,0.0053263223,66699796,Junction_1+
-0.039414786,-0.039414786,-0.008522116,66699995,Junction_1+
-0.058589544,-0.015978966,-0.004261058,66700196,Junction_1+
0.02130529,-0.040480047,0.029827405,66700395,Junction_1+
0.002130529,-0.040480047,-0.0127831735,66700596,Junction_1+
-0.051132694,-0.043675844,0.013848438,66700795,Junction_1+
-0.0127831735,-0.05539375,0.03621899,66700995,Junction_1+
0.03195793,-0.0010652645,0.027696876,66701195,Junction_1+
-0.02876214,0.00958738,0.04261058,66701397,Junction_1+
0.0053263223,-0.03834952,0.039414786,66701596,Junction_1+
0.008522116,-0.0031957934,0.024501082,66701796,Junction_1+
0.0010652645,0.023435818,0.0053263223,66701996,Junction_1+
-0.05965481,-0.022370553,0.05006743,66702196,Junction_1+
-0.03621899,-0.128897,0.013848438,66702395,Junction_1+
-0.068176925,-0.01917476,0.049002163,66702596,Junction_1+
-0.007456851,-0.040480047,0.039414786,66702796,Junction_1+
0.11291803,0.09374327,0.03195793,66702996,Junction_1+
0.030892668,-0.10865697,0.037284255,66703196,Junction_1+
0.05752428,-0.014913702,-0.022370553,66703397,Junction_1+
0.0031957934,-0.041545313,0.092678,66703596,Junction_1+
-0.07350325,0.00958738,0.017044231,66703796,Junction_1+
0.058589544,0.0053263223,0.14274544,66703996,Junction_1+
-0.020240024,0.15126754,0.06924219,66704196,Junction_1+
-0.0010652645,-0.18109496,0.0053263223,66704395,Junction_1+
0.11291803,0.12037488,0.07243798,66704596,Junction_1+
0.022370553,-0.046871636,0.0479369,66704796,Junction_1+
-0.010652645,0.034088463,0.015978966,66704996,Junction_1+
-0.058589544,0.0628506,0.0063915867,66705196,Junction_1+
-0.007456851,-0.040480047,0.06072007,66705398,Junction_1+
-0.015978966,-0.040480047,0.03621899,66705595
0.068176925,0.066046394,0.02876214,66705796
-0.018109495,-0.023435818,0.03834952,66705996
0.027696876,-0.023435818,0.014913702,66706196
-0.0063915867,-0.08948221,0.00958738,66706396
-0.08841695,0.044741105,0.00958738,66706596
-0.014913702,-0.099069595,-0.015978966,66706796
0.029827405,0.040480047,0.0053263223,66706995
0.040480047,-0.024501082,-0.011717909,66707196
0.10013486,-0.054328486,-0.013848438,66707395
