0.23755397,0.12996227,-0.2876214,67254633
0.13848437,0.037284255,-0.2876214,67254833
-0.080960095,0.30679616,-0.21944447,67255033
-0.0063915867,0.15233281,-0.31851408,67255233
-0.049002163,0.18429075,-0.2514024,67255432
0.0031957934,-0.082025364,-0.2066613,67255633
0.013848438,0.2759035,-0.15446334,67255833,Pothhole_3+
0.11930962,-0.42717105,-0.1736381,67256033,Pothhole_3+
-0.094808534,-0.15446334,-0.10226539,67256233,Pothhole_3+
-0.25885925,-0.37816888,-0.06498113,67256432,Pothhole_3+
-0.113983296,0.08735169,-0.034088463,67256633,Pothhole_3+
0.15765914,-0.5113269,-0.111852765,67256833,Pothhole_3+
-0.27164242,0.23755397,0.068176925,67257033,Pothhole_3+
0.061785337,0.025566347,0.05752428,67257233
0.08948221,0.18002969,0.10333065,67257433
0.2609898,-0.58696073,-0.011717909,67257633
0.007456851,-0.02130529,0.066046394,67257834
-0.070307456,-0.26738137,0.13315806,67258033
0.25353295,-0.21731395,0.0479369,67258233
-0.041545313,-0.2034655,0.018109495,67258432
-0.061785337,-0.046871636,-0.01917476,67258633
0.13954964,-0.34301513,0.017044231,67258834
0.10120012,-0.386691,0.034088463,67259033
0.10226539,0.08948221,0.13102752,67431440
0.13635385,-0.30040458,0.0479369,67431641
0.2609898,0.3323625,0.054328486,67431840
0.05326322,-0.13741912,-0.018109495,67432040
-0.13209279,0.2514024,-0.0031957934,67432240
-0.033023197,0.3952131,0.05752428,67432440
-0.12144014,-0.6402239,0.004261058,67432641
0.0479369,-0.18748654,0.043675844,67432840
-0.14594123,0.4761732,0.08948221,67433041
-0.018109495,-0.89375687,-0.029827405,67433240
-0.043675844,-0.37284255,-0.14913702,67433440,Pothhole_4+
0.1555286,-0.5763081,-0.092678,67433641,Pothhole_4+
-0.030892668,-0.40053943,-0.06072007,67433841,Pothhole_4+
0.044741105,-0.51452273,-0.098004326,67434041,Pothhole_4+
0.5901565,0.40160468,-0.34834146,67434241,Pothhole_4+
0.31851408,-0.55287224,0.03621899,67434440,Pothhole_4+
-0.48043427,0.32277513,0.033023197,67434641,Pothhole_4+
0.15446334,0.17470337,0.36112463,67434841,Pothhole_4+
0.07882957,-0.3888215,-0.034088463,67435041,Pothhole_4+
-0.14487596,0.5965481,-0.082025364,67435241,Pothhole_4+
-0.18002969,-0.13954964,-0.039414786,67435440,Pothhole_4+
-0.12144014,-0.25672874,-0.066046394,67435641,Pothhole_4+
-0.19387813,0.5933523,-0.014913702,67435841,Pothhole_4+
0.38136467,-0.81705785,0.046871636,67436041
0.13954964,-0.515588,-0.11611383,67436241
0.588026,-0.26525083,-0.1107875,67436440
0.12357067,-0.36645097,-0.11824435,67436641
-0.043675844,-0.386691,-0.08522116,67436840
-0.17470337,-1.2495552,-0.12783173,67437041
-0.08841695,0.7723167,0.06498113,67437241
-0.041545313,0.11291803,-0.083090626,67437440
-0.24927188,-0.32170987,-0.00958738,67437641
0.051132694,-0.17150757,-0.02130529,68006194
0.011717909,-0.12463594,0.02663161,68006393
-0.056459013,0.20240024,0.10013486,68006594
-0.022370553,0.29827404,0.07989483,68006793
0.07563377,-0.02663161,0.015978966,68006993
0.07350325,-0.020240024,0.12037488,68007194
0.049002163,0.12250541,0.099069595,68007393
-0.08522116,0.066046394,0.09374327,68007594
-0.13635385,0.10759171,-0.033023197,68007793
0.89801794,1.490305,0.098004326,68018594
0.030892668,0.551807,0.02663161,68018793,Pothhole_6+
-0.28336033,-1.0972223,-0.16937704,68018994,Pothhole_6+
-0.55287224,-0.8713863,-0.21518342,68019194,Pothhole_6+
-0.21092236,-0.9885654,-0.049002163,68019394,Pothhole_6+
-0.2908172,-1.2687299,0.09374327,68019594,Pothhole_6+
0.16618125,0.6530071,0.1587244,68019794,Pothhole_6+
-0.4644553,-0.69348717,-0.11291803,68019994,Pothhole_6+
-0.39095205,-0.30466563,-0.128897,68020194,Pothhole_6+
-0.025566347,0.49641323,0.17257284,68020395,Pothhole_6+
0.21092236,0.82771045,0.22796659,68020594
0.35579833,0.54648066,0.27057716,68020794
0.10865697,0.370712,0.1949434,68020994
0.0127831735,0.20559603,0.20453078,68021194
-0.01917476,-1.1962919,-0.002130529,68021393
-0.06072007,-0.45912898,0.10226539,68021594
0.0628506,-0.8777779,0.14913702,68021793
0.092678,1.2239889,0.3025351,68021994
0.14274544,0.33768883,0.3952131,68022194
0.023435818,-0.56672066,0.12676647,68022397
-0.00958738,-0.12463594,0.099069595,68604689
0.0127831735,0.06072007,0.082025364,68604889
-0.043675844,-0.17789917,0.02130529,68605089
0.11291803,-0.42184472,0.0031957934,68605289
-0.26418558,0.36005938,0.094808534,68605488
0.23968449,0.5028048,0.11930962,68605688
0.092678,0.061785337,0.05326322,68605889
0.3984089,-1.1696603,0.015978966,68606089
0.20985709,-0.82557994,-0.14594123,68606289
-0.5390238,-0.73503244,-0.07350325,68623088
-0.28229508,0.71479243,-0.07669904,68623289,Pothhole_7+
-0.3206446,-0.69668293,-0.03834952,68623488,Pothhole_7+
0.08415589,0.63596284,0.0127831735,68623689,Pothhole_7+
0.099069595,0.13954964,-0.039414786,68623889,Pothhole_7+
0.32810146,-0.27696875,0.03621899,68624089,Pothhole_7+
0.36325517,-0.37816888,-0.022370553,68624289,Pothhole_7+
-0.13315806,-0.5901565,-0.21837921,68624488
0.08735169,0.39414784,0.06072007,68624689
0.080960095,-0.20772657,-0.07350325,68624889
0.070307456,0.9310411,-0.12783173,68625089
-0.098004326,0.74248934,-0.004261058,68625289
0.27164242,0.6775082,0.056459013,68625489
-0.16298546,-0.592287,-0.28122982,68625689
0.07243798,0.29827404,-0.041545313,68625889
-0.061785337,-1.1494204,-0.0777643,68626090
0.20133498,0.7584683,0.082025364,68626290
