-0.03834952,0.013848438,-0.16298546,65826515
-0.030892668,-0.16085494,-0.23009712,65826715
0.03834952,0.11504856,-0.18322548,65826915
0.023435818,-0.094808534,-0.098004326,65827115
-0.011717909,0.035153728,-0.11291803,65827315
0.02663161,0.14594123,-0.04580637,65827515
-0.033023197,0.068176925,-0.092678,65827715
0.0628506,0.12783173,-0.054328486,65827915
-0.0053263223,-0.07137272,-0.04580637,65828115
-0.32277513,0.3174488,0.024501082,66028772
-0.013848438,-0.14168017,-0.010652645,66028973,Turn_1+
0.034088463,-0.19707392,0.029827405,66029173,Turn_1+
0.05539375,-0.15020229,-0.05006743,66029372,Turn_1+
0.13422331,-0.08841695,-0.06072007,66029574,Turn_1+
0.017044231,-0.023435818,-0.07243798,66029773,Turn_1+
0.08415589,-0.15659387,0.034088463,66029973,Turn_1+
-0.11717909,-0.061785337,-0.033023197,66030173,Turn_1+
-0.02663161,0.17470337,-0.04580637,66030373,Turn_1+
0.0127831735,0.12144014,-0.054328486,66030573,Turn_1+
0.07350325,0.0127831735,-0.07563377,66030774,Turn_1+
0.051132694,-0.08948221,-0.18002969,66030973,Turn_1+
0.05326322,-0.08628642,-0.11824435,66031174,Turn_1+
-0.12357067,-0.0063915867,-0.10120012,66031374,Turn_1+
0.0127831735,0.42290998,-0.068176925,66031573,Turn_1+
0.11930962,-0.19600865,-0.1555286,66031773,Turn_1+
-0.099069595,-0.42717105,-0.31851408,66031973,Turn_1+
0.16831177,0.1736381,-0.16618125,66032173,Turn_1+
0.28016454,-0.5603291,-0.19387813,66032373,Turn_1+
-0.018109495,-0.34514567,-0.31318775,66032573,Turn_1+
0.0777643,0.010652645,-0.27164242,66032773,Turn_1+
0.066046394,-0.47936898,-0.30999196,66032973,Turn_1+
0.067111656,-0.058589544,-0.22370553,66033174,Turn_1+
0.33023196,0.066046394,-0.2247708,66033374,Turn_1+
0.22264026,0.185356,-0.30573088,66033574,Turn_1+
0.09161274,0.11504856,-0.15339808,66033774,Turn_1+
0.10546118,-0.61785334,-0.2876214,66033973,Turn_1+
-0.03834952,0.24074976,-0.19600865,66034174,Turn_1+
0.14913702,0.08522116,-0.15446334,66034373,Turn_1+
0.0,0.17150757,-0.24714135,66034573,Turn_1+
0.007456851,-0.017044231,-0.20879182,66034773,Turn_1+
-0.21092236,0.014913702,-0.1587244,66034973,Turn_1+
0.16298546,-0.21624868,-0.23222765,66035174,Turn_1+
-0.033023197,0.56139433,-0.16298546,66035373,Turn_1+
0.38136467,0.010652645,-0.03834952,66035573,Turn_1+
-0.07350325,-0.11717909,-0.24607609,66035774,Turn_1+
0.1587244,-0.5273059,-0.32490566,66035974,Turn_1+
0.022370553,0.40160468,-0.29507825,66036174,Turn_1+
-0.054328486,0.39627838,-0.13848437,66036374,Turn_1+
0.03834952,0.27057716,-0.24288028,66036574,Turn_1+
0.11291803,-0.0031957934,-0.19068234,66036774,Turn_1+
0.05326322,-0.080960095,-0.18642128,66036974,Turn_1+
0.06072007,-0.24927188,-0.11504856,66037174,Turn_1+
-0.052197956,-0.014913702,-0.13102752,66037374,Turn_1+
-0.05965481,-0.40799627,-0.23968449,66037574,Turn_1+
-0.0127831735,-0.04261058,-0.12144014,66037774,Turn_1+
0.15126754,-0.041545313,-0.18642128,66037974,Turn_1+
0.041545313,-0.041545313,-0.13422331,66038174,Turn_1+
-0.037284255,0.04261058,-0.11930962,66038374,Turn_1+
0.043675844,-0.14913702,-0.02663161,66038573,Turn_1+
0.052197956,-0.23009712,-0.10546118,66038774,Turn_1+
-0.07669904,0.16085494,-0.03621899,66038974,Turn_1+
0.21944447,-0.2908172,-0.19600865,66039174
-0.092678,-0.10333065,-0.02876214,66039374
-0.13848437,-0.06391586,0.020240024,66039573
0.0053263223,-0.054328486,-0.07882957,66039774
-0.080960095,0.15020229,-0.035153728,66039974
0.111852765,-0.068176925,0.010652645,66040174
0.03621899,-0.002130529,-0.002130529,66040374
0.07456851,-0.2972088,-0.040480047,66040573
0.0031957934,-0.12357067,-0.022370553,66040774
0.15446334,-0.044741105,-0.014913702,66040974
-0.098004326,0.38242993,-0.00958738,67036223
0.082025364,-0.10546118,-0.15126754,67036422
-0.094808534,0.1107875,-0.10652644,67036623
-0.049002163,0.24714135,-0.07243798,67036823
-0.041545313,0.00958738,-0.12250541,67037023
0.02130529,-0.034088463,-0.22050974,67037223
0.061785337,0.037284255,-0.20559603,67037423
0.11824435,-0.17257284,-0.23009712,67037623
-0.05752428,0.28655612,-0.1555286,67037823
0.15446334,0.30892667,-0.21731395,67038222
0.1107875,-0.03621899,-0.21411815,67038423,Turn_2+
0.24927188,-0.33662355,-0.2695119,67038623,Turn_2+
0.098004326,0.12250541,-0.27057716,67038823,Turn_2+
0.15020229,-0.185356,-0.24501082,67039023,Turn_2+
0.11291803,-0.1917476,-0.24714135,67039223,Turn_2+
0.10226539,-0.13635385,-0.29507825,67039423,Turn_2+
0.10120012,-0.040480047,-0.30040458,67039623,Turn_2+
0.07243798,-0.02876214,-0.24074976,67039823,Turn_2+
0.18109496,0.17044231,-0.24714135,67040023,Turn_2+
0.128897,-0.02663161,-0.2790993,67040223,Turn_2+
0.068176925,0.066046394,-0.2695119,67040422,Turn_2+
-0.092678,0.07563377,-0.24288028,67040623,Turn_2+
0.067111656,-0.015978966,-0.25885925,67040823,Turn_2+
0.014913702,0.18109496,-0.26844662,67041023,Turn_2+
0.03834952,-0.26844662,-0.28336033,67041223,Turn_2+
0.018109495,-0.17044231,-0.2790993,67041422,Turn_2+
0.033023197,0.03621899,-0.23968449,67041623,Turn_2+
0.061785337,-0.17789917,-0.20559603,67041823,Turn_2+
0.054328486,-0.20026971,-0.13741912,67042023,Turn_2+
0.0,0.24288028,-0.070307456,67042223,Turn_2+
-0.14807175,0.22370553,-0.08628642,67042422,Turn_2+
0.03621899,-0.27696875,-0.12783173,67042622
-0.03834952,0.14807175,-0.07669904,67042823
0.014913702,0.30146983,0.00958738,67043023
0.21624868,-0.3206446,0.007456851,67043223
-0.15339808,0.25566345,0.082025364,67043423
-0.082025364,0.11824435,-0.02876214,67043623
0.13741912,-0.0479369,-0.007456851,67043823
-0.015978966,-0.08415589,0.010652645,67044023
0.02663161,-0.128897,-0.013848438,67044223
0.0127831735,0.0479369,-0.039414786,67044423
-0.015978966,0.058589544,-0.041545313,67044623
-0.19813919,0.2364887,0.0127831735,67044823
-0.15126754,0.12463594,0.01917476,67045023
-0.1555286,0.16618125,0.039414786,67045223
-0.07882957,0.0063915867,-0.0010652645,67045423
-0.008522116,-0.056459013,0.05539375,67045623
-0.051132694,0.018109495,-0.061785337,67045823
-0.033023197,0.39095205,0.06391586,67046023
0.041545313,0.09374327,0.061785337,67046223
-0.14594123,0.128897,-0.12996227,67076424
0.096939065,0.082025364,-0.20559603,67076625,Turn_3+
0.061785337,-0.02130529,-0.21092236,67076824,Turn_3+
0.10546118,-0.022370553,-0.23329291,67077025,Turn_3+
0.05752428,0.17150757,-0.18429075,67077225,Turn_3+
0.070307456,-0.12463594,-0.20240024,67077424,Turn_3+
0.13954964,-0.1438107,-0.23222765,67077625,Turn_3+
0.13209279,-0.17150757,-0.26844662,67077825,Turn_3+
-0.011717909,0.12463594,-0.2514024,67078025,Turn_3+
0.083090626,-0.08628642,-0.31638354,67078225,Turn_3+
-0.004261058,0.15765914,-0.32703617,67078424,Turn_3+
0.11824435,0.033023197,-0.22583605,67078625,Turn_3+
-0.017044231,0.18216021,-0.22903186,67078824,Turn_3+
0.13422331,-0.25033715,-0.27483824,67079025,Turn_3+
0.18642128,-0.08948221,-0.33449304,67079225,Turn_3+
0.21624868,-0.27696875,-0.3536678,67079424,Turn_3+
0.17576863,0.02876214,-0.3472762,67079625,Turn_3+
0.15339808,0.40160468,-0.2876214,67079825,Turn_3+
0.35792884,-0.34940675,-0.4165184,67080025,Turn_3+
0.008522116,0.17257284,-0.28655612,67080225,Turn_3+
0.07456851,0.30146983,-0.29188246,67080424,Turn_3+
0.10226539,0.05965481,-0.24501082,67080625,Turn_3+
0.18002969,0.09374327,-0.21731395,67080824
0.05006743,-0.33981934,-0.26418558,67081025
-0.21624868,0.28549087,-0.054328486,67081225
0.11824435,0.24394555,-0.1736381,67081424
0.15020229,0.14807175,-0.13209279,67081625
0.27696875,-0.20133498,-0.111852765,67081825
0.06072007,-0.25033715,-0.12144014,67082025
0.0777643,-0.056459013,-0.05539375,67082225
-0.066046394,0.25246766,0.002130529,67082424
-0.28016454,0.022370553,-0.046871636,67082625
-0.18002969,-0.096939065,-0.06924219,67222431
-0.113983296,0.2514024,-0.023435818,67222631
-0.058589544,-0.30146983,0.017044231,67222831
-0.11291803,-0.34621096,0.022370553,67223031
-0.11504856,0.08415589,0.0,67223231
-0.054328486,-0.26205504,-0.018109495,67223431
-0.12037488,0.00958738,0.004261058,67223632
0.22903186,0.49854377,0.08735169,67223831
0.22796659,0.6135923,0.11717909,67224031
0.07563377,-0.033023197,-0.17257284,67250033
0.2727077,0.08948221,-0.20133498,67250232,Turn_4+
0.07350325,0.2727077,-0.128897,67250432,Turn_4+
0.07563377,0.04580637,-0.21092236,67250633,Turn_4+
-0.004261058,0.21092236,-0.18429075,67250833,Turn_4+
0.051132694,-0.083090626,-0.19281286,67251033,Turn_4+
0.12357067,-0.054328486,-0.2364887,67251233,Turn_4+
0.07882957,-0.07243798,-0.25033715,67251440,Turn_4+
0.15446334,-0.23542345,-0.31638354,67251633,Turn_4+
0.037284255,-0.19600865,-0.28016454,67251833,Turn_4+
-0.02663161,0.02876214,-0.32170987,67252033,Turn_4+
0.041545313,0.10226539,-0.28442562,67252233,Turn_4+
0.041545313,0.0127831735,-0.257794,67252432,Turn_4+
-0.008522116,0.19600865,-0.185356,67252633,Turn_4+
0.17470337,-0.16724652,-0.26418558,67252832,Turn_4+
-0.067111656,0.18748654,-0.21305288,67253033,Turn_4+
0.066046394,-0.10759171,-0.19920444,67253233,Turn_4+
-0.011717909,-0.14168017,-0.21305288,67253432,Turn_4+
-0.03195793,0.13954964,-0.27377295,67253633,Turn_4+
-0.080960095,0.07350325,-0.1555286,67253833,Turn_4+
0.16085494,-0.27057716,-0.26631612,67254033,Turn_4+
0.10013486,-0.17789917,-0.3536678,67254233,Turn_4+
-0.12357067,0.19068234,-0.23968449,67254432,Turn_4+
0.23755397,0.12996227,-0.2876214,67254633
0.13848437,0.037284255,-0.2876214,67254833
-0.080960095,0.30679616,-0.21944447,67255033
-0.0063915867,0.15233281,-0.31851408,67255233
-0.049002163,0.18429075,-0.2514024,67255432
0.0031957934,-0.082025364,-0.2066613,67255633
0.004261058,0.04261058,0.025566347,67273433
-0.007456851,0.027696876,-0.02876214,67273633
-0.037284255,-0.03834952,0.039414786,67273834
-0.024501082,-0.19600865,0.017044231,67274034
-0.08841695,0.25033715,-0.011717909,67274234
0.06498113,-0.22050974,0.0063915867,67274433
0.10759171,0.14061491,0.025566347,67274634
0.013848438,-0.23329291,-0.03195793,67274834
0.21731395,-0.03621899,0.035153728,67275034
-0.16937704,0.014913702,0.34194988,67323036
-0.18429075,0.067111656,0.25672874,67323236,Turn_5+
-0.21731395,-0.2759035,0.24181503,67323436,Turn_5+
0.004261058,-0.43569314,0.41225734,67323636,Turn_5+
0.25353295,1.1334413,0.4729774,67323836,Turn_5+
0.05965481,-0.25992453,0.26525083,67324036,Turn_5+
0.18109496,0.648746,0.32597092,67324236,Turn_5+
-0.14913702,-0.40480047,0.44101948,67324435,Turn_5+
-0.42290998,-0.42717105,0.30786142,67324636,Turn_5+
-0.29188246,0.8266452,0.370712,67324836,Turn_5+
-0.14913702,-0.56672066,0.39947417,67325036,Turn_5+
-0.08841695,-0.28122982,0.3387541,67325236,Turn_5+
-0.010652645,0.20026971,0.33768883,67325436,Turn_5+
-0.082025364,-0.6402239,0.20879182,67325636,Turn_5+
-0.36432043,0.5773733,0.23009712,67325836,Turn_5+
0.04580637,-0.6348976,0.2929477,67326036,Turn_5+
-0.27057716,0.5571333,0.41438785,67326236,Turn_5+
0.07563377,-0.5592638,0.17789917,67326436,Turn_5+
-0.070307456,-0.12250541,0.040480047,67326636,Turn_5+
0.07989483,0.008522116,0.25566345,67326836,Turn_5+
-0.04261058,0.70413977,0.10652644,67327036
-0.011717909,-0.11291803,0.21624868,67327236
0.067111656,0.109722234,0.092678,67327436
-0.18002969,-0.21198763,0.23116238,67327636
-0.56459016,0.06391586,0.20026971,67327836
-0.109722234,0.2929477,0.020240024,67389839
0.08522116,-0.19281286,0.023435818,67390039
0.18429075,-0.15126754,0.05539375,67390239
-0.13528858,-0.32810146,-0.010652645,67390438
-0.24607609,-0.34088463,-0.0127831735,67390638
-0.15446334,0.3952131,0.014913702,67390838
-0.011717909,0.08415589,0.08628642,67391038
0.10120012,0.02130529,-0.03195793,67391238
0.27377295,0.23435818,0.11291803,67391438
1.1824435,-1.30921,0.21305288,67425640
0.5997439,-0.6040049,0.28975192,67425840,Turn_6+
0.02130529,-0.32170987,0.14061491,67426040,Turn_6+
-0.1736381,-0.12144014,0.11611383,67426240,Turn_6+
-0.26525083,0.13848437,0.42290998,67426440,Turn_6+
-0.008522116,-0.030892668,0.32384038,67426640,Turn_6+
-0.098004326,0.070307456,0.370712,67426840,Turn_6+
0.25992453,0.7584683,0.46658581,67427040,Turn_6+
-0.11717909,0.14274544,0.34834146,67427240,Turn_6+
-0.09054748,-0.89375687,0.3536678,67427440,Turn_6+
-0.28016454,0.37816888,0.37816888,67427640,Turn_6+
0.14061491,1.0929613,0.4516721,67427840,Turn_6+
-0.058589544,-0.23435818,0.608266,67428040,Turn_6+
-0.26418558,-0.5581986,0.314253,67428240,Turn_6+
-0.2790993,0.004261058,0.2972088,67428440,Turn_6+
0.058589544,0.531567,0.34301513,67428640,Turn_6+
0.08522116,0.25885925,0.3930826,67428840,Turn_6+
0.083090626,-0.111852765,0.3153183,67429041,Turn_6+
0.018109495,0.515588,0.3771036,67429241,Turn_6+
-0.16937704,-0.48576057,0.23329291,67429440,Turn_6+
0.06072007,-0.15978967,0.2759035,67429641,Turn_6+
-0.44528052,-1.6192019,-0.03834952,67429841,Turn_6+
-0.12996227,0.3536678,0.14594123,67430040,Turn_6+
0.3121225,-1.5819176,0.03834952,67430240,Turn_6+
-0.42184472,-0.40373522,-0.046871636,67430440
-0.039414786,-0.829841,-0.03834952,67430641
-0.02663161,-0.25992453,0.01917476,67430841
-0.02876214,0.7542072,0.16405073,67431040
0.36645097,0.2908172,0.21944447,67431240
0.10226539,0.08948221,0.13102752,67431440
0.13635385,-0.30040458,0.0479369,67431641
0.2609898,0.3323625,0.054328486,67431840
0.05326322,-0.13741912,-0.018109495,67432040
-0.13209279,0.2514024,-0.0031957934,67432240
-0.18748654,-0.8564726,-0.013848438,67599247
-0.051132694,0.24927188,0.20026971,67599446
-0.10120012,-0.07563377,0.06072007,67599646
-0.37816888,0.007456851,0.17044231,67599847
0.1885518,-0.23329291,0.099069595,67600046
0.3153183,-1.1025487,-0.09374327,67600247
-0.27377295,0.14061491,-0.08628642,67600446
0.27377295,-0.15339808,0.0063915867,67600646,Turn_7+
-0.13635385,0.4314321,0.027696876,67600847,Turn_7+
0.040480047,-0.572047,-0.113983296,67601047,Turn_7+
0.12996227,0.45806372,-0.03621899,67601247,Turn_7+
0.025566347,-0.039414786,-0.02130529,67601446,Turn_7+
-0.24074976,0.45060685,0.051132694,67601647,Turn_7+
0.15978967,0.04580637,-0.00958738,67601847,Turn_7+
0.15978967,-1.1824435,-0.09161274,67602047,Turn_7+
0.13315806,0.9289106,-0.15233281,67602246,Turn_7+
0.0010652645,-0.3355583,-0.18322548,67602446,Turn_7+
0.03834952,0.6380934,-0.14594123,67602647,Turn_7+
0.15659387,0.71479243,-0.049002163,67602847,Turn_7+
0.15765914,0.19281286,-0.1257012,67603047,Turn_7+
-0.0031957934,0.12463594,-0.10759171,67603247,Turn_7+
0.0053263223,0.10226539,-0.08735169,67603446,Turn_7+
-0.0958738,-0.18216021,-0.22903186,67603647,Turn_7+
-0.058589544,0.08628642,-0.2034655,67603847,Turn_7+
-0.043675844,0.12996227,-0.18216021,67604047,Turn_7+
0.113983296,-0.03195793,-0.2364887,67604247,Turn_7+
-0.05006743,0.24927188,-0.21731395,67604446,Turn_7+
0.07563377,-0.092678,-0.23222765,67604647,Turn_7+
-0.008522116,-0.07669904,-0.257794,67604847,Turn_7+
0.03834952,-0.051132694,-0.26418558,67605047,Turn_7+
0.0063915867,-0.1949434,0.05006743,67738252
-0.004261058,-0.06498113,0.054328486,67738451
-0.041545313,-0.58696073,0.013848438,67738651
-0.1257012,-0.02130529,0.046871636,67738852
-0.056459013,0.008522116,0.037284255,67739052
0.03834952,-0.10546118,0.0479369,67739252
0.043675844,-0.3749731,0.00958738,67739452
0.044741105,-0.6551376,-0.082025364,67739652
-0.046871636,0.067111656,0.06072007,67739852
0.37923414,-0.11930962,-0.12783173,67827987
-0.0053263223,-0.19068234,-0.20240024,67828188,Turn_8+
-0.00958738,0.62744075,-0.12144014,67828387,Turn_8+
-0.011717909,-0.43569314,-0.16937704,67828587,Turn_8+
-0.013848438,-0.24820662,-0.21518342,67828787,Turn_8+
0.05965481,0.39627838,-0.24820662,67828987,Turn_8+
-0.12357067,-0.049002163,-0.24714135,67829187,Turn_8+
-0.002130529,-0.15339808,-0.18002969,67829389,Turn_8+
0.080960095,-0.1917476,-0.15978967,67829587,Turn_8+
0.15659387,-0.28549087,-0.27057716,67829788,Turn_8+
0.02663161,-0.08415589,-0.31318775,67829988,Turn_8+
0.11717909,0.37603834,-0.2364887,67830188,Turn_8+
0.07243798,-0.3206446,-0.33981934,67830387,Turn_8+
0.0958738,-0.011717909,-0.35473305,67830587,Turn_8+
-0.09054748,0.01917476,-0.33981934,67830787,Turn_8+
0.19600865,-0.054328486,-0.2727077,67830988,Turn_8+
0.18429075,-0.13315806,-0.3110572,67831188,Turn_8+
-0.002130529,0.5123922,-0.22370553,67831389,Turn_8+
0.029827405,0.43249735,-0.21731395,67831587,Turn_8+
0.18961707,-0.044741105,-0.23861924,67831787,Turn_8+
0.10546118,0.2961435,-0.25885925,67831988,Turn_8+
0.1587244,0.1555286,-0.27696875,67832188,Turn_8+
-0.018109495,0.23329291,-0.24820662,67832388,Turn_8+
0.12783173,-0.0010652645,-0.30786142,67832588,Turn_8+
0.007456851,0.21411815,-0.27696875,67832788,Turn_8+
0.12144014,-0.10865697,-0.3568636,67832988,Turn_8+
0.16192019,-0.24074976,-0.36751622,67833187,Turn_8+
0.03195793,0.23968449,-0.30786142,67833388,Turn_8+
0.013848438,-0.05326322,-0.30786142,67833588,Turn_8+
0.046871636,-0.082025364,-0.35792884,67833788,Turn_8+
0.037284255,0.20559603,-0.30679616,67833988,Turn_8+
-0.011717909,0.12996227,-0.26418558,67834188,Turn_8+
0.011717909,0.15659387,-0.27696875,67834388,Turn_8+
-0.05539375,0.0958738,-0.22690132,67834588,Turn_8+
-0.041545313,-0.22690132,-0.28655612,67834787,Turn_8+
0.049002163,-0.21837921,-0.26418558,67834988,Turn_8+
0.061785337,-0.08415589,-0.25033715,67835188,Turn_8+
-0.0628506,-0.19600865,-0.22050974,67835387,Turn_8+
0.0127831735,0.13315806,-0.17896442,67835588,Turn_8+
-0.06391586,0.21624868,-0.1768339,67835788,Turn_8+
0.051132694,0.2908172,-0.12783173,67835988,Turn_8+
0.054328486,-0.066046394,-0.1555286,67836188,Turn_8+
-0.070307456,-0.07456851,-0.11824435,67836388,Turn_8+
0.19068234,-0.44528052,-0.21944447,67836588,Turn_8+
0.07669904,0.23222765,-0.17044231,67836788,Turn_8+
0.26205504,-1.0588728,-0.28868666,67836988,Turn_8+
0.12463594,0.3472762,-0.20240024,67837188,Turn_8+
0.22583605,0.19600865,-0.1470065,67837389,Turn_8+
0.1949434,0.3206446,-0.12676647,67837587,Turn_8+
-0.06072007,0.070307456,-0.051132694,67837788,Turn_8+
-0.07989483,0.16405073,-0.0031957934,67837988,Turn_8+
0.05752428,-0.17470337,0.07669904,67838188,Turn_8+
0.30999196,-1.0748519,-0.2609898,67838388,Turn_8+
-0.07350325,0.42610577,-0.054328486,67838588,Turn_8+
-0.010652645,0.72651035,0.07882957,67838788,Turn_8+
0.018109495,-0.05006743,-0.033023197,67838988,Turn_8+
-0.4548679,0.8149273,-0.14061491,67839188,Turn_8+
-0.14913702,-0.1470065,0.12783173,67839388
0.13954964,-0.3898868,0.10546118,67839588
0.070307456,-0.5209143,0.044741105,67839788
-0.10652644,-0.3749731,0.05965481,67839988
-0.00958738,0.1917476,0.049002163,67840188
-0.020240024,-0.40799627,0.12676647,67840388
-0.051132694,-0.33023196,0.06072007,67840588
0.051132694,-0.50813115,0.099069595,67840788
-0.043675844,0.18002969,0.10439591,67840988
-0.07882957,0.7094661,0.02663161,67841188
0.19281286,0.721184,0.08841695,67841388
-0.034088463,-0.31957933,-0.058589544,67841588
-0.011717909,0.664725,0.14807175,67841789
0.041545313,0.5571333,0.20879182,67841988
-0.066046394,-1.0279802,0.080960095,67842188
-0.07350325,-0.18961707,0.0010652645,67842388
-0.20133498,0.9438243,0.066046394,67842588
0.20026971,-0.5677859,0.061785337,67842788
-0.027696876,-0.54328483,0.066046394,67842987
0.067111656,-0.60293967,0.26418558,67873389
0.0479369,-0.40160468,0.10546118,67873589,Turn_9+
-0.14168017,-0.2993393,0.13209279,67873789,Turn_9+
0.041545313,-0.07882957,0.3472762,67873989,Turn_9+
0.16085494,0.024501082,0.1885518,67874189,Turn_9+
0.066046394,0.0628506,0.15126754,67874388,Turn_9+
-0.13741912,-0.56885123,0.10652644,67874588,Turn_9+
-0.07137272,0.370712,0.221575,67874789,Turn_9+
-0.17789917,0.33129725,0.15020229,67874989,Turn_9+
-0.05752428,-0.06072007,0.37923414,67875189,Turn_9+
-0.14594123,0.22264026,0.30999196,67875389,Turn_9+
-0.033023197,-0.10013486,0.29827404,67875589,Turn_9+
-0.046871636,-0.037284255,0.20453078,67875789,Turn_9+
-0.020240024,-1.1707256,0.0628506,67875989,Turn_9+
-0.068176925,-0.13635385,0.1949434,67876189,Turn_9+
-0.10013486,-0.096939065,0.11930962,67876388,Turn_9+
0.092678,-0.054328486,0.28868666,67876589,Turn_9+
-0.082025364,0.8319715,0.23542345,67876789,Turn_9+
0.08841695,-0.16192019,0.17044231,67876989,Turn_9+
0.1470065,-0.002130529,0.22690132,67877189,Turn_9+
0.03195793,-0.21198763,0.09374327,67877388,Turn_9+
0.0127831735,0.11291803,0.12144014,67877589,Turn_9+
0.12996227,-0.47510794,0.10546118,67877789,Turn_9+
0.054328486,0.10546118,0.099069595,67877989,Turn_9+
0.017044231,0.1768339,0.041545313,67878189,Turn_9+
-0.030892668,-0.2876214,0.0053263223,67878389,Turn_9+
-0.058589544,-0.061785337,-0.037284255,67878589,Turn_9+
-0.680704,0.4516721,-0.11504856,67878789,Turn_9+
-0.10439591,0.20985709,0.17896442,67878989
-0.066046394,-0.12144014,0.0479369,67879189
-0.017044231,-0.008522116,0.03621899,67879389
0.48149952,-0.20559603,0.07456851,67879589
0.10333065,-1.406149,-0.14061491,68180074
0.16298546,-1.9132149,-0.185356,68180274
0.49534798,-1.0375676,0.015978966,68180473
0.12037488,-0.30679616,-0.13954964,68180674
0.07350325,-0.21944447,0.037284255,68180874
0.28336033,-0.37816888,0.08841695,68181074
0.30679616,-0.8586031,0.10120012,68181274
0.0,0.4516721,0.03195793,68181473
0.10333065,0.7137272,-0.00958738,68181674
0.48682585,-0.88843054,-0.17789917,68188874
-0.09374327,0.10759171,-0.32170987,68189074,Turn_10+
-0.035153728,-0.03834952,-0.14168017,68189274,Turn_10+
-0.07882957,0.6508766,-0.13102752,68189474,Turn_10+
0.010652645,0.46871635,-0.34408042,68189674,Turn_10+
-0.092678,0.16405073,-0.24394555,68189874,Turn_10+
0.22264026,0.34088463,-0.2790993,68190074,Turn_10+
0.16405073,0.7126619,-0.221575,68190274,Turn_10+
0.15339808,0.23542345,-0.24074976,68190474,Turn_10+
-0.06072007,-0.0628506,-0.2929477,68190674,Turn_10+
-0.13209279,0.624245,-0.3153183,68190875,Turn_10+
-0.4708469,-0.43036684,-0.30679616,68191075,Turn_10+
0.010652645,-0.1885518,-0.27164242,68191274,Turn_10+
0.054328486,-0.48256478,-0.23116238,68191473,Turn_10+
0.06924219,0.010652645,-0.15659387,68191674,Turn_10+
-0.06072007,-0.45593318,-0.21198763,68191875,Turn_10+
-0.128897,1.0034791,-0.22690132,68192075,Turn_10+
0.05006743,0.46339002,-0.19600865,68192275,Turn_10+
0.3920173,-0.7318367,-0.18109496,68192473,Turn_10+
0.080960095,0.0010652645,-0.20559603,68192675,Turn_10+
-0.294013,1.530785,-0.082025364,68192875,Turn_10+
0.10865697,0.2790993,-0.066046394,68193074,Turn_10+
0.11824435,-0.39734364,0.024501082,68193274,Turn_10+
-0.17896442,0.10013486,-0.1885518,68193473,Turn_10+
-0.21731395,0.033023197,-0.098004326,68193674,Turn_10+
-0.12463594,0.1917476,0.023435818,68193874,Turn_10+
0.051132694,-0.02876214,0.0479369,68194074,Turn_10+
0.051132694,-0.22903186,0.008522116,68194274,Turn_10+
-0.3952131,0.6327671,0.020240024,68194473,Turn_10+
-0.05326322,0.20453078,-0.008522116,68194674
0.24820662,-0.4612595,-0.054328486,68194874
0.066046394,-0.1438107,-0.06924219,68195074
0.18216021,-0.14274544,-0.039414786,68195274
0.28868666,0.71479243,-0.002130529,68195474
-0.18216021,0.8202536,-0.008522116,68195675
0.16724652,-0.0628506,0.018109495,68195875
-0.13422331,-0.11717909,0.008522116,68196075
-0.094808534,-0.0958738,0.020240024,68196275
-0.10333065,-0.25566345,-0.02876214,68196474
0.14807175,-0.44208473,0.061785337,68265277
0.07137272,0.34621096,-0.05326322,68265476
0.08522116,0.51665324,0.06072007,68265677
-0.030892668,0.64555025,0.017044231,68265877
-0.052197956,-0.70627034,-0.008522116,68266076
-0.017044231,0.1555286,0.0127831735,68266277
-0.21731395,-0.81918836,-0.07350325,68266477
0.12037488,-0.043675844,-0.0010652645,68266676
0.11611383,0.24501082,0.07563377,68266877
0.0628506,-0.21198763,0.19281286,68332279
-0.6146576,-0.57311225,0.05006743,68332478,Turn_11+
-0.027696876,-0.92038846,0.041545313,68332679,Turn_11+
0.10865697,-0.42184472,0.05539375,68332879,Turn_11+
-0.10333065,0.27696875,0.08948221,68333079,Turn_11+
-0.35792884,0.664725,0.03834952,68333279,Turn_11+
-0.01917476,0.033023197,0.080960095,68333478,Turn_11+
-0.05965481,-1.293231,0.111852765,68333679,Turn_11+
-0.31957933,0.004261058,-0.07563377,68333879,Turn_11+
-0.75101143,-1.297492,-0.011717909,68334079,Turn_11+
-0.21944447,0.049002163,0.09161274,68334279,Turn_11+
-0.1555286,-0.06924219,-0.02876214,68334478,Turn_11+
-0.35473305,0.93849796,-0.013848438,68334679,Turn_11+
-0.07882957,-0.5997439,-0.12250541,68334879,Turn_11+
0.03621899,-0.8149273,0.046871636,68335078,Turn_11+
-0.18216021,0.55074173,-0.044741105,68335279,Turn_11+
-0.15020229,0.13954964,0.0,68335478,Turn_11+
0.04580637,0.45806372,-0.083090626,68335679,Turn_11+
0.1736381,-0.054328486,-0.056459013,68335879,Turn_11+
0.029827405,0.35260254,0.015978966,68336079,Turn_11+
0.20879182,-0.54328483,-0.080960095,68336280,Turn_11+
-0.044741105,-0.76272935,-0.2247708,68336478,Turn_11+
-0.185356,0.10333065,-0.21092236,68336679,Turn_11+
0.027696876,-0.044741105,-0.21944447,68336879,Turn_11+
0.094808534,0.185356,-0.16831177,68337079,Turn_11+
0.096939065,0.21198763,-0.19387813,68337279,Turn_11+
0.18429075,0.06924219,-0.025566347,68337479,Turn_11+
0.14594123,0.36964676,-0.08841695,68337679,Turn_11+
0.12996227,-0.26525083,-0.33768883,68337879,Turn_11+
0.09374327,0.18642128,-0.22690132,68338079,Turn_11+
0.070307456,-0.314253,-0.27483824,68338279,Turn_11+
0.06391586,0.23968449,-0.23755397,68338478,Turn_11+
0.011717909,-0.05539375,-0.21624868,68338680,Turn_11+
0.04580637,1.4817828,-0.49321744,68338880,Turn_11+
0.10120012,0.91612744,-0.20559603,68339080,Turn_11+
0.35153726,0.38775626,-0.17576863,68339279,Turn_11+
-0.0031957934,0.109722234,-0.27696875,68339478,Turn_11+
0.035153728,-0.054328486,-0.30786142,68339680,Turn_11+
0.040480047,-0.05965481,-0.3568636,68339880,Turn_11+
-0.010652645,-0.40586576,-0.23222765,68340080,Turn_11+
-0.020240024,0.12037488,-0.2972088,68340279,Turn_11+
0.13848437,0.29188246,-0.28016454,68340478,Turn_11+
0.12357067,-0.014913702,-0.26631612,68340679,Turn_11+
0.037284255,-0.05965481,-0.24607609,68340879,Turn_11+
-0.5763081,0.6977482,-0.26631612,68341078,Turn_11+
0.1257012,0.32277513,-0.2993393,68341279,Turn_11+
0.18322548,0.14807175,-0.128897,68341479,Turn_11+
0.0053263223,0.051132694,-0.35579833,68341680,Turn_11+
0.080960095,0.588026,-0.3355583,68341880,Turn_11+
-0.0063915867,0.10120012,-0.23435818,68342080,Turn_11+
0.28336033,1.8216022,-0.17576863,68342280,Turn_11+
0.23222765,0.8852348,-0.20453078,68342479,Turn_11+
0.12996227,0.25566345,-0.28122982,68342680,Turn_11+
0.1470065,0.027696876,-0.3174488,68342880,Turn_11+
0.024501082,-0.14594123,-0.26205504,68343080,Turn_11+
-0.067111656,0.111852765,-0.3717773,68343279,Turn_11+
0.05752428,0.12357067,-0.2908172,68343479,Turn_11+
0.046871636,0.34194988,-0.32490566,68343680,Turn_11+
0.11824435,-0.37603834,-0.25885925,68343880,Turn_11+
0.05752428,0.022370553,-0.386691,68344080,Turn_11+
0.037284255,0.0628506,-0.17576863,68344280,Turn_11+
0.0,-0.24394555,-0.1885518,68344479,Turn_11+
0.03195793,-0.21092236,-0.185356,68344680,Turn_11+
-0.061785337,-0.2066613,-0.20240024,68344880,Turn_11+
-0.056459013,0.80533993,-0.13848437,68345080,Turn_11+
-0.05752428,-0.109722234,0.00958738,68345279,Turn_11+
-0.10226539,0.52837116,-0.15339808,68345479,Turn_11+
-0.28229508,0.43249735,0.06924219,68345680,Turn_11+
-0.19387813,0.3206446,0.0063915867,68345880,Turn_11+
-0.07350325,0.17150757,0.037284255,68346080,Turn_11+
-0.12144014,0.33023196,0.06072007,68346279,Turn_11+
0.043675844,-0.21305288,0.058589544,68346479,Turn_11+
-0.26525083,-0.98430437,0.03834952,68346679,Turn_11+
-0.017044231,-0.19707392,0.18216021,68347680,Turn_11+
-0.040480047,-0.20985709,0.034088463,68347880,Turn_11+
0.2609898,-0.94808537,0.1438107,68348080
0.015978966,-0.08522116,0.1555286,68348280
0.10013486,0.080960095,0.14168017,68348479
-0.099069595,-0.023435818,0.12676647,68348680
-0.00958738,-0.21305288,0.07989483,68348880
0.004261058,0.015978966,0.11717909,68349080
0.015978966,-0.08735169,0.07989483,68349280
-0.033023197,-0.066046394,0.08735169,68349479
0.034088463,0.03195793,0.037284255,68349680
1.099353,-1.0205233,0.07563377,68349879
0.16085494,0.39627838,0.13102752,68519486
0.05539375,0.017044231,0.094808534,68519686
0.185356,-0.21411815,0.043675844,68519886
0.19281286,0.05965481,-0.01917476,68520086
0.05965481,0.099069595,-0.099069595,68520286
-0.018109495,-0.05326322,0.098004326,68520485
0.02130529,-0.22583605,0.011717909,68520686
-0.06924219,0.5123922,-0.052197956,68520886
0.022370553,0.18429075,0.04261058,68521086
0.08841695,0.23009712,0.14913702,68552487
-0.18322548,-0.10226539,0.17576863,68552687,Turn_12+
0.128897,0.0479369,0.11611383,68552887,Turn_12+
0.0031957934,-0.56245965,0.11824435,68553087,Turn_12+
-0.13741912,-0.15659387,0.2514024,68553287,Turn_12+
-0.067111656,-0.18109496,0.22583605,68553487,Turn_12+
-0.10013486,-0.035153728,0.19813919,68553687,Turn_12+
0.020240024,0.7137272,0.25672874,68553887,Turn_12+
-0.039414786,-0.44315,0.18961707,68554086,Turn_12+
-0.20240024,-0.24501082,0.23435818,68554287,Turn_12+
-0.12463594,-0.1107875,0.27377295,68554487,Turn_12+
-0.039414786,-0.037284255,0.28549087,68554687,Turn_12+
-0.05326322,-0.7456851,0.2247708,68554887,Turn_12+
-0.23755397,-0.72864085,0.10439591,68555086,Turn_12+
-0.25033715,-0.42290998,0.18322548,68555287,Turn_12+
-0.1257012,0.34088463,0.25246766,68555486,Turn_12+
-0.014913702,0.14487596,0.24501082,68555687,Turn_12+
0.01917476,-0.10546118,0.28655612,68555887,Turn_12+
0.15765914,0.070307456,0.32277513,68556087,Turn_12+
0.10652644,-0.7669904,0.20879182,68556287,Turn_12+
-0.16511598,-1.0002834,-0.02130529,68556486,Turn_12+
-0.21092236,0.1917476,0.22583605,68556687,Turn_12+
-0.025566347,-0.36432043,0.20453078,68556887,Turn_12+
-0.15126754,-0.10226539,0.27377295,68557087,Turn_12+
-0.068176925,0.6199839,0.3984089,68557287,Turn_12+
0.03621899,-0.5422196,0.12250541,68557487,Turn_12+
-0.2727077,-0.34621096,0.14168017,68557687,Turn_12+
-0.05752428,-0.01917476,0.16724652,68557887,Turn_12+
-0.43675843,0.96939063,0.06924219,68558086
-0.12037488,-0.21411815,0.082025364,68558287
-0.0010652645,-0.013848438,0.06498113,68558487
-0.10333065,0.27164242,0.10439591,68558687
0.10226539,-0.33449304,0.09054748,68558887
0.20879182,-0.22050974,0.15339808,68559087
0.14594123,-0.02130529,0.16298546,68559287
-0.21624868,-0.010652645,0.010652645,68559487
0.06498113,0.22050974,0.08735169,68559687
0.23116238,-0.70413977,0.09054748,68559887
0.17896442,0.29827404,0.1587244,68560087
0.16085494,-0.018109495,0.083090626,68560287
0.08415589,0.13102752,0.051132694,68560486
0.44101948,0.6593987,0.094808534,68560687
0.07669904,-1.0471549,0.01917476,68560887
0.30360037,0.40799627,-0.03621899,68561087
-0.056459013,0.002130529,0.022370553,68561287
-0.16405073,0.26844662,0.04261058,68561487
-0.21944447,0.34834146,0.013848438,68561687
-0.45380265,0.35899413,0.19281286,68590487
0.11504856,-0.23329291,0.22796659,68590688,Turn_13+
-0.12996227,0.14594123,0.24181503,68590888,Turn_13+
-0.16618125,0.098004326,0.2066613,68591088,Turn_13+
0.0,0.0777643,0.2034655,68591288,Turn_13+
-0.029827405,-0.221575,0.18961707,68591488,Turn_13+
-0.07456851,0.08415589,0.17896442,68591688,Turn_13+
-0.00958738,-0.16192019,0.20559603,68591888,Turn_13+
0.0,-0.13315806,0.24820662,68592088,Turn_13+
-0.0479369,0.03834952,0.23116238,68592288,Turn_13+
-0.0063915867,-0.23755397,0.20772657,68592487,Turn_13+
0.002130529,0.002130529,0.18109496,68592688,Turn_13+
0.017044231,-0.07882957,0.1555286,68592888,Turn_13+
-0.12250541,-0.030892668,0.16405073,68593088,Turn_13+
-0.067111656,-0.08948221,0.10226539,68593288,Turn_13+
0.025566347,-0.037284255,0.1470065,68593487,Turn_13+
0.36325517,-0.1949434,0.13315806,68593688
-0.056459013,-0.022370553,0.098004326,68593888
-0.051132694,0.034088463,0.080960095,68594088
-0.3739078,0.17470337,0.052197956,68594288
0.1736381,0.43675843,0.018109495,68626488
-0.049002163,-0.36645097,-0.17257284,68626690
-0.25353295,-0.44421527,-0.21837921,68626890
-0.25246766,0.49534798,-0.18322548,68627090
0.03834952,-0.2908172,-0.096939065,68627290
-0.16724652,0.40480047,-0.15765914,68627489
-0.008522116,-0.19920444,-0.23222765,68627689
-0.00958738,0.6402239,-0.013848438,68627890
-0.018109495,-0.30999196,-0.12357067,68628090
-0.11824435,-0.56885123,0.22050974,68669691
-0.04580637,-0.2993393,0.13209279,68669891,Turn_14+
0.16511598,-0.13209279,0.10865697,68670091,Turn_14+
-0.002130529,-0.4133226,0.3153183,68670291,Turn_14+
-0.18748654,-1.2516857,0.10865697,68670490,Turn_14+
0.046871636,-0.34514567,0.3025351,68670691,Turn_14+
-0.13209279,0.12463594,0.31638354,68670891,Turn_14+
-0.008522116,-1.1217234,0.31638354,68671091,Turn_14+
-0.09374327,0.029827405,0.46552056,68671291,Turn_14+
-0.12250541,-0.3568636,0.41225734,68671491,Turn_14+
0.0,-0.29507825,0.43995422,68671691,Turn_14+
-0.096939065,0.23329291,0.46658581,68671891,Turn_14+
-0.30786142,0.18961707,0.43888894,68672091,Turn_14+
-0.2908172,0.0777643,0.33023196,68672291,Turn_14+
-0.20240024,-0.32703617,0.27696875,68672490,Turn_14+
-0.14168017,0.16298546,0.2727077,68672691,Turn_14+
-0.1555286,0.3472762,0.37816888,68672891,Turn_14+
-0.21092236,-0.12037488,0.31318775,68673091,Turn_14+
-0.28655612,-0.2247708,0.0958738,68673291,Turn_14+
-0.010652645,0.07243798,0.27057716,68673490,Turn_14+
0.8745821,-0.90867054,0.2876214,68673690,Turn_14+
0.35579833,-0.46019423,0.15765914,68673890
-0.10546118,-0.25885925,0.25885925,68674091
0.44528052,-0.051132694,0.2695119,68674291
-0.2961435,-0.3952131,0.05539375,68674491
-0.18748654,0.6135923,0.25246766,68674691
-0.040480047,-0.113983296,0.11611383,68674891
-0.21624868,-0.17576863,0.030892668,68675090
-0.025566347,-0.00958738,0.0958738,68675291
0.18216021,-0.79255676,-0.0958738,68675491
0.083090626,0.5581986,0.08735169,68675691
-0.34621096,-0.42290998,-0.2066613,68675891
0.1257012,0.12783173,-0.025566347,68676091
-0.12037488,-0.8852348,-0.17044231,68676291
0.1107875,-0.26418558,-0.0010652645,68676490
-0.25033715,0.21624868,-0.0628506,68676691
0.07669904,1.200553,0.07882957,68676891
-0.2929477,-0.039414786,0.0127831735,68677091
-0.07989483,-0.034088463,0.040480047,68677291
-0.3568636,0.2609898,-0.2364887,68677490
-0.3472762,-0.88203895,-0.40586576,68703291
0.05752428,-0.7094661,-0.28442562,68703491,Turn_15+
0.16831177,-0.70627034,-0.109722234,68703692,Turn_15+
-0.058589544,0.16724652,-0.23542345,68703892,Turn_15+
-0.03621899,0.21837921,-0.26525083,68704092,Turn_15+
0.02130529,0.17044231,-0.26312032,68704291,Turn_15+
-0.013848438,-0.42290998,-0.27377295,68704492,Turn_15+
0.052197956,0.35899413,-0.34088463,68704692,Turn_15+
-0.049002163,0.128897,-0.27057716,68704892,Turn_15+
0.257794,-0.1949434,-0.1949434,68705092,Turn_15+
0.1736381,0.23009712,-0.3025351,68705292,Turn_15+
0.26205504,-0.09054748,-0.45699844,68705491,Turn_15+
0.22050974,0.18961707,-0.28122982,68705692,Turn_15+
-0.02130529,-0.007456851,-0.26844662,68705891,Turn_15+
-0.067111656,0.18961707,-0.24820662,68706092,Turn_15+
0.5209143,0.13209279,-0.27164242,68706292,Turn_15+
-0.13848437,0.386691,-0.25246766,68706491,Turn_15+
0.14487596,-0.41119206,-0.28549087,68706692,Turn_15+
-0.17257284,-0.53689325,-0.40906155,68706892,Turn_15+
-0.092678,0.26631612,-0.24074976,68707092,Turn_15+
0.10120012,0.018109495,-0.15446334,68707292,Turn_15+
0.20453078,-0.3834952,-0.11611383,68707491,Turn_15+
0.004261058,0.21731395,-0.018109495,68707691,Turn_15+
0.12357067,0.015978966,-0.052197956,68707891,Turn_15+
-0.05006743,-0.19387813,-0.2876214,68708091,Turn_15+
0.099069595,1.1323761,0.020240024,68708292
0.05752428,0.21518342,0.052197956,68708491
0.05752428,-0.4910869,-0.022370553,68708692
-0.011717909,0.64555025,0.098004326,68708892
0.3653857,-0.011717909,0.15233281,68709092
0.054328486,-0.23755397,-0.0127831735,68709292
0.008522116,-0.23968449,-0.12676647,68709492
-0.035153728,-0.24607609,-0.07989483,68709692
0.022370553,-0.5006743,0.011717909,68709891
-0.23968449,-0.77125144,-0.29507825,68710092
-0.185356,0.07669904,0.12037488,68710292
-0.3153183,0.74035877,0.034088463,68710491
0.5123922,0.94488955,0.1885518,68710692
0.094808534,-0.24927188,0.034088463,68710892
-0.10865697,-0.068176925,0.092678,68711091
0.22903186,0.3930826,0.09161274,68711292
0.041545313,0.44101948,0.26525083,68711491
-0.12676647,-0.62531024,0.14594123,68711692
-0.098004326,-0.099069595,0.10546118,68711892
-0.82557994,0.51026165,0.06391586,68712291
-0.08628642,-0.15020229,-0.0031957934,68712492,Turn_16+
-0.024501082,-0.3387541,-0.061785337,68712692,Turn_16+
-0.17257284,-1.2921658,-0.3536678,68712892,Turn_16+
0.044741105,0.45806372,0.3717773,68713092,Turn_16+
-0.05965481,0.12463594,0.046871636,68713292,Turn_16+
-0.17576863,-0.5656554,0.22690132,68713492,Turn_16+
0.00958738,-0.8202536,0.314253,68713691,Turn_16+
-0.2695119,-0.37923414,0.5336975,68713892,Turn_16+
-0.066046394,-0.33023196,0.22370553,68714092,Turn_16+
-0.06072007,0.030892668,0.24288028,68714292,Turn_16+
-0.1555286,0.03621899,0.53689325,68714492,Turn_16+
-0.25885925,-0.43356264,0.5028048,68714692,Turn_16+
0.01917476,0.53689325,0.5123922,68714892,Turn_16+
-0.06498113,0.30573088,0.38775626,68715092,Turn_16+
-0.25246766,-0.4282363,0.28336033,68715292,Turn_16+
-0.14061491,0.36325517,0.50173956,68715492,Turn_16+
-0.041545313,-0.011717909,0.35579833,68715692,Turn_16+
-0.6530071,-2.8091023,-0.23222765,68715892,Turn_16+
-0.6711166,-0.68816084,0.2695119,68716093,Turn_16+
0.14274544,-0.082025364,0.1885518,68716292,Turn_16+
-0.11504856,0.08948221,0.3749731,68716492,Turn_16+
0.030892668,0.3323625,0.33023196,68716692,Turn_16+
0.76485986,0.2993393,0.35792884,68716892,Turn_16+
0.46552056,-0.044741105,0.20879182,68717091
0.3355583,-0.023435818,0.15765914,68717292
-0.40586576,0.12250541,0.008522116,68717492
-0.1438107,-0.5763081,-0.067111656,68717692
0.043675844,0.21092236,0.07456851,68717892
0.22264026,0.10013486,0.07989483,68718092
-0.03195793,0.008522116,-0.07669904,68718292
-0.14487596,0.08522116,0.010652645,68718492
-0.15978967,0.07243798,-0.111852765,68718692
-0.21837921,-0.09161274,-0.08415589,68718892
-0.18002969,-0.092678,-0.0628506,68719092
0.19600865,0.5006743,0.13102752,68719292
0.24927188,0.30999196,0.11611383,68719492
0.10333065,-0.53689325,-0.16511598,68719692
0.10333065,-0.5123922,-0.23116238,68719892
-0.13528858,0.37923414,-0.14061491,68720092
0.10013486,-1.0258497,-0.31851408,68720292
-0.31638354,-0.94488955,-0.4527374,68720492
-0.013848438,-0.09374327,-0.27164242,68720692
0.34301513,-0.1736381,-0.16298546,68734693
-0.05965481,-0.32490566,-0.25992453,68734893,Turn_17+
0.20453078,0.17896442,-0.221575,68735093,Turn_17+
0.010652645,0.011717909,-0.20559603,68735293,Turn_17+
0.051132694,0.49002165,-0.06498113,68735493,Turn_17+
0.43675843,0.046871636,-0.3387541,68735693,Turn_17+
0.018109495,0.082025364,-0.2695119,68735893,Turn_17+
0.051132694,0.45806372,-0.33023196,68736093,Turn_17+
0.27696875,0.1949434,-0.07137272,68736293,Turn_17+
0.3174488,-0.42077947,-0.34194988,68736493,Turn_17+
-0.45699844,-0.07563377,-0.42717105,68736693,Turn_17+
-0.046871636,0.20879182,-0.17576863,68736893,Turn_17+
0.10013486,0.013848438,-0.35899413,68737093,Turn_17+
0.109722234,-0.098004326,-0.20772657,68737293,Turn_17+
0.1949434,0.3121225,-0.10865697,68737492,Turn_17+
0.39627838,-0.128897,-0.27057716,68737693,Turn_17+
-0.12144014,0.45806372,-0.17789917,68737893,Turn_17+
0.1107875,0.008522116,-0.27164242,68738093,Turn_17+
-0.20026971,0.40480047,-0.3174488,68738293,Turn_17+
0.23222765,-0.61146176,-0.26525083,68738493
0.30466563,-0.28549087,-0.30040458,68738693
0.16618125,-0.63915867,-0.2908172,68738893
0.07989483,-0.1107875,-0.18216021,68739093
0.08948221,0.2514024,-0.15446334,68739293
0.025566347,-0.5400891,-0.23116238,68739493
-0.027696876,-0.113983296,-0.14061491,68739693
0.15126754,0.48895636,-0.07882957,68739893
0.111852765,-0.2972088,-0.04580637,68740093
0.002130529,-0.74248934,-0.22264026,68740293
0.13741912,-0.34194988,0.061785337,69095998
0.07243798,0.20453078,0.0127831735,69096199
0.02876214,0.2961435,0.07350325,69096399
-0.10865697,-0.15233281,0.046871636,69096599
0.022370553,-0.18429075,0.02663161,69096798
-0.066046394,-0.06391586,0.040480047,69096998
-0.096939065,0.4463458,0.10759171,69097199
0.041545313,-0.15978967,0.044741105,69097399
-0.07563377,0.07989483,0.015978966,69097599
0.5773733,-0.96086854,0.16724652,69100598
-0.5251754,-0.018109495,0.22264026,69100798,Turn_18+
-0.25992453,-0.014913702,0.19813919,69100999,Turn_18+
-0.17576863,-0.035153728,0.22050974,69101199,Turn_18+
0.45806372,-0.1736381,-0.0777643,69101398,Turn_18+
-0.33981934,0.18109496,0.22583605,69101598,Turn_18+
0.03834952,-0.14594123,0.10439591,69101799,Turn_18+
0.05752428,0.10652644,0.15020229,69101999,Turn_18+
0.07669904,-0.22370553,0.1257012,69102199,Turn_18+
0.2759035,0.10226539,0.25992453,69102398,Turn_18+
0.16937704,-0.098004326,0.17896442,69102599,Turn_18+
-0.25033715,0.128897,0.1736381,69102798,Turn_18+
0.36325517,0.13528858,0.109722234,69102999
-0.14487596,0.3771036,0.3121225,69103199
-0.09054748,0.025566347,0.19068234,69103400
0.04580637,-0.31851408,0.08628642,69103599
-0.16298546,0.12144014,0.185356,69103799
-0.14274544,-0.01917476,0.11930962,69103999
-0.15659387,0.36645097,0.13848437,69104199
-0.046871636,-0.024501082,0.20240024,69104399
-0.033023197,-0.21092236,0.15978967,69104599
0.04261058,-0.19707392,-0.025566347,69104799
0.10013486,-0.20985709,-0.10226539,69289607
0.12783173,-0.3291667,0.06391586,69289807
-0.05752428,0.037284255,0.002130529,69290007
-0.002130529,0.0777643,-0.0053263223,69290205
-0.24074976,0.18002969,0.015978966,69290407
0.027696876,-0.054328486,-0.052197956,69290606
0.1587244,-0.41971418,-0.023435818,69290806
0.07137272,0.025566347,0.015978966,69291006
0.111852765,0.07563377,-0.061785337,69291207
-0.13528858,0.350472,0.12463594,69318607
0.39947417,0.08948221,0.33981934,69318807,Turn_1+
0.29507825,-0.5336975,0.24394555,69319007,Turn_1+
0.049002163,0.025566347,0.17257284,69319207,Turn_1+
0.3952131,-0.40266997,0.35473305,69319407,Turn_1+
-0.6625945,-0.099069595,0.23329291,69319608,Turn_1+
-0.18748654,0.30786142,0.15659387,69319808,Turn_1+
0.00958738,-0.03195793,0.21092236,69320008,Turn_1+
-0.14913702,-0.04580637,0.21837921,69320208,Turn_1+
-0.15659387,-0.81918836,0.0031957934,69320408,Turn_1+
-0.40799627,0.10865697,0.010652645,69320608,Turn_1+
-0.0958738,-0.43569314,0.2066613,69320808,Turn_1+
-0.023435818,-0.3930826,0.3472762,69321008,Turn_1+
0.12037488,-0.24927188,0.23009712,69321208,Turn_1+
-0.1587244,0.21411815,0.20240024,69321407,Turn_1+
0.25992453,-0.14061491,0.24927188,69321608,Turn_1+
-0.008522116,-0.05326322,0.36751622,69321808,Turn_1+
-0.013848438,0.099069595,0.018109495,69322008,Turn_1+
-0.2929477,0.20026971,0.26205504,69322208,Turn_1+
0.13848437,-0.19920444,-0.014913702,69322408,Turn_1+
-0.12676647,0.07350325,0.15339808,69322608,Turn_1+
0.096939065,0.14274544,0.19068234,69322808,Turn_1+
0.10546118,-0.21837921,0.21198763,69323007,Turn_1+
-0.17789917,-0.5028048,-0.07243798,69323208,Turn_1+
-0.3685815,-0.13528858,0.05326322,69323407,Turn_1+
-0.015978966,0.13422331,0.049002163,69323608,Turn_1+
-0.056459013,0.13315806,0.111852765,69323808,Turn_1+
-0.25992453,0.109722234,0.2545982,69324008,Turn_1+
0.03621899,0.011717909,0.15233281,69324208
-0.18216021,-0.21198763,0.10865697,69324408
-0.043675844,0.025566347,0.14487596,69324608
-0.07882957,0.27057716,0.15446334,69324808
-0.07563377,-0.13209279,0.1555286,69325008
-0.25885925,-0.083090626,-0.023435818,69325208
-0.02663161,0.051132694,0.18109496,69325407
-0.08628642,0.040480047,0.083090626,69325608
-0.113983296,-0.07243798,0.10759171,69325808
-0.040480047,-0.22264026,0.054328486,69326008
0.03195793,-0.07563377,-0.03195793,69326208
0.099069595,-0.18109496,0.1438107,69326407
0.1587244,-0.47404268,-0.01917476,69326608
-0.16298546,0.049002163,-0.03621899,69326808
-0.08415589,0.97684747,0.128897,69327008
-0.039414786,-0.040480047,0.051132694,69327208
-0.05539375,-0.002130529,0.10226539,69327407
-0.017044231,-0.023435818,-0.015978966,69327608
-0.0479369,-0.38456047,0.03621899,69327808
-0.4910869,0.7307714,0.21624868,69375610
0.08735169,-0.16937704,0.16405073,69375810,Turn_2+
0.066046394,-0.18642128,-0.014913702,69376010,Turn_2+
-0.28655612,0.42184472,0.13209279,69376210,Turn_2+
0.08628642,-0.12783173,-0.046871636,69376409,Turn_2+
-0.1257012,0.07456851,0.08735169,69376610,Turn_2+
0.067111656,-0.3025351,-0.05752428,69376810,Turn_2+
0.02876214,-0.02876214,0.02130529,69377010,Turn_2+
-0.10865697,-0.022370553,-0.022370553,69377210,Turn_2+
-0.0053263223,-0.011717909,-0.07563377,69377410,Turn_2+
-0.022370553,-0.314253,-0.111852765,69377610,Turn_2+
0.041545313,0.24394555,-0.14594123,69377810,Turn_2+
-0.0053263223,0.19813919,-0.05965481,69378010,Turn_2+
0.037284255,0.067111656,-0.15446334,69378210,Turn_2+
0.10865697,-0.024501082,-0.16085494,69378409,Turn_2+
-0.024501082,0.18642128,-0.1438107,69378610,Turn_2+
0.08948221,-0.20559603,-0.27164242,69378810,Turn_2+
-0.01917476,-0.0031957934,-0.28122982,69379010,Turn_2+
0.1949434,0.3952131,-0.2609898,69379209,Turn_2+
0.20879182,-0.8330368,-0.2247708,69379409,Turn_2+
-0.11291803,0.12357067,-0.31851408,69379610,Turn_2+
0.02876214,0.32810146,-0.25246766,69379809,Turn_2+
-0.054328486,-0.1555286,-0.16937704,69380009,Turn_2+
-0.23329291,-0.62957126,-0.5954828,69380209,Turn_2+
-0.28975192,0.3920173,-0.05965481,69380410,Turn_2+
0.0063915867,-0.066046394,-0.21411815,69380610,Turn_2+
-0.14913702,0.26631612,-0.061785337,69380810,Turn_2+
0.16405073,-0.36432043,-0.23222765,69381010,Turn_2+
-0.39734364,0.45699844,-0.13528858,69381209,Turn_2+
0.10120012,-0.109722234,-0.3568636,69381411,Turn_2+
0.1107875,-0.049002163,0.113983296,69381610,Turn_2+
0.13315806,0.26312032,-0.34940675,69381810,Turn_2+
-0.3323625,0.39414784,0.061785337,69382010,Turn_2+
0.2695119,-0.34940675,-0.11611383,69382209,Turn_2+
-0.041545313,-0.1107875,0.004261058,69382410,Turn_2+
-0.07243798,-0.15978967,-0.039414786,69382609,Turn_2+
0.004261058,-0.14274544,0.03834952,69382810,Turn_2+
0.023435818,-0.07243798,0.07989483,69383010,Turn_2+
-0.24288028,0.41225734,0.2695119,69383210,Turn_2+
0.015978966,0.096939065,0.18961707,69383409,Turn_2+
0.041545313,0.033023197,0.16085494,69383610,Turn_2+
0.0010652645,-0.22903186,0.2972088,69383810,Turn_2+
-0.61891866,0.1768339,0.1107875,69384010,Turn_2+
-0.098004326,0.037284255,0.18642128,69384210
0.34194988,-0.19707392,0.14168017,69384410
-0.13741912,0.067111656,0.39947417,69384611
0.09374327,-0.257794,0.05006743,69384810
-0.06391586,-0.018109495,0.24714135,69385010
-0.02663161,-0.39095205,0.17257284,69385210
0.023435818,-0.10120012,0.15765914,69385409
0.02130529,-0.109722234,0.12676647,69385610
-0.109722234,0.22583605,0.20559603,69385810
-0.13528858,0.27057716,0.15339808,69386010
-0.10865697,0.19920444,0.094808534,69386210
0.011717909,-0.18002969,0.051132694,69386409
-0.033023197,-0.27377295,-0.00958738,69386610
-0.002130529,0.2514024,0.030892668,69386810
0.18322548,-0.013848438,-0.0063915867,69387010
-0.15126754,0.0031957934,0.056459013,69387210
0.06924219,0.18109496,-0.018109495,69387410
-0.18748654,0.6423544,0.044741105,69387610
0.00958738,0.083090626,0.0479369,69387810
0.080960095,-0.01917476,0.21944447,69419412
0.50387007,-0.44101948,0.20453078,69419612,Turn_3+
0.027696876,-0.14594123,0.17150757,69419812,Turn_3+
-0.054328486,-0.406931,0.25992453,69420011,Turn_3+
-0.21518342,0.551807,0.037284255,69420211,Turn_3+
-0.14487596,0.35579833,0.20133498,69420411,Turn_3+
-0.039414786,-0.07243798,0.018109495,69420612,Turn_3+
0.094808534,-0.19600865,0.014913702,69420812,Turn_3+
0.07243798,0.2034655,0.046871636,69421012,Turn_3+
0.058589544,0.2929477,-0.017044231,69421212,Turn_3+
0.18216021,-0.24607609,0.0031957934,69421412,Turn_3+
0.111852765,-0.42717105,-0.18961707,69421612,Turn_3+
0.06391586,-0.35260254,-0.017044231,69421812,Turn_3+
-0.03195793,-0.10546118,-0.07456851,69422011,Turn_3+
0.05965481,-0.03834952,-0.10652644,69422212,Turn_3+
0.18961707,-0.06072007,-0.13315806,69422412,Turn_3+
-0.16085494,0.34408042,-0.111852765,69422612,Turn_3+
-0.06498113,0.35792884,-0.17789917,69422812,Turn_3+
-0.22796659,0.4165184,-0.21837921,69423012,Turn_3+
0.128897,0.037284255,-0.20879182,69423212,Turn_3+
0.12996227,0.19068234,-0.23222765,69423411,Turn_3+
0.20240024,-0.10120012,-0.2514024,69423611,Turn_3+
0.096939065,-0.3536678,-0.3387541,69423812,Turn_3+
0.039414786,0.16937704,-0.3802994,69424012,Turn_3+
-0.040480047,0.26738137,-0.27483824,69424212,Turn_3+
0.05965481,-0.082025364,-0.3472762,69424412,Turn_3+
0.017044231,-0.007456851,-0.27057716,69424612,Turn_3+
0.17576863,-0.013848438,-0.33768883,69424812,Turn_3+
0.12144014,0.1736381,-0.35473305,69425012,Turn_3+
-0.03621899,0.070307456,-0.35260254,69425211,Turn_3+
0.015978966,0.17044231,-0.370712,69425411,Turn_3+
0.14807175,-0.1885518,-0.30573088,69425612,Turn_3+
0.11611383,0.020240024,-0.32170987,69425812,Turn_3+
0.20453078,-0.30786142,-0.3536678,69426012,Turn_3+
0.080960095,0.19387813,-0.28549087,69426212,Turn_3+
0.09161274,0.13422331,-0.31851408,69426411,Turn_3+
0.080960095,0.0053263223,-0.32277513,69426611,Turn_3+
-0.3387541,0.6870956,-0.23009712,69426812,Turn_3+
0.07243798,-0.109722234,-0.27164242,69427012,Turn_3+
0.096939065,-0.058589544,-0.3387541,69427212,Turn_3+
0.21518342,-0.39414784,-0.34194988,69427412,Turn_3+
0.05326322,-0.185356,-0.38562572,69427611,Turn_3+
0.1555286,-0.11611383,-0.34301513,69427811,Turn_3+
0.12996227,0.094808534,-0.37923414,69428012,Turn_3+
-0.05326322,0.44315,-0.32277513,69428212,Turn_3+
-0.06072007,0.14807175,-0.3472762,69428413,Turn_3+
0.18429075,-0.027696876,-0.25992453,69428612,Turn_3+
0.056459013,0.32384038,-0.23222765,69428812,Turn_3+
0.067111656,-0.12463594,-0.2514024,69429012,Turn_3+
-0.22796659,0.30466563,-0.17789917,69429212,Turn_3+
0.07243798,0.067111656,-0.2695119,69429412,Turn_3+
-0.03195793,0.17150757,-0.034088463,69429611,Turn_3+
0.12037488,-0.014913702,-0.05965481,69429812,Turn_3+
-0.2514024,0.08628642,-0.041545313,69430011,Turn_3+
0.014913702,0.23542345,-0.07669904,69430212,Turn_3+
-0.109722234,0.6466155,0.07882957,69430412,Turn_3+
0.0010652645,-0.2790993,0.10865697,69430612,Turn_3+
0.1736381,0.02663161,-0.07350325,69430811,Turn_3+
0.051132694,-0.30466563,0.083090626,69431012,Turn_3+
-0.011717909,-0.011717909,0.109722234,69431212,Turn_3+
-0.48363006,-0.035153728,0.051132694,69431411,Turn_3+
0.1587244,-0.38456047,-0.0063915867,69431611,Turn_3+
-0.61785334,-0.1587244,0.11611383,69431812
0.05752428,0.2545982,0.0053263223,69432012
-0.19600865,0.32277513,0.1736381,69432212
0.16405073,-0.0063915867,-0.020240024,69432411
-0.13635385,0.4165184,0.12037488,69432612
0.0777643,-0.22050974,0.17789917,69432812
-0.027696876,-0.24288028,-0.0063915867,69433012
-0.0479369,-0.30573088,0.15020229,69433212
0.15126754,-0.8852348,0.12996227,69433412
-0.029827405,-0.033023197,0.0777643,69433612
