23.4940275448727,87.31691975127902,1.4352766275405884,17.072873984754903,07:07:27
23.49400164115565,87.3169106456214,1.712265968322754,17.064279155374013,07:07:28
23.493977552207628,87.3169020040871,1.8658249378204346,17.101841242369314,07:07:29
23.493955186299956,87.31689588936304,1.9531570672988892,17.167142480420523,07:07:30,Bumper_4+
23.49392974478436,87.31689037369239,1.9926087856292725,17.274746598628095,07:07:31,Bumper_4+
23.493905628193684,87.31688733980774,1.9829782247543335,17.365313738675194,07:07:32,Bumper_4+
23.493886575730915,87.31688585889381,1.9523413181304932,17.382272666466186,07:07:33,Bumper_4+
23.493867613626104,87.3168867982449,1.9237037897109985,17.45926174593657,07:07:34
23.526248760930848,87.31083825679359,0.0,54.10152145326007,07:24:01
23.526248760930848,87.31083825679359,0.0,54.07172407285918,07:24:02
23.526248760930848,87.31083825679359,0.0,54.06165997409786,07:24:03
23.526248760930848,87.31083825679359,0.0,54.056568852094024,07:24:04,Bumper_6+
23.526248760930848,87.31083825679359,0.0,54.05038933371823,07:24:05,Bumper_6+
23.526248760930848,87.31083825679359,0.0,54.040909475155544,07:24:06,Bumper_6+
23.526248760930848,87.31083825679359,0.0,54.025324241394024,07:24:07
23.526248760930848,87.31083825679359,0.0,53.7668272614379,07:24:08
23.526403251582526,87.31081500705082,3.9561548233032227,53.41471011086045,07:24:09
23.527935943519136,87.31086650928289,0.0,53.04492636636614,07:24:44
23.52799486558207,87.3108259001313,5.570093154907227,52.2076337880013,07:24:45
23.533102405799614,87.30685357911487,7.356363296508789,32.31830754426865,07:25:46
23.53314935510533,87.30682327141201,5.2123942375183105,31.345289413994035,07:25:47,Bumper_7+
23.533187898782646,87.30679188445905,4.841712474822998,31.191570687898853,07:25:48,Bumper_7+
23.533187898782646,87.30679188445905,0.0,31.202534967279366,07:25:49,Bumper_7+
23.533187898782646,87.30679188445905,0.0,31.228242343982,07:25:50
23.53323761529711,87.30674896843256,4.058865070343018,31.43173282881922,07:25:51
23.533278832029612,87.30671298682101,4.690828800201416,32.38543838903396,07:25:52
23.537875627168805,87.29719004803361,5.335966110229492,44.09869361610544,07:30:13
23.537858857980464,87.29724832725299,5.335966110229492,44.32716384300747,07:30:14
23.537858857980464,87.29724832725299,0.0,44.3338752601137,07:30:15
23.537858857980464,87.29724832725299,0.0,44.33683850832516,07:30:16,Bumper_10+
23.53773970936459,87.2976008057434,0.0,49.15074750705791,07:30:23
23.538052969445683,87.29847851698152,7.157194137573242,57.79141008086766,07:30:40
23.538145426222727,87.29844069450283,6.772798538208008,59.797059233661805,07:30:41
23.538145426222727,87.29844069450283,6.772798538208008,59.797059233661805,07:30:41
23.53825782098241,87.2984045320923,6.183228015899658,60.015320066995486,07:30:42
23.53825782098241,87.2984045320923,0.0,60.00630274944107,07:30:44
23.53825782098241,87.2984045320923,0.0,59.98501608342394,07:30:45,Bumper_11+
23.538562812940793,87.29828648186863,0.0,60.02354113969964,07:30:46,Bumper_11+
23.538614941710946,87.29829009572276,2.8375768661499023,60.08646823265516,07:30:47,Bumper_11+
23.53867375416301,87.29829056531976,2.985670328140259,60.165304395026375,07:30:48
23.53873222659126,87.29829893046934,2.8856284618377686,60.15924986560956,07:30:49
23.53878198131315,87.29831204977457,2.7326667308807373,60.15618295791216,07:30:50
23.538829529028877,87.2983319974629,3.3932042121887207,60.189196961861576,07:30:51
23.538883871009396,87.29836324822274,4.79556131362915,61.15731197491745,07:30:52
23.54019655206227,87.29917240362748,5.832941055297852,53.69515250126228,07:31:11
23.54019655206227,87.29917240362748,0.0,53.67559704444257,07:31:12,BusStop_9+
23.54019655206227,87.29917240362748,0.0,53.65718482363215,07:31:13,BusStop_9+
23.5403336455772,87.29923772139593,5.0,52.27101674520216,07:31:14,BusStop_9+
23.540432174473672,87.29930717072054,0.0,45.30494089506179,07:31:18,BusStop_9+
23.54044003487371,87.29940025152062,0.0,42.66725813329068,07:31:20,Bumper_12+
23.54044003487371,87.29940025152062,0.0,42.641906660527724,07:31:21,Bumper_12+
23.54044752822807,87.29946925484698,2.7738654613494873,42.33319078025875,07:31:23,Bumper_12+
23.5404646456442,87.29948561933246,3.6405696868896484,42.299208642146716,07:31:24
23.5404646456442,87.29948561933246,0.0,42.30949371417593,07:31:25
23.5404646456442,87.29948561933246,0.0,42.321180302970774,07:31:26
23.5404646456442,87.29948561933246,3.6405696868896484,42.299208642146716,07:31:24
23.5404646456442,87.29948561933246,0.0,42.30949371417593,07:31:25
23.5404646456442,87.29948561933246,0.0,42.321180302970774,07:31:26
23.540531209734187,87.29952327388013,4.509363174438477,44.94212790533218,07:31:29,Bumper_13+
23.5405656541885,87.29953995538567,4.984777927398682,47.16738107400356,07:31:30
23.540595307774836,87.29955540990561,4.752155303955078,49.48152289760834,07:31:31
23.54063052558196,87.2995707589678,4.84320592880249,51.16147196573759,07:31:32
23.573855887341963,87.30248885388964,7.036919593811035,36.55677570867444,07:45:55
23.57389056762284,87.30242928540466,7.623991966247559,35.89445475612207,07:45:56
23.57402120776414,87.30129666968828,6.900204181671143,33.97212246776037,07:46:10
23.574022238127874,87.30123600133533,5.2237138748168945,33.47409875065065,07:46:11,Bumper_14+
23.574021319110688,87.3011833328955,4.772335052490234,33.39253354835209,07:46:12,Bumper_14+
23.574021319110688,87.3011833328955,0.0,33.39662106405258,07:46:13,Bumper_14+
23.574021319110688,87.3011833328955,0.0,33.387670258670234,07:46:14
23.57400093398025,87.30109764002952,4.205777168273926,32.38182751468626,07:46:15
23.573996121414876,87.30104454466921,4.818572998046875,31.104632640980952,07:46:16
23.573997927409053,87.30097919048116,6.099620819091797,29.90562323037925,07:46:17
23.57399986584342,87.30090969076416,6.099620819091797,29.129014300767054,07:46:18
23.574003069979344,87.30073113185614,4.906217575073242,29.661637212294156,07:46:21
23.574003069979344,87.30073113185614,0.0,29.66795892516669,07:46:22,Bumper_15+
23.574003069979344,87.30073113185614,0.0,29.685907048796036,07:46:23,Bumper_15+
23.573996661200944,87.30071721403364,2.1862740516662598,29.878410661552184,07:46:24,Bumper_15+
23.573998678602162,87.30070749506571,2.1862740516662598,29.972919480226228,07:46:25,Bumper_15+
23.574007817293808,87.30067953085012,3.681077003479004,29.99147081918493,07:46:26,Bumper_15+
23.574020364509952,87.30063481752276,4.856320381164551,30.139222100968983,07:46:27,Bumper_15+
23.57403168671816,87.30059013580788,4.615268230438232,29.69091940468399,07:46:28,Bumper_15+
23.5740440643997,87.30054277428522,4.569125175476074,28.13338110949777,07:46:29
23.57405909764899,87.30049278562872,4.760041236877441,26.376785935282548,07:46:30
23.574075854898997,87.30044249758664,5.102359294891357,25.56039584332664,07:46:31
23.582055608924176,87.27542110130636,6.022674560546875,56.347187861588736,08:03:57
23.58200343121234,87.27537033748389,6.9194865226745605,57.547358145368726,08:03:58
23.579754113816705,87.27352341800926,6.237246036529541,86.91802444460915,08:04:39
23.579706777736323,87.27349948414373,5.647497177124023,84.07790363310538,08:04:40,Bumper_16+
23.579668797462528,87.27348816321614,4.477550029754639,81.71303266242825,08:04:41,Bumper_16+
23.579668797462528,87.27348816321614,0.0,81.6965433671826,08:04:42,Bumper_16+
23.579668797462528,87.27348816321614,0.0,81.64947592571421,08:04:43,Bumper_16+
23.579580981893642,87.27345243935932,4.943972587585449,77.58025915005668,08:04:44
23.579547459863978,87.27344918666087,3.5466361045837402,77.10526959388375,08:04:45
23.579511433224845,87.2734483938914,3.8378500938415527,76.61259390083441,08:04:46
