23.50338890495748,87.3075367651864,4.061692714691162,37.363607208298895,07:16:08
23.503430341674825,87.30755818171315,3.7703194618225098,37.042206261284406,07:16:09
23.511087952451373,87.31052742296578,0.0,38.07532819536769,07:18:09
23.511160528460724,87.31053842420131,3.322012424468994,38.020220278722064,07:18:10,BusyRoad_1+
23.511202999255875,87.3105442043651,3.629664659500122,37.964306924154194,07:18:11,BusyRoad_1+
23.511245736945657,87.31054544950108,3.7458033561706543,37.882401516192125,07:18:12,BusyRoad_1+
23.5112977111112,87.31054579328284,4.1828813552856445,37.80408949746891,07:18:13,BusyRoad_1+
23.511350868652308,87.31054480310694,4.535502910614014,38.08975306749645,07:18:14,BusyRoad_1+
23.511407029237137,87.31054474834485,5.13582706451416,37.875731864462416,07:18:15,BusyRoad_1+
23.511468497789348,87.31054688690575,6.063504695892334,37.32181470791002,07:18:16,BusyRoad_1+
23.511531808342582,87.31055260068482,6.66383171081543,36.813039804881164,07:18:17
23.51159649577007,87.31055763397532,6.882450103759766,36.88015947325332,07:18:18
23.51165951165562,87.3105636906945,6.814199924468994,38.00565024741894,07:18:19
23.51908091340401,87.3111655560104,6.217933177947998,68.28544828849513,07:19:58
23.51913621042444,87.31115815457862,6.34404993057251,71.77666641205673,07:19:59
23.524658505537005,87.31126312822882,8.110329627990723,57.318417361916204,07:20:48
23.52474051852853,87.31123580418783,8.110329627990723,58.142609760429295,07:20:49,BusyRoad_2+
23.52482516698158,87.31121130460913,9.052376747131348,58.96109897829997,07:20:50,BusyRoad_2+
23.524911745774645,87.3111899966338,9.0835599899292,60.05854661555538,07:20:51
23.525006740950367,87.31117641455464,9.0835599899292,60.49209293071366,07:20:52
23.52510170728447,87.31117674963342,9.79693603515625,61.97466413277843,07:20:53
