#lat,long,speed,altitude,time
23.57768809827511,87.27413733784716,7.375608444213867,43.31685793589094,08:05:37,
23.57762462411009,87.27417465607506,7.438022136688232,42.625813975691585,08:05:38,
23.57755974289732,87.27421274601106,7.530038833618164,41.78491897535999,08:05:39,
23.577488052417475,87.27425459457945,8.663678169250488,41.90114470550636,08:05:40,
23.57741865440058,87.2742965324858,8.610342979431152,41.7472564564754,08:05:41,
23.57734823649635,87.27434151431096,8.610342979431152,41.15792033078604,08:05:42,
23.577287308353263,87.27438158654668,7.2708659172058105,40.23602947416727,08:05:43,BrokenRoad_1+
23.57722740767611,87.2744222869256,7.283978462219238,39.98269101467414,08:05:44,
23.577167412713084,87.2744612345718,7.274769306182861,39.90989311232919,08:05:45,
23.57710522545945,87.27449781194416,7.054061412811279,39.70742422717266,08:05:46,
23.577042702427693,87.2745333542163,6.967412948608398,39.99049086381996,08:05:47,
23.57698033328079,87.27456755982298,6.931826591491699,39.92065418624142,08:05:48,
23.57691562824207,87.27459847624264,6.810476303100586,39.88564628224263,08:05:49,
23.57685285171056,87.27462663113246,6.454336643218994,40.1577293905348,08:05:50,
23.576791512646984,87.27466255946608,6.740312576293945,40.34451778595177,08:05:51,
23.57673370036023,87.27470183520379,6.550864219665527,40.4328877101811,08:05:52,
23.57667718376177,87.27474201421443,6.550864219665527,40.06881227656679,08:05:53,
23.576621925045714,87.27477864854494,6.770712852478027,40.52592679482805,08:05:54,
23.576568515805402,87.27481328297726,6.7834954261779785,41.39389120928467,08:05:55,
23.576513807448336,87.27484651792543,6.971266746520996,41.81414218910744,08:05:56,
23.576460245777238,87.27487998916864,7.012296676635742,43.57606281692165,08:05:57,
23.576403098987164,87.27491613213552,7.191011905670166,43.5900851143494,08:05:58,
23.576341653973603,87.27496148475682,7.64138650894165,42.76317991823201,08:05:59,
23.576273943968516,87.2750180440214,7.64138650894165,42.23138256973385,08:06:00,
23.576204604063665,87.27507316402364,7.831216335296631,42.00797442782062,08:06:01,
23.5761347677724,87.27512544161894,7.953404426574707,40.52017128696832,08:06:02,
23.57606478048822,87.27517341733478,7.958277702331543,39.09815099938555,08:06:03,
23.575997441346153,87.27521954977803,7.926217555999756,38.13823663944964,08:06:04,
23.57593246616568,87.27526334461396,7.913548946380615,37.96522734912658,08:06:05,
23.575869752662733,87.27530299604325,7.891270160675049,40.375379382049985,08:06:06,
23.575806180356494,87.27533747591121,7.877485752105713,44.59379064679513,08:06:07,
23.575740433604057,87.27537213487633,7.9415202140808105,47.5927250347904,08:06:08,
23.57567148135793,87.27540557021885,8.006508827209473,49.91985572408525,08:06:09,
23.575599990064088,87.275440868717,8.227867126464844,50.97585306209417,08:06:10,
23.575521915239573,87.2754787890937,8.854329109191895,51.219111021601364,08:06:11,
23.575441615474706,87.27551994453681,8.89380931854248,50.886851990192305,08:06:12,
23.575363869359137,87.27556091905714,8.867908477783203,50.91295650192461,08:06:13,
23.575288453454338,87.27559988002042,8.803689956665039,50.28252273775462,08:06:14,
23.575212764130676,87.27563876362159,8.739690780639648,49.96505218432502,08:06:15,
23.57513682638322,87.27567642627618,8.763347625732422,49.11473280894044,08:06:16,
23.575060481664565,87.27571453374408,8.815000534057617,49.18211136242154,08:06:17,
23.57498335648223,87.27575483443135,9.19108772277832,49.69558707555822,08:06:18,
23.574907401217672,87.2757957711441,9.188658714294434,50.43326545011346,08:06:19,
23.574834023979626,87.27583697427609,9.149619102478027,50.88949713322522,08:06:20,
23.57476076064185,87.27587884917942,9.109557151794434,51.21313814347731,08:06:21,
23.574688391016675,87.27592238588353,9.067282676696777,51.353576570624504,08:06:22,
23.574618570794758,87.2759626675749,8.669135093688965,51.138641506850234,08:06:23,
23.574556965559363,87.27597949127761,6.921717166900635,51.114959625438104,08:06:24,
23.57438349758921,87.27607861054382,7.609400749206543,48.78048197984897,08:06:27,
23.574324850835772,87.2761127828458,7.246395111083984,48.771893999283876,08:06:28,
23.574267971337267,87.27614580286043,6.978240013122559,48.70446604165928,08:06:29,
23.57414911315295,87.27622094553716,6.814797401428223,49.91320095039693,08:06:31,
23.57409204468507,87.27625498427807,7.126385688781738,49.612772616952356,08:06:32,
23.5740336496654,87.2762893566274,7.089025974273682,47.21790853731959,08:06:33,
23.57398339120875,87.27631802993038,6.620011806488037,45.17472100679566,08:06:34,
23.57394718643562,87.27634332667685,6.202198028564453,42.708843856700746,08:06:35,
23.573909649196487,87.27636605965455,4.796019554138184,41.39156374750945,08:06:36,
23.57388199032011,87.2763886614178,4.326050758361816,40.285283864989516,08:06:37,
23.573854615615122,87.2764120152328,3.9210751056671143,40.172589285002054,08:06:38,
23.573836080265036,87.27642907204046,3.721914529800415,40.154909002314476,08:06:39,
23.573819667803228,87.27644263909286,3.187488079071045,40.08856228900606,08:06:40,
23.573801516151544,87.27645622023539,3.140315055847168,39.969298727025055,08:06:41,BusStop_1+
23.573801516151544,87.27645622023539,0.0,39.94604345473544,08:06:42,BusStop_1+
23.573801516151544,87.27645622023539,0.0,39.925875203793254,08:06:43,BusStop_1+
23.57377323632602,87.27649205978197,2.3765010833740234,39.739895220903286,08:06:44,BusStop_1+
23.57377323632602,87.27649205978197,0.0,39.7206871351436,08:06:45,BusStop_1+
23.57377323632602,87.27649205978197,0.0,39.70851918280782,08:06:46,BusStop_1+
23.573748150561702,87.27652894322324,2.163940191268921,39.56362465000388,08:06:47,BusStop_1+
23.573737116191865,87.27654105074596,2.101085662841797,39.56870223291676,08:06:48,BusStop_1+
23.5737277595197,87.27654665776073,2.011019229888916,39.733229272538665,08:06:49,BusStop_1+
23.573719055931935,87.27655055243933,1.9319850206375122,40.133731062480464,08:06:50,BusStop_1+
23.573719055931935,87.27655055243933,0.0,40.16721679602687,08:06:51,BusStop_1+
23.573719055931935,87.27655055243933,0.0,40.19050067683629,08:06:52,BusStop_1+
23.573719055931935,87.27655055243933,0.0,40.200640728721865,08:06:53,BusStop_1+
23.573719055931935,87.27655055243933,0.0,40.21483286879769,08:06:54,BusStop_1+
23.573719055931935,87.27655055243933,0.0,40.22812552385151,08:06:55,BusStop_1+
23.573719055931935,87.27655055243933,0.0,40.24781611260242,08:06:56,BusStop_1+
23.573719055931935,87.27655055243933,0.0,40.265611035977415,08:06:57,BusStop_1+
23.573719055931935,87.27655055243933,0.0,40.27442189309425,08:06:58,BusStop_1+
23.573719055931935,87.27655055243933,0.0,40.28568756295001,08:06:59,
23.573719055931935,87.27655055243933,0.0,40.369909378644245,08:07:00,
23.573719055931935,87.27655055243933,0.0,40.453883852251536,08:07:01,
23.57373204485541,87.27646163391196,5.478880882263184,40.77775794843396,08:07:02,
23.57369790246148,87.27647645684225,0.0,41.142707908911945,08:07:03,
23.573657067428172,87.2765004946374,0.0,41.20062236828498,08:07:04,
23.573613616434056,87.27652577641882,5.068227291107178,40.373286221943395,08:07:05,
23.573569138554422,87.27655355236536,5.068227291107178,39.462985224953364,08:07:06,
23.573513832633232,87.27657710505189,5.953996181488037,38.3906009087068,08:07:07,
23.5734510702334,87.27659966841985,5.953996181488037,36.97384262971615,08:07:08,
23.573379419262857,87.27663643262815,7.247395038604736,35.5884869095861,08:07:09,
23.573292106377103,87.2766828771768,7.247395038604736,34.63250730403347,08:07:10,
23.573219767662437,87.27672589042595,7.79405403137207,33.867388183118,08:07:11,
23.573145223506483,87.27676096848158,8.06918716430664,34.13322412029282,08:07:12,
23.573071807349006,87.27679776053522,8.33636474609375,34.2811497749659,08:07:13,
23.5729981970791,87.27683456148097,8.38949203491211,34.813688110705456,08:07:14,
23.572852027725254,87.27691114791506,8.491655349731445,36.2017378288133,08:07:16,
23.57278008560783,87.27694995006763,8.529705047607422,36.7757570106288,08:07:17,
23.572708903512005,87.27698850746087,8.549284934997559,37.233412880087016,08:07:18,
23.57263712182058,87.27702747899947,8.601207733154297,38.01606791886182,08:07:19,
23.57256364285268,87.27706562944203,8.629411697387695,38.2548450751717,08:07:20,
23.57248955586059,87.27710362594156,8.661707878112793,38.44161698453044,08:07:21,
23.57241509430246,87.27714136143751,8.67031478881836,38.263836772557795,08:07:22,
23.572340090124666,87.27717889188268,8.697144508361816,38.51674693679135,08:07:23,
23.572265156816233,87.27721766266396,8.614530563354492,39.00656661083613,08:07:24,
23.572202726580223,87.27726060860782,7.723414421081543,38.86433773624729,08:07:25,
23.572158168166947,87.27728157868063,4.82717227935791,37.683392757707814,08:07:26,
23.572117150257018,87.27730732530956,4.82717227935791,37.31336280006639,08:07:27,
23.57208571414806,87.27732975967383,4.251281261444092,37.668176287530905,08:07:28,
23.57208571414806,87.27732975967383,0.0,37.672461258497854,08:07:29,
23.57208571414806,87.27732975967383,0.0,37.68431889029002,08:07:30,Turn_1+
23.57202687701723,87.27739832855417,4.304320335388184,39.29059633660046,08:07:31,Turn_1+
23.571991194993014,87.27744574515228,4.773427963256836,41.984077325691544,08:07:32,Turn_1+
23.571976144030234,87.27749034775832,4.852285385131836,44.88186349605698,08:07:33,Turn_1+
23.57196028083285,87.27754473648996,5.112947463989258,45.80524153430663,08:07:34,Turn_1+
23.571945785138023,87.27760718373595,5.164551258087158,45.03726241909166,08:07:35,
23.571929802077705,87.27767039539637,5.175314426422119,44.666994870748226,08:07:36,
23.571911085828294,87.2777333786558,5.23966646194458,44.664894954131704,08:07:37,
23.571891702528536,87.27779685780112,5.349906921386719,44.855358281255384,08:07:38,
23.571873153301414,87.27785866802053,5.370242595672607,45.17645314491472,08:07:39,
23.571856241599907,87.27792148284001,5.432471752166748,45.555299441216164,08:07:40,
23.57183802392833,87.27798319374821,5.461442470550537,46.56705880318206,08:07:41,
23.571824478759506,87.27804318406245,5.456367015838623,47.16252264123926,08:07:42,
23.57181507717011,87.27810042442684,5.374202728271484,48.1813903602183,08:07:43,
23.571807701852098,87.27815792053015,5.369352340698242,49.125727712469825,08:07:44,
23.57180441079925,87.27821570480003,5.396602153778076,49.78613979347803,08:07:45,
23.571809881968043,87.27827549698095,5.528162479400635,49.57776175464195,08:07:46,
23.57181767361917,87.27833826914056,5.596391677856445,49.12046892242078,08:07:47,
23.571838386299326,87.27854963140547,6.191674709320068,48.63068833874937,08:07:50,
23.57184495251042,87.27862734952903,6.338033676147461,46.677690260715714,08:07:51,
23.57184884754316,87.27870793773131,6.462560653686523,45.958751746650776,08:07:52,
23.571850713095788,87.27878978428002,6.569075107574463,45.271729405199046,08:07:53,
23.571852442665246,87.27887083522577,6.643904685974121,43.89698869137055,08:07:54,
23.57185519493723,87.27894957014217,6.668462753295898,41.897974877534935,08:07:55,
23.57186018742273,87.27910353739468,6.747689247131348,37.6103264336352,08:07:57,
23.571864503376347,87.27918416979193,6.948366165161133,36.85039936831238,08:07:58,
23.57187630668073,87.27927220565766,7.326417446136475,37.10758178477008,08:07:59,
23.571924977146626,87.27975646294414,8.79952621459961,35.80067053049133,08:08:04,
23.571967922029238,87.28002166357398,10.258293151855469,34.01530532809796,08:08:06,
23.572038294480613,87.28031489386787,10.456793785095215,33.73043937112598,08:08:08,
23.5720725993856,87.28046417764772,10.509587287902832,33.94103283939167,08:08:09,
23.572103111814638,87.28061449953718,10.531832695007324,34.30534516442467,08:08:10,
23.572134259679224,87.28077133616716,10.608050346374512,35.08234951381654,08:08:11,
23.572158043043018,87.2809245184111,10.627408981323242,36.19992176704289,08:08:12,
23.572173302190492,87.28106976777175,10.62635326385498,38.27248084498135,08:08:13,
23.572186011220506,87.2812016445407,10.510286331176758,40.46927412271427,08:08:14,
23.572198855233097,87.28133109626494,10.494644165039063,40.93711699320684,08:08:15,
23.57222244233957,87.2816042754265,10.695967674255371,40.34749438349857,08:08:17,
23.572239309720096,87.2817402732286,10.688145637512207,40.739018319404536,08:08:18,
23.572249285873475,87.28187369930731,10.624815940856934,41.023931602897946,08:08:19,
23.572254481160115,87.28200251543586,10.449100494384766,40.79310926920325,08:08:20,
23.57225309477924,87.28213746247258,10.449100494384766,40.001622821538135,08:08:21,
23.57224850062033,87.28225547831846,10.481799125671387,39.55529578598525,08:08:22,
23.572245597557984,87.28236665500245,10.484797477722168,41.198546039784794,08:08:23,
23.57224139647207,87.28247131999679,10.454440116882324,43.13419903420631,08:08:24,
23.572245726242297,87.28255379095243,8.945795059204102,45.12759328772318,08:08:25,
23.572264486934973,87.28263361390582,8.90634536743164,46.02606728067123,08:08:26,
23.57228474456149,87.28272048414729,8.973864555358887,47.10363429665943,08:08:27,Turn_2+
23.572311827551424,87.28280961959594,8.97160816192627,48.944104241954285,08:08:28,Turn_2+
23.572355410634817,87.28289562355428,8.359668731689453,48.016538862130986,08:08:29,Turn_2+
23.572397913953687,87.2829758839321,7.919988632202148,46.707347988169694,08:08:30,Turn_2+
23.57243902477657,87.28306500957198,7.919988632202148,44.06869453010843,08:08:31,Turn_2+
23.572455432321817,87.28316189999956,9.677328109741211,39.390238888218384,08:08:32,Turn_2+
23.572451824357543,87.28324450708436,8.794088363647461,35.27761067016308,08:08:33,Turn_2+
23.572433443506252,87.2833124448933,7.827325820922852,33.458566506574456,08:08:34,Turn_2+
23.572425058029054,87.28337524563767,7.116639614105225,31.714439447493895,08:08:35,
23.572425330066626,87.28344664444926,6.537493705749512,31.12800685961361,08:08:36,
23.57242427695565,87.28352227080578,6.452015399932861,30.679510958630576,08:08:37,
23.5724346185452,87.28358284325171,6.326210975646973,29.937107721573234,08:08:38,
23.5724346185452,87.28358284325171,0.0,29.940469422004714,08:08:39,
23.5724346185452,87.28358284325171,0.0,29.922285073975996,08:08:40,
23.572451664865646,87.2836784428537,5.0,29.644959240573517,08:08:41,
23.572452595578632,87.28375514032362,7.758689880371094,29.0499464621457,08:08:42,
23.572455147040348,87.2838419355263,9.36396598815918,30.4054974825062,08:08:43,
23.572453959329266,87.28392498462632,9.067145347595215,30.671166884715397,08:08:44,
23.5724392206515,87.28399775498505,8.869108200073242,30.573964496930163,08:08:45,
23.572425819678983,87.28406380043933,8.58954906463623,30.565399403462045,08:08:46,
23.57240779485773,87.2841305119254,8.162156105041504,31.729680805099942,08:08:47,
23.57237355606302,87.28422776055318,9.25368881225586,33.58003148736681,08:08:48,
23.57233932294199,87.28433166025573,9.25368881225586,34.605779537695994,08:08:49,
23.572298344218353,87.28443110485934,9.853384971618652,35.241002537044835,08:08:50,
23.572258669421753,87.2845304456213,9.853384971618652,36.02030009613571,08:08:51,
23.57221211549378,87.28460633591585,8.148492813110352,35.73440897048092,08:08:52,
23.572168464928748,87.28467426611573,7.133541584014893,35.06575726425025,08:08:53,
23.57200806262015,87.28498649664273,8.454316139221191,31.223192420047145,08:08:57,
23.571989279392195,87.28508386603379,8.67956256866455,30.513169848315222,08:08:58,
23.57197035234858,87.28519913405712,9.032382011413574,28.519955548923935,08:08:59,
23.57195890586436,87.28531444591323,9.20061206817627,26.93905608105072,08:09:00,
23.57195402287358,87.28543379146168,9.417817115783691,26.313745082443393,08:09:01,
23.571947128768198,87.28556048552554,9.67940616607666,25.53997071458915,08:09:02,
23.571939809115364,87.28568975405715,9.877123832702637,25.150772720593302,08:09:03,
23.571931249259297,87.28581780760342,9.975634574890137,26.358629972795093,08:09:04,
23.571922908647686,87.28594589302938,10.072221755981445,28.78527887583761,08:09:05,
23.571915032697405,87.28606270718313,10.02072811126709,31.09046788070627,08:09:06,
23.571968094120592,87.28675060426332,6.82599401473999,35.57455372390827,08:09:13,Turn_3+
23.572019142689264,87.28681982699383,6.82599401473999,36.59418097506959,08:09:14,Turn_3+
23.572061037562474,87.28689306627552,6.60640811920166,38.04038044995105,08:09:15,Turn_3+
23.572061037562474,87.28689306627552,0.0,38.06378426063175,08:09:16,Turn_3+
23.572061037562474,87.28689306627552,0.0,38.08526610223678,08:09:17,Turn_3+
23.572086146539345,87.28702811543967,5.0,40.02996794323716,08:09:18,Turn_3+
23.572077237159096,87.28710874655317,6.423637866973877,40.61921088159847,08:09:19,Turn_3+
23.572077237159096,87.28710874655317,0.0,40.62521346899355,08:09:20,Turn_3+
23.572077237159096,87.28710874655317,0.0,40.65585795415243,08:09:21,Turn_3+
23.572044935313773,87.28727573315224,5.0,43.17690697361173,08:09:22,Turn_3+
23.572024454857296,87.28735170133602,5.899920463562012,43.67342587686228,08:09:23,
23.57200065342857,87.28741431380769,5.864881992340088,44.575218218957644,08:09:24,
23.57200065342857,87.28741431380769,0.0,44.59126094110075,08:09:25,
23.57200065342857,87.28741431380769,0.0,44.59631505021129,08:09:26,
23.571907972154808,87.28755689097962,5.0,44.07296780335949,08:09:27,
23.571850123325284,87.28759326140077,5.6220784187316895,43.48429720288233,08:09:28,
23.571786620603525,87.28761169329225,5.669346809387207,42.794008984692084,08:09:29,
23.57145812613734,87.28767719878441,6.075705051422119,41.6334073676707,08:09:34,
23.5713849866749,87.28768929045279,6.095234394073486,41.68298905316581,08:09:35,
23.57130607484268,87.28770070034895,6.0230865478515625,42.119220223762966,08:09:36,
23.57121124984079,87.28770796306895,6.0230865478515625,42.840044422994545,08:09:37,
23.571121558185123,87.28770940492713,6.208920478820801,44.54964150568394,08:09:38,
23.57088696309412,87.2877081535253,6.451643943786621,47.213024990485714,08:09:41,
23.57074498713982,87.28770988293914,6.575354099273682,48.60445131009156,08:09:43,
23.570533273890405,87.28745413754783,6.405649662017822,48.934302817129016,08:09:44,
23.5704284860653,87.28744520565654,6.946478843688965,49.19531705495805,08:09:45,
23.569162700843343,87.28731339450253,0.0,51.330862146699346,08:10:00,BrokenRoad_2+
23.569162700843343,87.28731339450253,0.0,51.330862146699346,08:10:01,BrokenRoad_2+
23.569162700843343,87.28731339450253,0.0,51.330862146699346,08:10:02,
23.567268634057914,87.28671930360217,6.350741863250732,27.328133092476612,08:10:20,
23.567268634057914,87.28671930360217,0.0,27.328133092476612,08:10:21,
23.567268634057914,87.28671930360217,0.0,27.328133092476612,08:10:22,
23.566512824655145,87.28619039023089,6.413403511047363,22.82756906266214,08:10:26,
23.56644065557951,87.28610126050314,7.315507888793945,23.131044211257674,08:10:27,
23.566418599001633,87.28603359569217,7.315507888793945,23.131044211257674,08:10:28,
23.566396542423757,87.28596593089256,7.315507888793945,23.131044211257674,08:10:29,
23.56637448584588,87.28589826610431,0.0,23.11632821559802,08:10:31,
23.56637448584588,87.28589826610431,0.0,23.07509808325199,08:10:32,
23.56637448584588,87.28589826610431,0.0,23.025845692846055,08:10:33,
23.56637448584588,87.28589826610431,0.0,22.939901122184377,08:10:35,
23.56637448584588,87.28589826610431,0.0,22.91243071609136,08:10:36,
23.56637448584588,87.28589826610431,0.0,22.841200656111454,08:10:37,
23.56637448584588,87.28589826610431,0.0,22.85610572660184,08:10:38,
23.56637448584588,87.28589826610431,0.0,22.85256349413842,08:10:39,BusStop_2+
23.56637448584588,87.28589826610431,0.0,22.86475368471765,08:10:40,BusStop_2+
23.56637448584588,87.28589826610431,0.0,22.956278274669163,08:10:41,BusStop_2+
23.56637448584588,87.28589826610431,0.0,23.063888607756322,08:10:42,BusStop_2+
23.56637448584588,87.28589826610431,0.0,23.089069020416087,08:10:43,BusStop_2+
23.56637448584588,87.28589826610431,0.0,23.131888596825885,08:10:44,BusStop_2+
23.56637448584588,87.28589826610431,0.0,23.17530772137155,08:10:45,BusStop_2+
23.56637448584588,87.28589826610431,0.0,23.217133567870263,08:10:46,BusStop_2+
23.56637448584588,87.28589826610431,0.0,23.263098230722466,08:10:47,BusStop_2+
23.56637448584588,87.28589826610431,0.0,23.306701971603427,08:10:48,BusStop_2+
23.56637448584588,87.28589826610431,0.0,23.358590222160707,08:10:49,BusStop_2+
23.56637448584588,87.28589826610431,0.0,23.411626252730315,08:10:50,BusStop_2+
23.56637448584588,87.28589826610431,0.0,23.46466333815071,08:10:51,BusStop_2+
23.56637448584588,87.28589826610431,0.0,23.519857756376496,08:10:52,BusStop_2+
23.56637448584588,87.28589826610431,0.0,23.574676158381475,08:10:53,BusStop_2+
23.56637448584588,87.28589826610431,0.0,23.61722185044132,08:10:54,BusStop_2+
23.56637448584588,87.28589826610431,0.0,23.660158896876403,08:10:55,BusStop_2+
23.56637448584588,87.28589826610431,0.0,23.70676726280319,08:10:56,BusStop_2+
23.56637448584588,87.28589826610431,0.0,23.758968112816742,08:10:57,BusStop_2+
23.56637448584588,87.28589826610431,0.0,23.816850821270435,08:10:58,BusStop_2+
23.56637448584588,87.28589826610431,0.0,23.867033688980992,08:10:59,BusStop_2+
23.56637448584588,87.28589826610431,0.0,23.93130759062548,08:11:00,BusStop_2+
23.56637448584588,87.28589826610431,0.0,23.9956058678372,08:11:01,BusStop_2+
23.56637448584588,87.28589826610431,0.0,24.063547499072122,08:11:02,BusStop_2+
23.56637448584588,87.28589826610431,0.0,24.129817331664345,08:11:03,BusStop_2+
23.56637448584588,87.28589826610431,0.0,24.19471607467204,08:11:04,BusStop_2+
23.56637448584588,87.28589826610431,0.0,24.266492155774866,08:11:05,BusStop_2+
23.56637448584588,87.28589826610431,0.0,24.34116329892379,08:11:06,BusStop_2+
23.56637448584588,87.28589826610431,0.0,24.419052960124766,08:11:07,BusStop_2+
23.56637448584588,87.28589826610431,0.0,24.5022825317335,08:11:08,BusStop_2+
23.56637448584588,87.28589826610431,0.0,24.575927258779704,08:11:09,BusStop_2+
23.56637448584588,87.28589826610431,0.0,24.65344815602971,08:11:10,BusStop_2+
23.56637448584588,87.28589826610431,0.0,24.730027597808764,08:11:11,BusStop_2+
23.56637448584588,87.28589826610431,0.0,24.798948885977552,08:11:12,BusStop_2+
23.56637448584588,87.28589826610431,0.0,24.86496830441992,08:11:13,BusStop_2+
23.56637448584588,87.28589826610431,0.0,24.9257099160108,08:11:14,BusStop_2+
23.56637448584588,87.28589826610431,0.0,24.988985456488198,08:11:15,BusStop_2+
23.56637448584588,87.28589826610431,0.0,25.05401165241566,08:11:16,BusStop_2+
23.56637448584588,87.28589826610431,0.0,25.125980487646864,08:11:17,BusStop_2+
23.56637448584588,87.28589826610431,0.0,25.211134648097584,08:11:18,BusStop_2+
23.56637448584588,87.28589826610431,0.0,25.301411047231,08:11:19,BusStop_2+
23.56637448584588,87.28589826610431,0.0,25.39915882378247,08:11:20,BusStop_2+
23.56637448584588,87.28589826610431,0.0,25.498501767928804,08:11:21,BusStop_2+
23.56637448584588,87.28589826610431,0.0,25.604581178226095,08:11:22,BusStop_2+
23.56637448584588,87.28589826610431,0.0,25.70999203163985,08:11:23,BusStop_2+
23.56637448584588,87.28589826610431,0.0,25.82228102689556,08:11:24,BusStop_2+
23.56637448584588,87.28589826610431,0.0,25.939644844352735,08:11:25,BusStop_2+
23.56637448584588,87.28589826610431,0.0,26.05643771285207,08:11:26,BusStop_2+
23.56637448584588,87.28589826610431,0.0,26.17492957563447,08:11:27,BusStop_2+
23.56637448584588,87.28589826610431,0.0,26.29598294877101,08:11:28,BusStop_2+
23.566439619857857,87.28561732419587,0.0,26.414404963251613,08:11:29,BusStop_2+
23.566439619857857,87.28561732419587,0.0,26.53544760366643,08:11:30,BusStop_2+
23.566439619857857,87.28561732419587,0.0,26.653975216223948,08:11:31,BusStop_2+
23.566439619857857,87.28561732419587,0.0,26.7789581447502,08:11:32,BusStop_2+
23.566439619857857,87.28561732419587,0.0,26.900070950185462,08:11:33,BusStop_2+
23.566439619857857,87.28561732419587,0.0,27.023502794134636,08:11:34,BusStop_2+
23.566439619857857,87.28561732419587,0.0,27.14306885602519,08:11:35,BusStop_2+
23.566439619857857,87.28561732419587,0.0,27.25579556308171,08:11:36,BusStop_2+
23.566439619857857,87.28561732419587,0.0,27.36766698994487,08:11:37,BusStop_2+
23.566439619857857,87.28561732419587,0.0,27.48096975106924,08:11:38,BusStop_2+
23.566439619857857,87.28561732419587,0.0,27.593986902752892,08:11:39,BusStop_2+
23.566439619857857,87.28561732419587,0.0,27.709244567885943,08:11:40,BusStop_2+
23.566439619857857,87.28561732419587,0.0,27.8283551191819,08:11:41,BusStop_2+
23.566439619857857,87.28561732419587,0.0,27.951651515259655,08:11:42,BusStop_2+
23.566439619857857,87.28561732419587,0.0,28.952978415645735,08:11:43,BusStop_2+
23.566439619857857,87.28561732419587,0.0,29.044345601056513,08:11:44,BusStop_2+
23.566439619857857,87.28561732419587,0.0,29.13010791317398,08:11:45,BusStop_2+
23.566439619857857,87.28561732419587,0.0,29.209342749932976,08:11:46,BusStop_2+
23.566439619857857,87.28561732419587,0.0,29.28545388769694,08:11:47,BusStop_2+
23.566439619857857,87.28561732419587,0.0,29.357167379004867,08:11:48,BusStop_2+
23.566439619857857,87.28561732419587,0.0,29.424242240799508,08:11:49,BusStop_2+
23.566439619857857,87.28561732419587,0.0,29.473163580973193,08:11:50,BusStop_2+
23.566439619857857,87.28561732419587,0.0,29.513202961485955,08:11:51,BusStop_2+
23.566439619857857,87.28561732419587,0.0,29.550277200052225,08:11:52,BusStop_2+
23.566439619857857,87.28561732419587,0.0,29.591234097025414,08:11:53,BusStop_2+
23.566439619857857,87.28561732419587,0.0,29.63154583457635,08:11:54,BusStop_2+
23.566439619857857,87.28561732419587,0.0,29.672502091878957,08:11:55,BusStop_2+
23.566439619857857,87.28561732419587,0.0,29.71099484874746,08:11:56,BusStop_2+
23.566439619857857,87.28561732419587,0.0,29.75127158826588,08:11:57,BusStop_2+
23.566439619857857,87.28561732419587,0.0,29.794194040441813,08:11:58,BusStop_2+
23.566439619857857,87.28561732419587,0.0,29.83189667909391,08:11:59,BusStop_2+
23.566439619857857,87.28561732419587,0.0,29.87114606912836,08:12:00,BusStop_2+
23.566439619857857,87.28561732419587,0.0,29.907428926589443,08:12:01,BusStop_2+
23.566439619857857,87.28561732419587,0.0,29.943585463656394,08:12:02,BusStop_2+
23.566439619857857,87.28561732419587,0.0,29.981321860628547,08:12:03,BusStop_2+
23.566439619857857,87.28561732419587,0.0,30.025549279153545,08:12:04,BusStop_2+
23.566439619857857,87.28561732419587,0.0,30.073188031299157,08:12:05,BusStop_2+
23.566439619857857,87.28561732419587,0.0,30.122987656845172,08:12:06,BusStop_2+
23.566439619857857,87.28561732419587,0.0,30.17583407388347,08:12:07,BusStop_2+
23.566439619857857,87.28561732419587,0.0,30.231367339419084,08:12:08,BusStop_2+
23.566439619857857,87.28561732419587,0.0,30.291055628470613,08:12:09,BusStop_2+
23.566439619857857,87.28561732419587,0.0,30.3561197219399,08:12:10,BusStop_2+
23.566439619857857,87.28561732419587,0.0,30.417069769907677,08:12:11,BusStop_2+
23.566439619857857,87.28561732419587,0.0,30.474687999171135,08:12:12,BusStop_2+
23.566439619857857,87.28561732419587,0.0,30.53072720058736,08:12:13,BusStop_2+
23.566439619857857,87.28561732419587,0.0,30.58203502018032,08:12:14,BusStop_2+
23.566439619857857,87.28561732419587,0.0,30.629033934125022,08:12:15,BusStop_2+
23.566439619857857,87.28561732419587,0.0,30.682537259427278,08:12:16,BusStop_2+
23.566439619857857,87.28561732419587,0.0,30.727088970541356,08:12:17,BusStop_2+
23.566439619857857,87.28561732419587,0.0,30.76639504146454,08:12:18,BusStop_2+
23.566439619857857,87.28561732419587,0.0,30.798718078105466,08:12:19,BusStop_2+
23.566439619857857,87.28561732419587,0.0,30.833261290217113,08:12:20,BusStop_2+
23.566439619857857,87.28561732419587,0.0,30.872251964856318,08:12:21,BusStop_2+
23.566439619857857,87.28561732419587,0.0,30.912620181183,08:12:22,BusStop_2+
23.566439619857857,87.28561732419587,0.0,30.947228059845095,08:12:23,BusStop_2+
23.566439619857857,87.28561732419587,0.0,30.982273015742408,08:12:24,BusStop_2+
23.566439619857857,87.28561732419587,0.0,31.011507209919632,08:12:25,BusStop_2+
23.566439619857857,87.28561732419587,0.0,31.041283438785655,08:12:26,BusStop_2+
23.566439619857857,87.28561732419587,0.0,31.079716498854893,08:12:27,BusStop_2+
23.566439619857857,87.28561732419587,0.0,31.115410528926166,08:12:28,BusStop_2+
23.566439619857857,87.28561732419587,0.0,31.150503727417004,08:12:29,BusStop_2+
23.566439619857857,87.28561732419587,0.0,31.18960436627993,08:12:30,BusStop_2+
23.566439619857857,87.28561732419587,0.0,31.226944037002333,08:12:31,BusStop_2+
23.566439619857857,87.28561732419587,0.0,31.26490656959838,08:12:32,BusStop_2+
23.566439619857857,87.28561732419587,0.0,31.30160337425235,08:12:33,BusStop_2+
23.566439619857857,87.28561732419587,0.0,31.342371383581632,08:12:34,BusStop_2+
23.566439619857857,87.28561732419587,0.0,31.379541933278784,08:12:35,BusStop_2+
23.566439619857857,87.28561732419587,0.0,31.427285332291273,08:12:36,BusStop_2+
23.566439619857857,87.28561732419587,0.0,31.47077607459422,08:12:37,BusStop_2+
23.566439619857857,87.28561732419587,0.0,31.518493843910477,08:12:38,BusStop_2+
23.566439619857857,87.28561732419587,0.0,31.570508135002353,08:12:39,BusStop_2+
23.566439619857857,87.28561732419587,0.0,31.62516777106687,08:12:40,BusStop_2+
23.566439619857857,87.28561732419587,0.0,31.684136903457485,08:12:41,BusStop_2+
23.566439619857857,87.28561732419587,0.0,31.749369136463105,08:12:42,BusStop_2+
23.566439619857857,87.28561732419587,0.0,31.818474188722455,08:12:43,BusStop_2+
23.566439619857857,87.28561732419587,0.0,31.898227228143373,08:12:44,BusStop_2+
23.566439619857857,87.28561732419587,0.0,31.971881672411683,08:12:45,BusStop_2+
23.566439619857857,87.28561732419587,0.0,32.048940000495705,08:12:46,BusStop_2+
23.566439619857857,87.28561732419587,0.0,32.12929871380062,08:12:47,BusStop_2+
23.566439619857857,87.28561732419587,0.0,32.212540763990056,08:12:48,BusStop_2+
23.566439619857857,87.28561732419587,0.0,32.29231592417924,08:12:49,BusStop_2+
23.566439619857857,87.28561732419587,0.0,32.36921634420508,08:12:50,BusStop_2+
23.566439619857857,87.28561732419587,0.0,32.44357906711568,08:12:51,BusStop_2+
23.566439619857857,87.28561732419587,0.0,32.518602123289,08:12:52,BusStop_2+
23.566439619857857,87.28561732419587,0.0,32.59763626971573,08:12:53,BusStop_2+
23.566439619857857,87.28561732419587,0.0,32.674358876784005,08:12:54,BusStop_2+
23.566439619857857,87.28561732419587,0.0,32.75202466739375,08:12:55,BusStop_2+
23.566439619857857,87.28561732419587,0.0,32.83288529675171,08:12:56,BusStop_2+
23.566439619857857,87.28561732419587,0.0,32.92661297192555,08:12:57,BusStop_2+
23.566439619857857,87.28561732419587,0.0,33.0216241465227,08:12:58,BusStop_2+
23.566439619857857,87.28561732419587,0.0,33.119519787746206,08:12:59,BusStop_2+
23.566439619857857,87.28561732419587,0.0,33.21631455780925,08:13:00,BusStop_2+
23.566439619857857,87.28561732419587,0.0,33.31489332953,08:13:01,BusStop_2+
23.566439619857857,87.28561732419587,0.0,33.41628160372934,08:13:02,BusStop_2+
23.566439619857857,87.28561732419587,0.0,33.51503231667537,08:13:03,BusStop_2+
23.566439619857857,87.28561732419587,0.0,33.613411216244934,08:13:04,BusStop_2+
23.566439619857857,87.28561732419587,0.0,33.71091482911013,08:13:05,BusStop_2+
23.566439619857857,87.28561732419587,0.0,33.816673098390346,08:13:06,BusStop_2+
23.566439619857857,87.28561732419587,0.0,33.92351869071716,08:13:07,BusStop_2+
23.566439619857857,87.28561732419587,0.0,34.029889865753795,08:13:08,BusStop_2+
23.566439619857857,87.28561732419587,0.0,34.1361607414706,08:13:09,BusStop_2+
23.566439619857857,87.28561732419587,0.0,34.24150651367669,08:13:10,BusStop_2+
23.566439619857857,87.28561732419587,0.0,34.348283502734596,08:13:11,BusStop_2+
23.566439619857857,87.28561732419587,0.0,34.45462768351512,08:13:12,BusStop_2+
23.566439619857857,87.28561732419587,0.0,34.55609760936493,08:13:13,BusStop_2+
23.566439619857857,87.28561732419587,0.0,34.65593388293071,08:13:14,BusStop_2+
23.566439619857857,87.28561732419587,0.0,34.753894901284646,08:13:15,BusStop_2+
23.566439619857857,87.28561732419587,0.0,34.850710921447444,08:13:16,BusStop_2+
23.566439619857857,87.28561732419587,0.0,34.94982892788971,08:13:17,BusStop_2+
23.566439619857857,87.28561732419587,0.0,35.044248596199395,08:13:18,BusStop_2+
23.566439619857857,87.28561732419587,0.0,35.133624252637986,08:13:19,BusStop_2+
23.566439619857857,87.28561732419587,0.0,35.21851603228695,08:13:20,BusStop_2+
23.566439619857857,87.28561732419587,0.0,35.31025945999461,08:13:21,BusStop_2+
23.566439619857857,87.28561732419587,0.0,35.40266486739077,08:13:22,BusStop_2+
23.566439619857857,87.28561732419587,0.0,35.474260598251924,08:13:23,BusStop_2+
23.566439619857857,87.28561732419587,0.0,35.53513643302493,08:13:24,BusStop_2+
23.566439619857857,87.28561732419587,0.0,35.59536022085586,08:13:25,BusStop_2+
23.566439619857857,87.28561732419587,0.0,35.65800950697254,08:13:26,BusStop_2+
23.566439619857857,87.28561732419587,0.0,35.71136612575384,08:13:27,BusStop_2+
23.566439619857857,87.28561732419587,0.0,35.770577959138855,08:13:28,BusStop_2+
23.566439619857857,87.28561732419587,0.0,35.84043260954259,08:13:29,BusStop_2+
23.566439619857857,87.28561732419587,0.0,35.905870256243816,08:13:30,BusStop_2+
23.566439619857857,87.28561732419587,0.0,35.96068531371647,08:13:31,BusStop_2+
23.566439619857857,87.28561732419587,0.0,36.01715749765313,08:13:32,BusStop_2+
23.566439619857857,87.28561732419587,0.0,36.070401240734775,08:13:33,BusStop_2+
23.566439619857857,87.28561732419587,0.0,36.12654959919818,08:13:34,BusStop_2+
23.566439619857857,87.28561732419587,0.0,36.17723464760536,08:13:35,BusStop_2+
23.566439619857857,87.28561732419587,0.0,36.23352313792004,08:13:36,BusStop_2+
23.566439619857857,87.28561732419587,0.0,36.283256150038184,08:13:37,BusStop_2+
23.566439619857857,87.28561732419587,0.0,36.33283713690896,08:13:38,BusStop_2+
23.566439619857857,87.28561732419587,0.0,36.380219823372876,08:13:39,BusStop_2+
23.566439619857857,87.28561732419587,0.0,36.425246650976106,08:13:40,BusStop_2+
23.566439619857857,87.28561732419587,0.0,36.471556963399806,08:13:41,BusStop_2+
23.566439619857857,87.28561732419587,0.0,36.51657472371139,08:13:42,BusStop_2+
23.566439619857857,87.28561732419587,0.0,36.55306520072141,08:13:43,BusStop_2+
23.566439619857857,87.28561732419587,0.0,36.586496430536535,08:13:44,BusStop_2+
23.566439619857857,87.28561732419587,0.0,36.62443605170898,08:13:45,BusStop_2+
23.566439619857857,87.28561732419587,0.0,36.661847489517626,08:13:46,BusStop_2+
23.566439619857857,87.28561732419587,0.0,36.70551702807677,08:13:47,BusStop_2+
23.566439619857857,87.28561732419587,0.0,36.753381665204856,08:13:48,BusStop_2+
23.566439619857857,87.28561732419587,0.0,36.79941488787231,08:13:49,BusStop_2+
23.566439619857857,87.28561732419587,0.0,36.844504977434745,08:13:50,BusStop_2+
23.566439619857857,87.28561732419587,0.0,36.88987881305942,08:13:51,BusStop_2+
23.566439619857857,87.28561732419587,0.0,36.93177228103993,08:13:52,BusStop_2+
23.566439619857857,87.28561732419587,0.0,36.97587214462479,08:13:53,BusStop_2+
23.566439619857857,87.28561732419587,0.0,37.01944314543881,08:13:54,BusStop_2+
23.566439619857857,87.28561732419587,0.0,37.061905625907855,08:13:55,BusStop_2+
23.566439619857857,87.28561732419587,0.0,37.10488794767248,08:13:56,BusStop_2+
23.566439619857857,87.28561732419587,0.0,37.14795728272576,08:13:57,BusStop_2+
23.566439619857857,87.28561732419587,0.0,37.19218681038699,08:13:58,BusStop_2+
23.566439619857857,87.28561732419587,0.0,37.23539000441309,08:13:59,BusStop_2+
23.566439619857857,87.28561732419587,0.0,37.2754220978897,08:14:00,BusStop_2+
23.566439619857857,87.28561732419587,0.0,37.313216104191945,08:14:01,BusStop_2+
23.566439619857857,87.28561732419587,0.0,37.34815006148469,08:14:02,BusStop_2+
23.566439619857857,87.28561732419587,0.0,37.38089102190426,08:14:03,BusStop_2+
23.566439619857857,87.28561732419587,0.0,37.413198016359594,08:14:04,BusStop_2+
23.566439619857857,87.28561732419587,0.0,37.44509243633781,08:14:05,BusStop_2+
23.566439619857857,87.28561732419587,0.0,37.47408190629941,08:14:06,BusStop_2+
23.566439619857857,87.28561732419587,0.0,37.50409879489121,08:14:07,BusStop_2+
23.566439619857857,87.28561732419587,0.0,37.531812797639724,08:14:08,BusStop_2+
23.566439619857857,87.28561732419587,0.0,37.56017981259837,08:14:09,BusStop_2+
23.566439619857857,87.28561732419587,0.0,37.58885855349261,08:14:10,BusStop_2+
23.566439619857857,87.28561732419587,0.0,37.61656886875057,08:14:11,BusStop_2+
23.566439619857857,87.28561732419587,0.0,37.64573895351975,08:14:12,BusStop_2+
23.566439619857857,87.28561732419587,0.0,37.674348009550854,08:14:13,BusStop_2+
23.566439619857857,87.28561732419587,0.0,37.698747035776826,08:14:14,BusStop_2+
23.566439619857857,87.28561732419587,0.0,37.731408272342684,08:14:15,BusStop_2+
23.566439619857857,87.28561732419587,0.0,37.76537916815727,08:14:16,BusStop_2+
23.566439619857857,87.28561732419587,0.0,37.79818303252576,08:14:17,BusStop_2+
23.566439619857857,87.28561732419587,0.0,37.829324006631644,08:14:18,BusStop_2+
23.566439619857857,87.28561732419587,0.0,37.8514483316702,08:14:19,BusStop_2+
23.566439619857857,87.28561732419587,0.0,37.86945147260266,08:14:20,BusStop_2+
23.566439619857857,87.28561732419587,0.0,37.88569766281395,08:14:21,BusStop_2+
23.566439619857857,87.28561732419587,0.0,37.90771894213916,08:14:22,BusStop_2+
23.566439619857857,87.28561732419587,0.0,37.930218550531094,08:14:23,BusStop_2+
23.566439619857857,87.28561732419587,0.0,37.953006631463566,08:14:24,BusStop_2+
23.566439619857857,87.28561732419587,0.0,37.984445782654745,08:14:25,BusStop_2+
23.566439619857857,87.28561732419587,0.0,38.015357443072844,08:14:26,BusStop_2+
23.566439619857857,87.28561732419587,0.0,38.045164238027255,08:14:27,BusStop_2+
23.566439619857857,87.28561732419587,0.0,38.07844495100361,08:14:28,BusStop_2+
23.566439619857857,87.28561732419587,0.0,38.110431628920665,08:14:29,BusStop_2+
23.566439619857857,87.28561732419587,0.0,38.152553633563585,08:14:30,BusStop_2+
23.566439619857857,87.28561732419587,0.0,38.1947416664688,08:14:31,BusStop_2+
23.566439619857857,87.28561732419587,0.0,38.23904378833516,08:14:32,BusStop_2+
23.566439619857857,87.28561732419587,0.0,38.292933666147405,08:14:33,BusStop_2+
23.566439619857857,87.28561732419587,0.0,38.350073654916066,08:14:34,BusStop_2+
23.566439619857857,87.28561732419587,0.0,38.40899080119582,08:14:35,BusStop_2+
23.566439619857857,87.28561732419587,0.0,38.4693322332591,08:14:36,BusStop_2+
23.566439619857857,87.28561732419587,0.0,38.539016007557976,08:14:37,BusStop_2+
23.566439619857857,87.28561732419587,0.0,38.613244585600185,08:14:38,BusStop_2+
23.566439619857857,87.28561732419587,0.0,38.6878999895779,08:14:39,BusStop_2+
23.566439619857857,87.28561732419587,0.0,38.76426298702566,08:14:40,BusStop_2+
23.566439619857857,87.28561732419587,0.0,38.83949210613604,08:14:41,BusStop_2+
23.566439619857857,87.28561732419587,0.0,38.91214327434371,08:14:42,BusStop_2+
23.566439619857857,87.28561732419587,0.0,38.98537454148839,08:14:43,BusStop_2+
23.566439619857857,87.28561732419587,0.0,39.05487056829975,08:14:44,BusStop_2+
23.566439619857857,87.28561732419587,0.0,39.11979888372481,08:14:45,BusStop_2+
23.566439619857857,87.28561732419587,0.0,39.186073258936176,08:14:46,BusStop_2+
23.566439619857857,87.28561732419587,0.0,39.25352578855901,08:14:47,BusStop_2+
23.566439619857857,87.28561732419587,0.0,39.31581476574674,08:14:48,BusStop_2+
23.566439619857857,87.28561732419587,0.0,39.37244736067326,08:14:49,BusStop_2+
23.566439619857857,87.28561732419587,0.0,39.42581901933758,08:14:50,BusStop_2+
23.566439619857857,87.28561732419587,0.0,39.47884054178565,08:14:51,BusStop_2+
23.566439619857857,87.28561732419587,0.0,39.52734133712974,08:14:52,BusStop_2+
23.566439619857857,87.28561732419587,0.0,39.576925563107636,08:14:53,BusStop_2+
23.566439619857857,87.28561732419587,0.0,39.627851754012156,08:14:54,BusStop_2+
23.566439619857857,87.28561732419587,0.0,39.67776741004011,08:14:55,BusStop_2+
23.566439619857857,87.28561732419587,0.0,39.7301588901244,08:14:56,BusStop_2+
23.566439619857857,87.28561732419587,0.0,39.78680893413795,08:14:57,BusStop_2+
23.566439619857857,87.28561732419587,0.0,39.839479140309486,08:14:58,BusStop_2+
23.566439619857857,87.28561732419587,0.0,39.89165781242377,08:14:59,BusStop_2+
23.566439619857857,87.28561732419587,0.0,39.943706284746725,08:15:00,BusStop_2+
23.566439619857857,87.28561732419587,0.0,39.989174096848686,08:15:01,BusStop_2+
23.566439619857857,87.28561732419587,0.0,40.02956789051808,08:15:02,BusStop_2+
23.566439619857857,87.28561732419587,0.0,40.07243138202072,08:15:03,BusStop_2+
23.566439619857857,87.28561732419587,0.0,40.114223160405075,08:15:04,BusStop_2+
23.566439619857857,87.28561732419587,0.0,40.154356615656994,08:15:05,BusStop_2+
23.566439619857857,87.28561732419587,0.0,40.19462042588395,08:15:06,BusStop_2+
23.566439619857857,87.28561732419587,0.0,40.231922528048976,08:15:07,BusStop_2+
23.566439619857857,87.28561732419587,0.0,40.26454039928281,08:15:08,BusStop_2+
23.566439619857857,87.28561732419587,0.0,40.29324726977196,08:15:09,BusStop_2+
23.566439619857857,87.28561732419587,0.0,40.30850936587685,08:15:10,BusStop_2+
23.566439619857857,87.28561732419587,0.0,40.31060524421663,08:15:11,BusStop_2+
23.566439619857857,87.28561732419587,0.0,40.30919886908812,08:15:12,BusStop_2+
23.566439619857857,87.28561732419587,0.0,40.30740929070325,08:15:13,BusStop_2+
23.566439619857857,87.28561732419587,0.0,40.30396601264881,08:15:14,BusStop_2+
23.566439619857857,87.28561732419587,0.0,40.29813334789426,08:15:15,BusStop_2+
23.566439619857857,87.28561732419587,0.0,40.2977362104394,08:15:16,BusStop_2+
23.566439619857857,87.28561732419587,0.0,40.30158806022657,08:15:17,BusStop_2+
23.566439619857857,87.28561732419587,0.0,40.3066829575148,08:15:18,BusStop_2+
23.566439619857857,87.28561732419587,0.0,40.31138937108659,08:15:19,BusStop_2+
23.566439619857857,87.28561732419587,0.0,40.31493047264045,08:15:20,BusStop_2+
23.566439619857857,87.28561732419587,0.0,40.31874715947647,08:15:21,BusStop_2+
23.566439619857857,87.28561732419587,0.0,40.32276847588807,08:15:22,BusStop_2+
23.566439619857857,87.28561732419587,0.0,40.32578576957211,08:15:23,BusStop_2+
23.566439619857857,87.28561732419587,0.0,40.32617324990682,08:15:24,BusStop_2+
23.566439619857857,87.28561732419587,0.0,40.3234726254727,08:15:25,BusStop_2+
23.566439619857857,87.28561732419587,0.0,40.319189820320865,08:15:26,BusStop_2+
23.566439619857857,87.28561732419587,0.0,40.31319191017078,08:15:27,BusStop_2+
23.56644369369727,87.28553754590689,0.0,40.30656275503441,08:15:28,BusStop_2+
23.566443528074892,87.28553447819954,0.0,40.29817008755512,08:15:29,BusStop_2+
23.566443514506236,87.28553326799282,0.0,40.286333391852665,08:15:30,BusStop_2+
23.56644300356503,87.28553279973461,0.0,40.271619437873596,08:15:31,BusStop_2+
23.566442275182148,87.2855324421957,0.0,40.25509048362149,08:15:32,BusStop_2+
23.566442250723842,87.285532438998,0.0,40.23398562426258,08:15:33,BusStop_2+
23.566442250319824,87.28553243910338,0.0,40.21356740250029,08:15:34,BusStop_2+
23.566442250314118,87.28553243910454,0.0,40.19182298995437,08:15:35,BusStop_2+
23.56644225031404,87.28553243910456,0.0,40.17016435732929,08:15:36,BusStop_2+
23.56644225031404,87.28553243910456,0.0,40.149567388465954,08:15:37,BusStop_2+
23.56644225031404,87.28553243910456,0.0,40.129873762082326,08:15:38,BusStop_2+
23.56644225031404,87.28553243910456,0.0,40.115193395456984,08:15:39,BusStop_2+
23.56644225031404,87.28553243910456,0.0,40.10647422849444,08:15:40,BusStop_2+
23.56644225031404,87.28553243910456,0.0,40.102422026148616,08:15:41,BusStop_2+
23.56644225031404,87.28553243910456,0.0,40.09944426977842,08:15:42,BusStop_2+
23.56644225031404,87.28553243910456,0.0,40.09872225634702,08:15:43,BusStop_2+
23.56644225031404,87.28553243910456,0.0,40.1020253581587,08:15:44,BusStop_2+
23.566437580601498,87.28552236432533,0.7992628812789917,40.142798674818415,08:15:45,
23.566422312837414,87.28550256040089,2.0512638092041016,40.234498988476055,08:15:46,
23.56639987330048,87.2854680922817,3.4149270057678223,40.438155772307965,08:15:47,
23.566374532256262,87.28542705164809,4.158871173858643,43.41848442081179,08:15:48,
23.56634265291707,87.28538194639438,4.997649192810059,45.54437308503161,08:15:49,
23.566309709028136,87.2853426644449,5.122433662414551,47.12899763957863,08:15:50,
23.566270649507064,87.28529166618407,5.4720139503479,48.14114843675639,08:15:51,
23.56623164841573,87.28524790214261,5.583065032958984,49.23051746450828,08:15:52,
23.56618466188861,87.28518719712984,5.76857852935791,50.186591416155544,08:15:53,
23.56613465346752,87.28512091695838,6.001288890838623,51.095836743627174,08:15:54,
23.56608650689213,87.28504961124266,8.59842586517334,51.927646861805655,08:15:55,
23.566035240823357,87.28496914448826,8.985559463500977,53.458502017138926,08:15:56,
23.565992386813516,87.28489041526768,8.419997215270996,55.49372503587698,08:15:57,
23.56595673563557,87.28481459089444,7.680656909942627,56.07004822730933,08:15:58,
23.565925198653797,87.28474593811609,7.194598197937012,55.99627845197375,08:15:59,
23.565897697761983,87.28468425194849,6.488919258117676,55.87673215220417,08:16:00,
23.565865275361492,87.28462318094829,7.062164306640625,56.2302999402547,08:16:01,
23.56583469126881,87.28456167128017,7.062164306640625,56.880647733229935,08:16:02,
23.565791499818065,87.28451029547091,7.5026702880859375,57.01919504295253,08:16:03,
23.565744392449105,87.28446095042128,7.5026702880859375,57.2624297401066,08:16:04,
23.565689891129423,87.28441494381207,7.662142753601074,57.28228662157217,08:16:05,
23.56563468745354,87.28436867712544,7.699715614318848,57.60409005126234,08:16:06,
23.565579510649517,87.2843222906913,7.662527084350586,56.92587270900795,08:16:07,
23.565524767464737,87.2842787091671,7.580492973327637,56.24361349971825,08:16:08,BusStop_3+
23.565484515987535,87.28425361926689,0.0,56.376669239744714,08:16:10,BusStop_3+
23.565484515987535,87.28425361926689,0.0,56.400421398580086,08:16:11,BusStop_3+
23.565452873646514,87.28426961523938,4.359463214874268,59.2380834053628,08:16:12,BusStop_3+
23.565452873646514,87.28426961523938,0.0,59.25528015138364,08:16:13,
23.565452873646514,87.28426961523938,0.0,59.27704181330321,08:16:14,
23.565452873646514,87.28426961523938,0.0,59.30052173897295,08:16:15,
23.565452873646514,87.28426961523938,0.0,59.50819991698398,08:16:16,
23.56545028384354,87.28427422677208,0.0,61.52803672470978,08:16:17,
23.565410896834734,87.284254639193,4.508502006530762,62.81513364413522,08:16:18,
23.565361531717155,87.28423258692605,4.623608112335205,64.33545813627681,08:16:19,
23.565309562924732,87.28421338487372,4.773279666900635,64.95113691988387,08:16:20,
23.565256912426587,87.28419657678818,4.818420886993408,65.00617292749128,08:16:21,
23.565201536377188,87.28418216184336,4.907924175262451,64.60912615932234,08:16:22,
23.565148255035037,87.2841693408908,4.934333801269531,63.69885884132348,08:16:23,
23.565094500895423,87.28415548631759,5.07156229019165,62.57194934893258,08:16:24,
23.56503834716843,87.28414011782772,5.2234416007995605,61.511685076488696,08:16:25,
23.564980586643603,87.28411969649164,5.401769638061523,60.304715189851095,08:16:26,
23.564916584994933,87.28409058869555,5.758901119232178,59.371749506557016,08:16:27,
23.564848871588264,87.28405547727718,6.070993423461914,57.924361326303455,08:16:28,
23.56477758583635,87.28401509793395,6.413251876831055,57.14179353280451,08:16:29,
23.564689291209085,87.28395618945487,8.335151672363281,56.3040941325977,08:16:30,
23.564448747978858,87.28381145910483,7.16340446472168,54.713884734551215,08:16:33,
23.564359272821378,87.28377485888166,6.341132164001465,54.767498174580346,08:16:34,BrokenRoad_3+
23.564283639262236,87.28374498359267,5.336223125457764,55.43068874833676,08:16:35,BrokenRoad_3+
23.56422697560586,87.28373012798232,4.963172912597656,56.28347985431393,08:16:36,BrokenRoad_3+
23.564167619713672,87.28372029719165,4.781029224395752,57.220643052305135,08:16:37,BrokenRoad_3+
23.564113278416993,87.28372039686985,3.7144463062286377,57.21779937250516,08:16:38,BrokenRoad_3+
23.564062601516735,87.283718499697,3.2471158504486084,57.13458867754295,08:16:39,BrokenRoad_3+Turn_4+
23.564034800756875,87.28369952015441,3.904292345046997,57.04522506681117,08:16:40,BrokenRoad_3+Turn_4+
23.564028551162647,87.28368588089643,0.0,56.83931350990897,08:16:41,BrokenRoad_3+Turn_4+
23.564035239326444,87.28366189676606,4.481548309326172,53.78474045816739,08:16:42,BrokenRoad_3+
23.56405649925138,87.28362732753605,4.678386211395264,49.9787974019236,08:16:43,BrokenRoad_3+
23.564072528349342,87.28359474200946,4.069934844970703,49.70147522068881,08:16:44,BrokenRoad_3+
23.56407620602894,87.28356027697761,3.878934144973755,49.52375630407811,08:16:45,BrokenRoad_3+
23.564079388331564,87.28352188207106,3.916278839111328,49.45761747820606,08:16:46,BrokenRoad_3+
23.564088266222896,87.28348740999242,3.9583258628845215,49.358045090668334,08:16:47,BrokenRoad_3+
23.564098791649787,87.28345061895133,4.5031585693359375,48.339866544046444,08:16:48,BrokenRoad_3+
23.56410975051414,87.28340881429685,5.0123186111450195,47.43125934823096,08:16:49,BrokenRoad_3+
23.564120742232006,87.28336355726755,5.101398468017578,46.750975725454616,08:16:50,BrokenRoad_3+
23.564132371633388,87.2833157210423,5.282031059265137,46.375862453794824,08:16:51,
23.56414408383823,87.283274240149,4.638232231140137,45.95882847248882,08:16:52,
23.564157720592288,87.28323477450819,4.367673397064209,45.597279592010075,08:16:53,
23.564172648188684,87.28319825140981,4.363887310028076,44.997422918819844,08:16:54,
23.56419373184311,87.28316716263944,3.8831541538238525,44.96949685460224,08:16:55,
23.5642216046862,87.28314421539963,3.749335765838623,44.943643828777425,08:16:56,
23.56423989456535,87.28313104839359,2.3999831676483154,44.92447111512185,08:16:57,BusStop_4+
23.564257868307685,87.2831256500476,2.0333847999572754,44.881120045586485,08:16:58,BrokenRoad_4+BusStop_4+
23.564281976199073,87.28312884409797,2.6751937866210938,44.83679988699547,08:16:59,BrokenRoad_4+BusStop_4+
23.56430731732422,87.2831320924036,2.8846142292022705,44.755884725919444,08:17:00,BrokenRoad_4+BusStop_4+
23.564326224843036,87.28313287287627,2.3305821418762207,44.66728409647436,08:17:01,BrokenRoad_4+BusStop_4+
23.564349126678298,87.2831245961638,3.2433876991271973,44.55967327026117,08:17:02,BrokenRoad_4+BusStop_4+
23.564353169445685,87.28311000675747,2.345062017440796,44.41721719090895,08:17:03,BrokenRoad_4+BusStop_4+
23.56435636154911,87.28308982682023,2.7793519496917725,44.23170323820494,08:17:04,BrokenRoad_4+BusStop_4+
23.56436289735048,87.2830687074979,3.2492125034332275,44.02859796679027,08:17:05,BrokenRoad_4+BusStop_4+
23.56436289735048,87.2830687074979,0.0,43.73724018725535,08:17:06,BrokenRoad_4+BusStop_4+
23.56436289735048,87.2830687074979,0.0,43.55076588861943,08:17:07,BrokenRoad_4+
23.56436289735048,87.2830687074979,0.0,43.31115434444384,08:17:08,BrokenRoad_4+
23.56436289735048,87.2830687074979,0.0,43.28794742841941,08:17:09,BrokenRoad_4+
23.56436289735048,87.2830687074979,0.0,43.26723546994473,08:17:10,BrokenRoad_4+BusStop_5+
23.56436289735048,87.2830687074979,0.0,43.20328182771767,08:17:11,
23.56436289735048,87.2830687074979,0.0,43.20062834318347,08:17:12,
23.56436289735048,87.2830687074979,0.0,43.192074159957734,08:17:13,
23.56436289735048,87.2830687074979,0.0,43.18778198086712,08:17:14,