-0.09101074,-0.13576767,0.74799454,62754148
0.013921051,-0.14280304,0.9916878,62754348
-0.22947282,-0.26240432,0.60863435,62754548
-0.2468367,-0.41314086,0.4352948,62754748
-0.3092569,-0.1871109,0.72524184,62754948
-0.26764342,-0.28859985,0.798739,62755147
-0.23052064,-0.16735199,0.6779402,62755348
-0.12064911,-0.31913635,0.97177917,62755548
-0.26045838,-0.21540207,0.5029541,62755748
0.03891907,-0.09939331,1.1261083,62755948
-0.18726058,-0.13591737,0.54217255,62756148,BrokenRoad_1+
0.2335144,-0.07409592,1.5443386,62756348,BrokenRoad_1+
0.052391052,0.03158432,1.1009605,62756548,BrokenRoad_1+
0.4258644,0.008232879,1.5148499,62756748,BrokenRoad_1+
0.1472937,-0.024998017,0.8183482,62756948,BrokenRoad_1+
-0.09250763,-0.23126908,0.36449203,62757148,BrokenRoad_1+
-0.03502716,-0.2802173,1.3645624,62757348,BrokenRoad_1+
0.29294083,-0.20103195,0.74260575,62757547,BrokenRoad_1+
0.051043853,-0.02350113,0.56462586,62757748,BrokenRoad_1+
0.14609618,-0.13397141,1.2332854,62757948,BrokenRoad_1+
-0.07125183,-0.37886214,0.46104127,62758147,BrokenRoad_1+
-0.05613327,-0.2775229,1.2189152,62758348
-0.09879456,-0.22079086,0.42272094,62758548
-0.08008347,-0.2507286,1.0333012,62758748
0.0068856813,-0.12918137,0.7496411,62758948
-0.034428407,-0.23321503,1.0515633,62759148
0.020806732,0.09190887,0.43559417,62759348
0.0050894166,-0.40685394,1.0006691,62759548
-0.026494903,-0.36179763,1.1665242,62759748
0.08083191,-0.14265335,0.7021898,62759948
0.085921325,-0.14714402,0.6379733,62760148
0.2945874,-0.7972421,1.9532881,63409734
-0.5315446,0.032931518,0.66431856,63409934
0.011376343,0.019309845,0.6210585,63410135
-0.12663665,-0.06960525,0.8547226,63410335
-0.15492782,-0.20612137,0.5162764,63410535
-0.35745665,0.043110352,0.8931926,63410734
-0.06915619,0.09086105,0.7361691,63410934
-0.3490741,-0.07888596,0.9249266,63411134
-0.15867004,0.10178833,1.0666819,63411334
-0.13112731,-0.0477507,0.82523394,63411534
-0.30222154,0.025447082,0.6987469,63411734,BrokenRoad_1+
-0.20222946,0.047151946,0.78227323,63411934,BrokenRoad_1+
-0.08202942,-0.18336868,1.1027569,63412134,BrokenRoad_1+
-0.27273285,-0.18860778,0.7710466,63412334,BrokenRoad_1+
-0.081580356,-0.1525328,0.8562195,63412535,BrokenRoad_1+
-0.2017804,0.0597258,0.8440947,63412735,BrokenRoad_1+
-0.065863036,-0.34248778,0.60010207,63412934,BrokenRoad_1+
-0.034428407,-0.17827927,0.89483917,63413135,BrokenRoad_1+
-0.06256989,-0.002694397,1.2963043,63413335,BrokenRoad_1+
0.02799179,-0.2758763,0.78691363,63413535
0.003143463,-0.15447876,0.6331833,63413735
-0.2588118,-0.013771363,1.2910652,63413934
-0.29024643,0.16570541,0.0809816,63414135
-0.06960525,-0.09789643,1.3569282,63414335
-0.23171814,-0.034129027,0.8466394,63414534
0.011376343,-0.08831634,0.91759187,63414735
-0.1594185,-0.11301498,1.0624906,63414934
-0.042062532,-0.09894425,1.1359878,63415134
-0.045954436,-0.00703537,0.65488815,63415334
-0.049996033,-0.016316071,0.8081694,63415535
-0.106728055,-0.2933899,0.7515871,63415735
-0.27273285,-0.010029145,0.6303392,63415935
-0.17753083,0.13681549,1.1584411,63416135
-0.1434018,0.020357667,0.5980064,63416334
-0.14639556,-0.0504451,0.8545729,63416535
-0.2269281,0.058228914,0.29832962,63416735
0.085621946,0.0059875487,1.1907737,63416935
-0.23261628,0.07978409,0.3517685,63417135
-0.19609222,-0.083675995,0.6521938,63435934
0.022004241,0.0038919067,0.6529422,63436135,BrokenRoad_2+
0.1074765,-0.2323169,1.2894187,63436334,BrokenRoad_2+
-0.123642884,-0.04790039,0.9807605,63436534,BrokenRoad_2+
-0.21255799,-0.084424436,1.1027569,63436735,BrokenRoad_2+
0.0076341247,-0.28695327,1.0241703,63436935,BrokenRoad_2+
-0.2323169,-0.2998265,0.3266208,63437135,BrokenRoad_2+
-0.4538562,0.016765136,0.3793112,63437335,BrokenRoad_2+
-0.34218842,0.1008902,0.9071137,63437535,BrokenRoad_2+
-0.016765136,-0.27033782,0.8307724,63437735,BrokenRoad_2+
-0.18501526,0.18770966,0.73078036,63437935,BrokenRoad_2+
-0.085172884,0.10103989,0.84169966,63438135,BrokenRoad_2+
-0.20103195,-0.22917344,0.9994716,63438335,BrokenRoad_2+
-0.13307327,-0.17199235,1.2391232,63438534,BrokenRoad_2+
-0.375569,-0.13322297,0.1845662,63438735,BrokenRoad_2+
-0.20941453,-0.066910855,0.93360853,63438935,BrokenRoad_2+
-0.08741821,0.064216465,1.0813513,63439135,BrokenRoad_2+
-0.11750565,-0.002694397,1.6681311,63439334,BrokenRoad_2+
-0.41134462,0.22453308,0.5560936,63439535,BrokenRoad_2+
0.054337006,0.043559417,0.7577243,63439734,BrokenRoad_2+
-0.07948471,0.07948471,0.640518,63439935,BrokenRoad_2+
-0.23995101,0.04326004,1.4028827,63440135,BrokenRoad_2+
-0.19354752,0.09520203,0.58977354,63440334,BrokenRoad_2+
0.02799179,0.043409728,0.053139497,63440535,BrokenRoad_2+
-0.25671616,0.0055384827,1.2117302,63440735,BrokenRoad_2+
-0.19070344,-0.023201752,0.60010207,63440935,BrokenRoad_2+
-0.11825409,0.04086502,0.085172884,63441135,BrokenRoad_2+
0.034278717,-0.29773086,0.78496766,63441334,BrokenRoad_2+
-0.27303222,0.047451325,1.7295035,63441535,BrokenRoad_2+
-0.049996033,0.20103195,0.5427713,63441734,BrokenRoad_2+
0.34877473,-0.09385483,0.7725435,63441935,BrokenRoad_2+
0.051043853,-0.2574646,1.4257851,63442135,BrokenRoad_2+
0.046403505,-0.02933899,0.5005591,63442335,BrokenRoad_2+
-0.6556366,0.51822233,1.257535,63442535,BrokenRoad_2+
-0.12828323,-0.013921051,1.5563136,63442735,BrokenRoad_2+
-0.051043853,-0.06197113,0.19893631,63442935,BrokenRoad_2+
-0.27378067,-0.21165985,0.44427612,63443135,BrokenRoad_2+
-0.16645385,-0.04805008,1.2861255,63443335,BrokenRoad_2+
-0.21585113,-0.26330245,0.53334093,63443535,BrokenRoad_2+
-0.31734008,-0.047601014,0.93510544,63443735,BrokenRoad_2+
-0.081580356,-0.19833755,0.9500743,63443935,BrokenRoad_2+
-0.05957611,-0.44262955,1.4325211,63444135,BrokenRoad_2+
-0.13516891,-0.4074527,1.113235,63444335,BrokenRoad_2+
-0.40311173,0.18127304,0.028590545,63444535,BrokenRoad_2+
-0.123642884,-0.3318599,1.2150234,63444735,BrokenRoad_2+
-0.0023950196,-0.3475772,0.45849654,63444935,BrokenRoad_2+
-0.14220428,-0.48005173,0.12633727,63445135,BrokenRoad_2+
0.010029145,-0.32422578,0.29758117,63445335,BrokenRoad_2+
-0.3543132,-0.09520203,0.9321117,63445535,BrokenRoad_2+
-0.054037627,-0.30222154,0.7143146,63445735,BrokenRoad_2+
-0.3436853,-0.11825409,1.3078303,63445935,BrokenRoad_2+
-0.07888596,-0.029788055,0.87807405,63446135,BrokenRoad_2+
-0.30581406,-0.2161505,1.5031742,63446334,BrokenRoad_2+
-0.00703537,0.23516098,0.20267853,63446535
-0.07319778,-0.012573852,1.1181748,63446735
-0.10103989,-0.0504451,0.46268785,63446935
-0.29234207,0.27048752,0.87403244,63447135
-0.09101074,0.23471192,0.19459534,63447335
-0.20836669,0.5777985,1.3543836,63447534
-0.00703537,0.23516098,0.20267853,63446535
-0.07319778,-0.012573852,1.1181748,63446735
-0.10103989,-0.0504451,0.46268785,63446935
-0.29234207,0.27048752,0.87403244,63447135
-0.09101074,0.23471192,0.19459534,63447335
-0.20836669,0.5777985,1.3543836,63447534
-0.039517824,0.31240037,0.86190766,63447734,BrokenRoad_3+
0.034278717,0.12963043,0.7069798,63447934,BrokenRoad_3+
-0.18561402,0.051343232,0.45280838,63448135,BrokenRoad_3+
-0.13606705,0.031135254,1.4471905,63448334,BrokenRoad_3+
0.055534516,0.1619632,0.97851515,63448535,BrokenRoad_3+
0.0823288,-0.0017962647,1.4757811,63448735,BrokenRoad_3+
0.086220704,-0.11391312,0.48843428,63448935,BrokenRoad_3+
0.15328126,-0.014968872,0.15328126,63449135,BrokenRoad_3+
-0.24069947,0.33200958,1.319506,63449335,BrokenRoad_3+
0.17363891,0.011076965,0.8479866,63449535,BrokenRoad_3+
-0.2377057,-0.13037887,1.248853,63449735,BrokenRoad_3+
0.2163002,-0.3251239,0.59441394,63449936,BrokenRoad_3+
0.13157639,-0.17558487,0.25462052,63450135,BrokenRoad_3+
0.039218444,-0.6119275,1.2666659,63450336,BrokenRoad_3+
-0.23067032,-0.19714004,1.4727874,63450534,BrokenRoad_3+
-0.2865042,-0.07918534,1.907184,63450734,BrokenRoad_3+
0.43170226,-0.29234207,-0.38904098,63450935,BrokenRoad_3+
-0.17318985,0.031135254,0.520318,63451135,BrokenRoad_3+
0.015118561,0.15193406,0.54157376,63451335,BrokenRoad_3+
-0.16795075,0.3835025,1.3034893,63451535,BrokenRoad_3+
-0.028889922,0.35745665,0.7432045,63451736,BrokenRoad_3+
0.05957611,-0.054486696,-0.0583786,63451935,BrokenRoad_3+
-0.102237396,-0.0755928,0.46373567,63452136,BrokenRoad_3+
-0.45894563,-0.042810973,1.2379258,63452336,BrokenRoad_3+
-0.1101709,-0.30850846,0.40415955,63452535,BrokenRoad_3+
-0.40131545,-0.084125064,0.72105056,63452735,BrokenRoad_3+
-0.3848497,-0.033530273,1.2108321,63452935,BrokenRoad_3+
-0.15283218,-0.085771635,0.87403244,63453135,BrokenRoad_3+
-0.3463797,-0.20821701,0.5769003,63453335,BrokenRoad_3+
-0.3607498,-0.37197646,1.2870237,63453535,BrokenRoad_3+
-0.42556503,-0.29114455,1.6022681,63453736,BrokenRoad_3+
-0.26539811,-0.1445993,0.3661386,63453936,BrokenRoad_3+
-0.12484039,-0.35880387,0.9523196,63454136,BrokenRoad_3+
-0.36419266,0.12978011,1.9892135,63454336,BrokenRoad_3+
-0.084424436,0.028889922,0.43020537,63454536,BrokenRoad_3+
-0.2775229,0.17723145,0.3225792,63454735,BrokenRoad_3+
-0.20432511,0.3409909,0.8135582,63454935,BrokenRoad_3+
-0.5069957,0.5218149,1.2982503,63455135,BrokenRoad_3+
0.027692413,0.17588425,1.1759546,63455335,BrokenRoad_3+
-0.30087432,-0.09310638,0.51298326,63455536,BrokenRoad_3+
-0.22049148,0.23590942,0.5559439,63455736,BrokenRoad_3+
-0.18950592,0.18022522,0.44936553,63455935,BrokenRoad_3+
-0.4673282,0.5574408,0.89004916,63456136,BrokenRoad_3+
-0.1978885,0.18950592,1.0481204,63456336,BrokenRoad_3+
-0.22887406,0.43110353,0.38993913,63456535,BrokenRoad_3+
-0.23845413,0.23336472,1.0719209,63456735,BrokenRoad_3+
-0.28066635,0.07125183,0.3546126,63456935,BrokenRoad_3+
-0.20971389,0.22782624,1.2717553,63457135,BrokenRoad_3+
-0.03876938,0.21510269,1.1529025,63457335,BrokenRoad_3+
-0.04700226,0.024099885,0.9457333,63457536,BrokenRoad_3+
-0.37766466,0.5095404,0.58558226,63457736,BrokenRoad_3+
-0.1790277,0.083675995,0.34608033,63457936,BrokenRoad_3+
0.03966751,-0.2309697,1.1645782,63458136,BrokenRoad_3+
-0.14295273,0.052241363,1.6724721,63458335,BrokenRoad_3+
-0.07499405,-0.016615449,0.55923706,63458535,BrokenRoad_3+
-0.16869919,-0.001047821,1.035846,63458736,BrokenRoad_3+
-0.001047821,-0.15911911,-0.102836154,63458936,BrokenRoad_3+
-0.18396744,0.2866539,1.1035053,63459136,BrokenRoad_3+
0.34518218,-0.37886214,0.85053134,63459336,BrokenRoad_3+
0.08966354,-0.001047821,0.21644989,63459536,BrokenRoad_3+
0.01167572,-0.064066775,0.9732761,63459736,BrokenRoad_3+
0.28216323,-0.30311966,1.1847862,63459936,BrokenRoad_3+
-0.15388,-0.1871109,0.64605653,63460136,BrokenRoad_3+
-0.16525635,-0.31674135,0.6544391,63460335,BrokenRoad_3+
-0.103584595,-0.407303,0.6839278,63460536,BrokenRoad_3+
0.07289841,-0.37541932,0.1751358,63460736,BrokenRoad_3+
-0.40865022,-0.16570541,0.60983187,63460936,BrokenRoad_3+
-0.39323226,0.066012725,1.2049942,63461136,BrokenRoad_3+
-0.0013471985,-0.18606308,1.0801538,63461336,BrokenRoad_3+
-0.029488677,-0.2643503,0.7720944,63461536,BrokenRoad_3+
-0.11091934,-0.2908452,1.4627582,63461736,BrokenRoad_3+
-0.22498214,-0.2163002,0.96010345,63461935,BrokenRoad_3+
-0.3662883,-0.29563522,1.2061917,63462136,BrokenRoad_3+
-0.04565506,-0.18202148,0.76251435,63462336,BrokenRoad_3+
-0.24429199,-0.12573853,0.8722362,63462535,BrokenRoad_3+
-0.22677842,-0.32437545,0.71326673,63462736,BrokenRoad_3+
-0.16555573,-0.4007167,0.9726773,63462936,BrokenRoad_3+
0.047451325,-0.7481442,1.5690372,63463137,BrokenRoad_3+
-0.42825943,0.07708969,0.8876541,63463336,BrokenRoad_3+
0.07020401,-0.20582199,-0.04805008,63463535,BrokenRoad_3+
-0.30431718,-0.27901977,1.0653347,63463736,BrokenRoad_3+
-0.26105714,-0.17633331,1.3133688,63463936,BrokenRoad_3+
0.042212218,-0.1898053,0.40939865,63464136,BrokenRoad_3+
-0.40266266,-0.24354355,0.88031936,63464335,BrokenRoad_3+
-0.35206786,0.083675995,0.5281018,63464536,BrokenRoad_3+
-0.19294876,-0.16645385,0.92313033,63464736,BrokenRoad_3+
-0.121397555,-0.34218842,1.3500426,63464936,BrokenRoad_3+
-0.38844222,-0.08981323,0.8626561,63465136,BrokenRoad_3+
-0.0742456,-0.065413974,1.0109977,63465336,BrokenRoad_3+
-0.00943039,0.082478486,0.72045183,63465536,BrokenRoad_3+
-0.09056167,-0.042511597,0.6542894,63465736,BrokenRoad_3+
-0.3956273,-0.16420853,0.9783655,63465936,BrokenRoad_3+
-0.14519806,-0.13636643,0.8710387,63466136,BrokenRoad_3+
0.046253815,-0.24384293,0.7598199,63466335,BrokenRoad_3+
-0.107925564,-0.11720627,0.41418868,63466535,BrokenRoad_3+
-0.1594185,-0.24489075,1.305136,63466736,BrokenRoad_3+
-0.07304809,-0.067060545,0.70428544,63466935,BrokenRoad_3+
0.049846344,-0.14953904,-0.7911049,63467135,BrokenRoad_3+
-0.8026309,0.5891748,2.3405328,63467336,BrokenRoad_3+
-0.03847,0.12813355,0.3930826,63467536,BrokenRoad_3+
0.61626846,-0.46403503,0.27527755,63467736,BrokenRoad_3+
-0.46882507,0.43095383,0.12499008,63467936,BrokenRoad_3+
-0.09280701,0.05149292,1.371448,63468136,BrokenRoad_3+
-0.1844165,-0.10657837,0.95636123,63468336,BrokenRoad_3+
-0.3222798,-0.011526031,0.4803511,63468535,BrokenRoad_3+
-0.24608825,-0.08053253,0.28096572,63468736,BrokenRoad_3+
-0.3195854,-0.0086819455,1.3316308,63468936,BrokenRoad_3+
-0.47226793,-0.03996689,0.5125342,63469136,BrokenRoad_3+
-0.5930667,0.010178833,0.9663904,63469336,BrokenRoad_3+
-0.11630814,-0.16735199,-0.014519806,63469536,BrokenRoad_3+
0.11615845,-0.13457017,0.58198977,63469736,BrokenRoad_3+
-0.32467484,0.122295685,1.5959811,63469935,BrokenRoad_3+
-0.10837463,0.40311173,0.2748285,63470136,BrokenRoad_3+
-0.16375946,-0.105680235,1.2942086,63470336,BrokenRoad_3+
-0.15881974,-0.14115646,0.07110214,63470536,BrokenRoad_3+
-0.31374756,0.040565643,1.3596226,63470736,BrokenRoad_3+
-0.31419662,0.3713777,0.9403446,63470936,BrokenRoad_3+
-0.2999762,0.5119354,0.69994444,63471136,BrokenRoad_3+
-0.09714798,-0.121098176,0.10044113,63471335,BrokenRoad_3+
-0.11600876,-0.05852829,0.43574387,63471536,BrokenRoad_3+
-0.15971786,0.014519806,0.79769117,63471736,BrokenRoad_3+
-0.3965254,0.32692015,0.8687933,63471935,BrokenRoad_3+
-0.39757323,0.17124389,0.2920427,63472136,BrokenRoad_3+
-0.20866607,-0.4486171,0.20911515,63472336,BrokenRoad_3+
-0.1817221,-0.12588821,0.78661424,63472536,BrokenRoad_3+
-0.033081207,-0.030386811,1.2927117,63472736,BrokenRoad_3+
-0.38859192,-0.10942245,0.7084767,63472936,BrokenRoad_3+
-0.17573456,-0.23665787,0.6918613,63473136,BrokenRoad_3+
-0.13561799,0.11211685,-0.015268249,63473336,BrokenRoad_3+
-0.6755452,0.13561799,2.3538551,63473536,BrokenRoad_3+
-0.46927413,-0.006586304,0.6182144,63473736,BrokenRoad_3+
0.24983047,-0.15043716,-0.37047958,63473936,BrokenRoad_3+
-0.44008484,0.5758525,1.9197578,63474136,BrokenRoad_3+
-0.7547305,0.520318,0.41733214,63474336,BrokenRoad_3+
0.35655853,-0.089214474,0.48005173,63474536,BrokenRoad_3+
-0.042960662,-0.36703673,0.5309459,63474736,BrokenRoad_3+
0.25536895,-0.6569838,-0.49008086,63474936,BrokenRoad_3+
-0.19459534,-0.34967285,0.53379,63475135,BrokenRoad_3+
-0.3106041,0.04790039,2.9841943,63475336,BrokenRoad_3+
-0.2559677,0.19130218,1.2022998,63475536,BrokenRoad_3+
0.2695894,-0.44158173,-0.50100815,63475736,BrokenRoad_3+
-0.39712417,0.20103195,0.32347733,63475936,BrokenRoad_3+
-0.4510121,0.3463797,1.0356963,63476136,BrokenRoad_3+
-0.103434905,-0.21704865,0.8981323,63476336,BrokenRoad_3+
-0.30761033,-0.13516891,0.34847534,63476536,BrokenRoad_3+
-0.48259643,0.038170625,0.79574525,63476736,BrokenRoad_3+
0.16705261,-0.19609222,0.8402028,63476935,BrokenRoad_3+
-0.26090744,-0.352966,1.0398875,63477136,BrokenRoad_3+
-0.5186714,0.2785707,1.0713222,63477336,BrokenRoad_3+
-0.032183073,-0.1791774,0.27572662,63477536,BrokenRoad_3+
-0.24504043,-0.20207977,0.36793488,63477736,BrokenRoad_3+
0.18486556,-0.1366658,0.57390654,63477936,BrokenRoad_3+
-0.068258055,-0.20791763,0.76251435,63478135,BrokenRoad_3+
-0.18636246,0.04011658,0.8988808,63478336,BrokenRoad_3+
-0.25941056,-0.10822494,0.38425094,63478536,BrokenRoad_3+
-0.21480331,-0.17214203,0.8827144,63478736,BrokenRoad_3+
-0.16675323,-0.27258316,0.83631086,63478935,BrokenRoad_3+
-0.14624588,0.08771759,0.76895094,63479136,BrokenRoad_3+
-0.13142669,0.1088237,0.85681826,63479336,BrokenRoad_3+
-0.19818787,0.047151946,0.48349458,63479536,BrokenRoad_3+
-0.11915222,-0.1445993,1.047821,63479736,BrokenRoad_3+
-0.27782226,0.31030473,1.137784,63479936,BrokenRoad_3+
0.24548951,0.09909394,1.0677296,63480136,BrokenRoad_3+
-0.11735596,-0.022752685,0.37841308,63480336,BrokenRoad_3+
-0.13412109,0.3118016,1.1385324,63480536,BrokenRoad_3+
-0.10717712,0.20163071,1.4202466,63480736,BrokenRoad_3+
-0.13037887,0.003143463,1.0686278,63480936,BrokenRoad_3+
-0.22198838,0.05583389,0.337099,63481136,BrokenRoad_3+
0.03847,-0.3356021,0.25656646,63481336,BrokenRoad_3+
-0.10298584,-0.27617568,1.2165202,63481536,BrokenRoad_3+
-0.037871245,-0.13397141,0.65204406,63481736,BrokenRoad_3+
0.2282753,-0.27108628,0.49307466,63481935,BrokenRoad_3+
-0.40894958,-0.0034428407,0.42825943,63482136,BrokenRoad_3+
-0.042361908,-0.18022522,1.7512083,63482336,BrokenRoad_3+
-0.21794678,-0.15432908,0.9927356,63482536,BrokenRoad_3+
-0.122595064,-0.51582736,0.028889922,63482736,BrokenRoad_3+
-0.16839981,0.15971786,0.89678514,63482935
0.08173004,-0.0809816,0.9834549,63483135
-0.18082398,-0.060773622,0.8858578,63483335
-0.11136841,0.04415817,0.48514116,63483536
0.2282753,-0.24219635,0.8680449,63483736
0.07694,0.18157242,0.7143146,63483936
0.37003052,-0.036673736,0.5999524,63484136
-0.08068222,0.3435356,1.2317885,63484336
-0.16839981,0.15971786,0.89678514,63482935
0.08173004,-0.0809816,0.9834549,63483135
-0.18082398,-0.060773622,0.8858578,63483335
-0.11136841,0.04415817,0.48514116,63483536
0.2282753,-0.24219635,0.8680449,63483736
0.07694,0.18157242,0.7143146,63483936
0.37003052,-0.036673736,0.5999524,63484136
-0.08068222,0.3435356,1.2317885,63484336
0.16405883,0.23396347,1.4187497,63484535,BrokenRoad_4+
0.16001724,0.123493195,0.89483917,63484736,BrokenRoad_4+
-0.34338593,0.41373962,0.1845662,63484936,BrokenRoad_4+
-0.23590942,-0.08936416,-0.11226654,63485136,BrokenRoad_4+
-0.5448669,0.10208771,1.5464342,63485336,BrokenRoad_4+
-0.37856278,0.01871109,0.6768924,63485536,BrokenRoad_4+
-0.20761825,-0.22228774,1.1187735,63485736,BrokenRoad_4+
-0.11301498,0.01751358,0.6110294,63485936,BrokenRoad_4+
-0.03173401,-0.28051665,-0.030686188,63486136,BrokenRoad_4+
-0.38709503,0.08846603,2.0627105,63486336,BrokenRoad_4+
-0.40251297,0.26779312,0.8301737,63486535,BrokenRoad_4+
0.20088226,-0.21540207,0.5528004,63486736,BrokenRoad_4+
-0.46014312,0.31674135,0.6524931,63486936,BrokenRoad_4+
-0.29952714,-0.020956421,0.084125064,63487136,BrokenRoad_4+
-0.12948075,0.0038919067,1.3289365,63487335,BrokenRoad_4+
-0.5954617,0.21869522,0.88481003,63487536,BrokenRoad_4+
-0.038320314,-0.40909928,-0.44697052,63487736,BrokenRoad_4+
-0.17184265,-0.3740721,1.0265652,63487936,BrokenRoad_4+
-0.33141083,0.08831634,1.4242882,63488136,BrokenRoad_4+
0.13412109,-0.26644593,1.5018269,63488336,BrokenRoad_4+
-0.11391312,-0.009729767,0.21001327,63488536,BrokenRoad_4+
-0.10193802,0.3161426,1.2792398,63488736,BrokenRoad_4+
-0.11555969,0.07783814,0.8851094,63488936,BrokenRoad_4+
-0.27393037,0.12573853,0.7509883,63489136,BrokenRoad_4+
0.07604187,-0.1776805,1.3822256,63489336,BrokenRoad_4+
-0.09445358,-0.16944763,1.1076965,63489536,BrokenRoad_4+
0.22647904,-0.08008347,0.66671354,63489736,BrokenRoad_4+
0.2161505,-0.057929534,0.52196455,63489937,BrokenRoad_4+
0.10777588,-0.0185614,1.4171032,63490136,BrokenRoad_4+
0.50070876,-0.18351837,1.1249107,63490336,BrokenRoad_4+
0.1817221,0.11436218,0.7140152,63490536,BrokenRoad_4+
-0.42436752,0.29907808,-0.08966354,63490736,BrokenRoad_4+
0.3001259,-1.3445041,0.6252498,63490935,BrokenRoad_4+
-1.0285112,0.32168105,2.1561162,63491136,BrokenRoad_4+
-0.033380583,-0.3052153,0.64351183,63491336,BrokenRoad_4+
-0.58049285,0.4062552,-0.606389,63491536,BrokenRoad_4+
0.00464035,-1.1879296,0.17004639,63491736,BrokenRoad_4+
-0.85921323,0.5525011,1.2786411,63491935,BrokenRoad_4+
-0.7276369,-0.084125064,1.611399,63492136,BrokenRoad_4+
-0.69216067,0.29623398,0.8909473,63492336,BrokenRoad_4+
-0.30326936,-0.15642472,-0.13172607,63492535,BrokenRoad_4+
-0.18291962,0.042960662,1.1008109,63492736,BrokenRoad_4+
-0.21944366,0.11271561,0.6700067,63492936,BrokenRoad_4+
-0.21016297,0.042960662,0.86714673,63493136,BrokenRoad_4+
-0.2532733,-0.04670288,0.84888476,63493336,BrokenRoad_4+
-0.22138962,0.10059082,0.37482056,63493536,BrokenRoad_4+
-0.086969145,0.09774674,1.1258088,63493736,BrokenRoad_4+
-0.2908452,0.15837067,0.22318588,63493936,BrokenRoad_4+
0.06885681,-0.045954436,1.2949572,63494137,BrokenRoad_4+
0.19145188,0.25462052,0.8918454,63494336,BrokenRoad_4+
0.28710297,0.38904098,0.12678635,63494537,BrokenRoad_4+
-0.01886078,0.32437545,0.68677187,63494735,BrokenRoad_4+
0.4340973,-0.09325607,1.3433065,63494935,BrokenRoad_4+
0.16570541,0.03772156,0.7791298,63495135,BrokenRoad_4+
-7.484436E-4,0.2906955,0.88001996,63495337,BrokenRoad_4+
-0.123343505,0.21270767,1.1048524,63495535,BrokenRoad_4+
0.1194516,0.023800507,0.2969824,63495735,BrokenRoad_4+
-0.12663665,0.06316864,1.1539503,63495936,BrokenRoad_4+
-0.061072998,0.14894028,1.0967692,63496137,BrokenRoad_4+
0.1445993,0.30671218,1.395548,63496337,BrokenRoad_4+
0.084723815,0.18681152,1.2826827,63496536,BrokenRoad_4+
-0.05748047,-0.059426423,0.6033952,63496737,BrokenRoad_4+
-0.02005829,0.106877744,0.9102571,63496936
0.20507355,-0.1472937,1.0889854,63497137
-0.122744754,0.26988876,0.5628296,63497337
-0.09789643,0.005388794,1.3641133,63497536
-0.104931794,-0.1287323,0.4840933,63497737
-0.26270372,-0.005388794,0.626597,63497936
-0.45759842,-0.1950444,1.3928535,63498137
-0.280367,0.06197113,0.53858,63498337
-0.21989273,0.02335144,1.1855347,63498536
-0.337099,-0.1434018,0.7212002,63498737
-0.33006364,-0.17079483,0.674198,64073944
-0.015118561,0.21510269,1.4539266,64074144
-0.19983444,-0.121247865,0.8319699,64074344
-0.16420853,0.19878662,0.6490503,64074544
-0.21555176,-0.047301635,0.86834425,64074744
-0.0875679,-0.18516494,0.8707393,64074945
-0.3248245,-0.22213806,0.859812,64075144
-0.15852036,0.22333556,0.2906955,64075344
-0.038320314,-0.104033664,1.1154803,64075544
0.016166382,-0.1844165,1.2804374,64075744
-0.08023316,-0.03502716,0.84484315,64075944,BrokenRoad_5+
-0.17708176,-0.101339266,0.91744214,64076144,BrokenRoad_5+
-0.086819455,0.061522063,0.27408004,64076344,BrokenRoad_5+
-0.27078688,0.09190887,1.8517991,64076544,BrokenRoad_5+
-0.06256989,0.13022919,0.5047504,64076745,BrokenRoad_5+
-0.30087432,0.084574126,0.08861572,64076945,BrokenRoad_5+
-0.17678238,0.30566436,1.1220666,64077145,BrokenRoad_5+
-0.47750703,0.21151017,0.37047958,64077345,BrokenRoad_5+
-0.2377057,-0.34578094,-0.20267853,64077545,BrokenRoad_5+
0.11376343,-0.34278718,0.87747526,64077745,BrokenRoad_5+
-0.33275804,0.040565643,0.32317793,64077945,BrokenRoad_5+
0.029638367,-0.25387207,2.1287234,64078145,BrokenRoad_5+
0.22079086,-0.030536499,0.35790575,64078345,BrokenRoad_5+
-0.19294876,-0.23426285,-0.3851491,64078545,BrokenRoad_5+
0.0371228,-0.13322297,1.8275496,64078745,BrokenRoad_5+
0.10538086,-0.1776805,1.1584411,64078945,BrokenRoad_5+
0.12633727,-0.15193406,0.37871248,64079145,BrokenRoad_5+
-0.12708573,0.08771759,-0.3186873,64079345,BrokenRoad_5+
0.10927276,0.011376343,1.6627423,64079545,BrokenRoad_5+
-0.07694,-0.15732284,1.2554393,64079745,BrokenRoad_5+
-0.3637436,0.1498384,1.0614427,64079945,BrokenRoad_5+
-0.013471985,0.33111146,-0.54756135,64080145,BrokenRoad_5+
-0.1061293,-0.42930725,-0.8012837,64080345,BrokenRoad_5+
0.0077838134,-0.5828879,2.6936486,64080545,BrokenRoad_5+
0.03637436,-0.21510269,1.0897338,64080745,BrokenRoad_5+
0.12783417,-0.14235397,0.052989807,64080945,BrokenRoad_5+
-0.19878662,-0.056732025,0.15507752,64081145,BrokenRoad_5+
-0.16795075,0.039068755,1.4715898,64081345,BrokenRoad_5+
-0.17393829,0.20148101,0.9440868,64081544,BrokenRoad_5+
-0.30850846,0.021704864,-0.67329985,64081745,BrokenRoad_5+
-0.30701157,0.07484436,0.96953386,64081945,BrokenRoad_5+
-0.20776795,0.021106109,0.76984906,64082145,BrokenRoad_5+
-0.20956421,-0.28081605,1.6257691,64082345,BrokenRoad_5+
-0.10298584,-0.26315278,0.8725355,64082545,BrokenRoad_5+
-0.35491195,-0.15747254,-0.9198372,64082745
-0.49052992,-0.1484912,0.40894958,64082945
-0.16166382,0.065114595,2.3068528,64083145
-0.17453705,-0.0047900393,1.1157798,64083345
-0.4950206,0.0,0.43828857,64083545
-0.5559439,0.0690065,0.27512786,64083745
-0.07020401,0.1579216,2.1526735,64083945
-0.23441254,0.01167572,0.6514453,64084145
-0.298629,0.066461794,1.1825409,64084345
0.0490979,0.15073654,-0.007933502,64084545
-0.44128236,-0.030087434,0.85936296,64679543
-0.30132338,-0.33455428,0.9223819,64679743
-0.34533188,0.05358856,0.6529422,64679943
-0.31823823,-0.3793112,1.2985497,64680143
-0.14759308,-0.2856061,0.75143737,64680343
-0.40251297,0.11630814,0.8833131,64680543
-0.49382308,-0.21944366,0.97881454,64680743
-0.51148635,-0.12169693,0.13995895,64680943
-0.5798941,-0.22782624,1.0865904,64681143
-1.2422667,-0.08966354,0.07679031,64684143
-1.1189232,-0.4340973,0.5947133,64684343,BrokenRoad_6+
-0.8152048,-0.2588118,1.2644206,64684543,BrokenRoad_6+
-0.70623136,-0.74006104,-0.14265335,64684743,BrokenRoad_6+
-0.028440857,-0.68841845,0.7503896,64684943,BrokenRoad_6+
-0.49427214,0.37811372,1.9582279,64685143,BrokenRoad_6+
-0.11481125,-0.9262738,0.4670288,64685343,BrokenRoad_6+
-0.17708176,-0.17393829,-0.7524852,64685543,BrokenRoad_6+
-0.052840117,-0.1088237,2.0953426,64685743,BrokenRoad_6+
-0.3528163,-0.11106903,1.7601897,64685943,BrokenRoad_6+
0.1459465,0.41134462,-0.21719833,64686143,BrokenRoad_6+
0.25806335,-1.3439053,0.03891907,64686343,BrokenRoad_6+
-0.30761033,0.49023056,1.5814613,64686543,BrokenRoad_6+
-0.61552,0.14923966,1.0665321,64686743,BrokenRoad_6+
0.44173142,-0.40026763,0.16929795,64686943,BrokenRoad_6+
-0.35595977,1.1294014,0.19609222,64687142,BrokenRoad_6+
-0.79828995,0.35640883,2.3689737,64687343,BrokenRoad_6+
-0.5891748,-0.07319778,0.69036436,64687543,BrokenRoad_6+
-0.17723145,0.16286133,-0.07664063,64687742,BrokenRoad_6+
-0.407303,-0.47196853,0.3556604,64687943,BrokenRoad_6+
-0.30072463,-0.66596514,0.76925033,64688143,BrokenRoad_6+
-0.15747254,-0.42766067,0.7819739,64688343,BrokenRoad_6+
-0.8111632,0.1817221,0.9665401,64688543,BrokenRoad_6+
-0.41448808,0.102836154,1.4882053,64688743,BrokenRoad_6+
-0.29758117,-0.20103195,0.46223876,64688943,BrokenRoad_6+
-0.17274079,0.029488677,0.6261479,64689143,BrokenRoad_6+
-0.10508148,-0.19070344,0.65204406,64689343,BrokenRoad_6+
-0.18920654,-0.11555969,0.830473,64689543,BrokenRoad_6+
-0.103434905,-0.017663268,0.24773483,64689742,BrokenRoad_6+
0.3001259,-0.1287323,1.1662248,64689943,BrokenRoad_6+
0.15492782,-0.030686188,0.85412383,64690143,BrokenRoad_6+
0.042212218,-0.15013778,0.6885681,64690343,BrokenRoad_6+
0.08861572,-0.30835876,0.6911128,64690543,BrokenRoad_6+
0.05029541,-0.062719576,0.7008426,64690743,BrokenRoad_6+
-0.22647904,-0.6813831,1.8497036,64690943,BrokenRoad_6+
-0.62420195,-0.10912308,0.9142987,64691143,BrokenRoad_6+
-0.29368928,0.13367203,0.6209088,64691343,BrokenRoad_6+
-0.35116974,0.11915222,0.71880525,64691543,BrokenRoad_6+
-0.35087037,-0.17453705,1.2874727,64691743,BrokenRoad_6+
-0.398172,-0.24339385,0.53169435,64691942,BrokenRoad_6+
-0.37856278,-0.15313156,0.64635587,64692142,BrokenRoad_6+
-0.12978011,0.5144801,0.36434233,64692343,BrokenRoad_6+
-0.22198838,-0.48783553,1.5275733,64692543,BrokenRoad_6+
-0.17663269,-0.24294479,0.60579026,64692743,BrokenRoad_6+
-0.24474105,-0.12394226,-0.0034428407,64692943,BrokenRoad_6+
-0.39502853,0.123792574,1.3224999,64693143,BrokenRoad_6+
-0.008831634,0.11825409,0.8467891,64693343,BrokenRoad_6+
0.18396744,-0.20672013,0.87298465,64693543,BrokenRoad_6+
-0.18366806,-0.16570541,0.29009673,64693743,BrokenRoad_6+
0.16765137,-0.20911515,0.9219328,64693943,BrokenRoad_6+
0.09535172,-0.3240761,1.4001883,64694143,BrokenRoad_6+
0.04685257,0.11705658,0.08861572,64694343,BrokenRoad_6+
0.39742357,-0.3197351,0.50579816,64694543,BrokenRoad_6+
-0.051343232,-0.2800676,0.85651886,64694743,BrokenRoad_6+
-0.02574646,0.017064514,1.2540921,64694943,BrokenRoad_6+
0.04535568,-0.0119750975,1.1886781,64695143,BrokenRoad_6+
0.087118834,0.05254074,0.019010467,64695343,BrokenRoad_6+
0.32422578,-0.26270372,1.1644286,64695543,BrokenRoad_6+
0.1287323,0.102387086,1.4367124,64695743,BrokenRoad_6+
0.123044126,-0.17034577,0.8728349,64695943,BrokenRoad_6+
-0.11002121,-0.18097366,0.9729767,64696143,BrokenRoad_6+
-0.30192214,-0.24548951,0.7273375,64696343,BrokenRoad_6+
0.019309845,-0.40894958,1.3650115,64696543,BrokenRoad_6+
-0.03876938,-0.041613463,0.3104544,64696743,BrokenRoad_6+
0.025297394,-0.09205856,0.8626561,64696943,BrokenRoad_6+
0.041763153,-0.19489472,1.4786252,64697143,BrokenRoad_6+
0.16825013,-0.1484912,0.62315416,64697343,BrokenRoad_6+
0.42556503,-0.25536895,0.9937834,64697543,BrokenRoad_6+
-0.03876938,0.33335677,1.1305989,64697743,BrokenRoad_6+
0.0703537,-0.047451325,0.71730834,64697943,BrokenRoad_6+
