0.7779323,-0.2402504,2.753973,61666581,Bumper_1+
-0.54980665,0.17962646,-3.0159283,61666781,Bumper_1+
-0.7569759,-0.34293687,1.1892769,61666981,Bumper_1+
-0.16705261,-0.039368134,2.6788294,61667181,Bumper_1+
0.12933105,-0.10538086,0.11855347,61667380,Bumper_1+
-0.45086244,0.01871109,1.2865746,61667580,Bumper_1+
-0.24953109,0.19743942,0.5427713,61667781,Bumper_1+
-0.33934432,-0.068108365,0.62674665,61667981,Bumper_1+
-0.16241226,-0.49681687,1.0211765,61668181,Bumper_1+
-0.27258316,0.81789917,2.0016375,61668381,Bumper_1+
-0.08966354,-0.5860313,-0.02215393,61668581,Bumper_1+
-0.7104227,0.16750167,0.17932709,61668781,Bumper_1+
-0.06885681,-0.06301895,1.7483642,61668981,Bumper_1+
-0.92687255,0.26584718,0.35116974,61669181,Bumper_1+
-1.2886702,0.30566436,0.73033124,61669380,Bumper_1+
-0.16750167,-0.17244141,0.55324954,61669581,Bumper_1+
-0.72269714,0.16615447,0.626597,61669781,Bumper_1+
-0.43559417,0.19220032,0.42541534,61669981,Bumper_1+
-0.46762756,0.17693207,0.9858499,61670181,Bumper_1+
-0.7164102,-0.09999207,0.8375084,61670380
-0.28874955,0.16989669,0.6328839,61670581
-0.44128236,-0.069455564,1.1213182,61670781
-0.17633331,-0.061821442,0.7773335,61670981
0.061072998,0.055235136,0.8719368,61671181
0.069455564,0.14025833,0.787662,61671380
0.37018022,-0.1405577,0.8183482,61671581
0.5990543,-0.123343505,0.65892977,61671781
0.33605117,-0.24204665,0.6554869,61671981
0.47556105,-0.16944763,1.1114388,61672181
-0.005388794,0.042960662,0.947829,62679948
0.0068856813,-0.09624985,0.8216414,62680148
0.11002121,-0.039068755,1.0214758,62680348
0.03966751,-0.21929398,1.0780581,62680548
0.059276734,-0.13112731,0.9048683,62680748
0.0055384827,-0.07723938,0.78631485,62680948
0.020207977,-0.018411713,0.58588165,62681148
0.10508148,-0.04924759,0.9273216,62681348
0.13127701,-0.13846207,0.8725355,62681547
0.24174729,0.07574249,1.267115,62703748
0.6164181,0.07798782,2.3357427,62703948,Bumper_2+
-0.8878038,0.2559677,-1.9410137,62704148,Bumper_2+
-1.3793815,-0.7402107,-1.1615845,62704348,Bumper_2+
-0.37796402,0.48559022,2.5331821,62704548,Bumper_2+
-0.24489075,0.25117767,1.4227912,62704748,Bumper_2+
0.061821442,-0.043110352,0.23276596,62704948,Bumper_2+
-0.89334226,0.17079483,1.4813195,62705148,Bumper_2+
-0.4538562,-0.18815872,1.1294014,62705347,Bumper_2+
-0.9993219,-0.0013471985,-0.055684205,62705547,Bumper_2+
-0.86864364,0.2640509,0.3571573,62705748,Bumper_2+
-0.1910028,0.18022522,1.6789087,62705948,Bumper_2+
-0.4035608,0.17363891,0.48139894,62706148,Bumper_2+
-0.5550458,0.23111938,1.0445279,62706348,Bumper_2+
-0.31734008,0.060324553,0.57645124,62706548,Bumper_2+
-0.36553985,0.044607237,1.016087,62706748,Bumper_2+
-0.57136184,0.106728055,0.67644334,62706947,Bumper_2+
-0.3104544,0.0411644,1.2226574,62707147
-0.30386811,0.20552261,0.6731502,62707348
-0.37871248,0.06361771,0.6638695,62707548
-0.17244141,0.042511597,1.0683284,62707748
-0.24069947,0.06316864,0.8111632,62707948
0.01167572,0.014669495,1.0370435,62708148
-0.21076173,0.14894028,0.5956114,62708348
-0.1540297,-0.07080276,0.42017624,62708548
0.065114595,-0.09610016,0.7312294,62708748
0.009879456,-0.19010468,0.73497164,62708948
0.02574646,-0.17034577,0.7978409,62709148
0.1207988,-0.012274475,1.1976595,62709348
-0.013022918,-0.16016693,0.68781966,62709548
-0.012573852,-0.16630417,0.53364027,62709748
5.987549E-4,-0.061821442,0.787662,62709948
4.4906617E-4,0.10927276,1.0737172,62710148
0.07514374,-0.06885681,0.75173676,62710348
-0.11541,-0.24489075,0.5906717,62710547
-0.043858796,-0.1672023,0.86864364,62710748
0.3600014,-0.050894164,0.89798266,62713947
0.104183346,-0.13741425,0.8201445,62714148,Bumper_3+
0.18127304,-0.0676593,1.3597723,62714348,Bumper_3+
0.44622207,-0.104931794,2.7946885,62714548,Bumper_3+
-0.2282753,0.45041335,-2.6461973,62714748,Bumper_3+
-0.13337265,-0.12678635,0.7481442,62714948,Bumper_3+
-0.010927277,-0.11765534,2.5906627,62715148,Bumper_3+
-0.42391846,0.06361771,0.81131285,62715348,Bumper_3+
-0.1552272,0.20297791,1.2919633,62715548,Bumper_3+
-0.35506165,-0.103734285,0.5324428,62715748,Bumper_3+
-1.0629396,-0.043858796,-0.28755203,62715948,Bumper_3+
-0.16435821,-0.1805246,1.1641291,62716148,Bumper_3+
-0.2228865,0.1751358,0.87522995,62716348,Bumper_3+
-0.41927812,0.010328522,0.9116043,62716548,Bumper_3+
-0.22887406,-0.086819455,0.89768326,62716748,Bumper_3+
-0.34413436,0.030686188,0.9032217,62716948,Bumper_3+
-0.3861969,0.050145723,0.6183641,62717148,Bumper_3+
-0.038170625,0.104931794,0.7984396,62717348,Bumper_3+
-0.3436853,-0.13876145,1.0526111,62717548
-0.13501923,-0.012124786,0.735271,62717748
-0.24563919,0.16001724,0.5471123,62717948
5.987549E-4,-0.16690293,1.2777429,62718147
-0.12678635,0.09595047,0.4926256,62718348
-0.21016297,-0.14265335,1.065185,62718548
-0.14085709,0.047451325,0.6291417,62718748
0.17094451,-0.020956421,1.1669732,62718948
-0.059276734,0.17723145,0.7671547,62719147
0.08217911,-0.07768845,1.0762619,62719348
0.03876938,-0.0068856813,0.8875044,63780864
-0.39263353,-0.06556366,0.5816904,63781064
-0.030087434,-0.07619156,0.61656785,63781264
0.11960129,-0.15777192,0.64979875,63781463
0.02694397,-0.20237915,0.8970845,63781664
0.260159,0.07020401,1.2367282,63781864
0.0875679,-0.15492782,0.8481363,63782064
0.4604425,-0.221689,0.93989545,63782264
0.51537824,-0.007484436,1.0268646,63782463
0.020207977,0.119002536,1.1033555,63788064
0.25027955,0.089214474,0.98450273,63788264,Bumper_1+
0.1790277,0.18276992,0.65892977,63788463,Bumper_1+
0.24040009,0.014968872,2.3628364,63788664,Bumper_1+
-0.49187714,0.0035925293,0.21854553,63788864,Bumper_1+
-0.18995498,-0.20282821,-0.85113007,63789064,Bumper_1+
-0.3489244,0.5224136,2.6331742,63789264,Bumper_1+
-0.61626846,-0.2362088,0.88181627,63789463,Bumper_1+
0.32287857,0.055534516,0.6044431,63789664,Bumper_1+
-0.6527925,0.14474899,0.98944247,63789864,Bumper_1+
-0.009131012,-0.08083191,1.7336948,63790064,Bumper_1+
-0.28321105,-0.07723938,-0.123193815,63790264,Bumper_1+
-0.07140152,0.1366658,0.41867936,63790463,Bumper_1+
0.24938141,0.013322297,1.4582676,63790664,Bumper_1+
-0.16121475,0.14415024,0.62584853,63790864,Bumper_1+
-0.09475296,-0.0035925293,0.88031936,63791063,Bumper_1+
-0.07664063,0.02799179,0.91325086,63791263,Bumper_1+
0.16705261,-0.24174729,0.8719368,63791463,Bumper_1+
-0.0019459534,-0.06316864,0.9159453,63791664,Bumper_1+
-0.11166778,0.19684067,0.7378157,63791864,Bumper_1+
0.03861969,-0.14669494,0.8092172,63792064,Bumper_1+
-0.006286926,0.016765136,0.69216067,63792264
0.019758912,0.012124786,1.1141331,63792463
0.23471192,-0.123193815,0.877625,63792664
0.1619632,0.026345216,0.9048683,63792864
0.12633727,0.02799179,0.92747134,63793064
-0.27542725,-0.00943039,0.75368273,63798664
-0.4007167,-0.11705658,0.33215928,63798864
-0.030237122,-0.2335144,1.1746074,63799064
-0.38020936,0.0059875487,0.64725405,63799264
-0.065413974,-0.069305874,0.99557966,63799463
-0.19474502,-0.09714798,0.5734575,63799664
-0.30087432,0.09984238,0.8171507,63799864
-0.24713607,-0.03876938,0.96130097,63800064
-0.041763153,-0.25536895,1.0559043,63800264
-0.19818787,-0.085621946,1.0741663,63800463
0.04939728,0.105680235,0.37811372,63800664,Bumper_2+
0.08637039,0.13756393,1.4632072,63800864,Bumper_2+
0.21734802,-0.07499405,0.72269714,63801064,Bumper_2+
0.39712417,0.44277924,3.2431557,63801264,Bumper_2+
-0.27243346,-0.103734285,-1.5744259,63801463,Bumper_2+
-0.04580475,-0.5046007,0.95366687,63801663,Bumper_2+
0.35057098,0.06780899,1.6600479,63801863,Bumper_2+
-0.7803273,0.2228865,0.3742218,63802064,Bumper_2+
-0.0025447083,-0.3248245,1.1289524,63802264,Bumper_2+
-0.06870712,-0.19863693,0.4349954,63802463,Bumper_2+
0.44247985,-0.09400452,1.1138338,63802664,Bumper_2+
0.3635939,0.11376343,1.0032138,63802864,Bumper_2+
0.13157639,0.0597258,1.3696518,63803064,Bumper_2+
0.1432521,0.1565744,0.5783972,63803264,Bumper_2+
0.2868036,-0.032183073,0.73691756,63803463,Bumper_2+
0.06451584,0.16390915,0.72898406,63803664,Bumper_2+
0.10897339,0.0055384827,1.4401551,63803864,Bumper_2+
-0.7415579,0.12828323,0.7773335,63804064,Bumper_2+
-0.3450325,-0.068258055,0.21435425,63804264,Bumper_2+
-0.30955628,0.054337006,0.8637039,63804463,Bumper_2+
-0.47825545,-0.07274872,0.46343628,63804664
-0.37526962,-0.1540297,1.2464579,63804864
-0.27168503,-0.12693603,0.92821974,63805064
-0.2667453,-0.17693207,0.41987687,63805264
-0.2508783,-0.16420853,1.287772,63805463
-0.11091934,-0.21540207,0.8159532,63805663
-0.2415976,-0.24489075,0.71596116,63805864
0.10657837,-0.15208374,1.2033477,63806064
-0.18726058,-0.12798385,1.339714,63806263
0.09639954,-0.44906616,0.69575316,63806463
-0.25551865,-0.10957214,0.8783734,63816264
-0.3359015,-0.21210891,0.9181906,63816463
-0.2680925,0.10508148,0.8120613,63816664
-0.12933105,-0.13067825,1.4079721,63816864
-0.030087434,-0.18022522,0.8187973,63817064
-0.051642608,-0.19669098,1.3386662,63817264
-0.10732681,-0.043559417,0.88481003,63817463
-0.321232,0.09131012,0.8089178,63817664
-0.16630417,-0.1074765,0.70907545,63817863
0.43080413,0.042661287,1.0889854,63824664
0.28979737,-0.032931518,0.9394464,63824863,Bumper_3+
0.18291962,-0.011376343,0.9068143,63825064,Bumper_3+
-0.013322297,0.026644593,0.79858935,63825264,Bumper_3+
-0.057929534,-0.11361374,1.1051518,63825463,Bumper_3+
-0.20941453,-0.041613463,1.137784,63825664,Bumper_3+
0.055684205,-0.26210496,1.9046392,63825864,Bumper_3+
-0.24578887,-0.0742456,1.0109977,63826064,Bumper_3+
-1.2698094,-0.16735199,-1.0792557,63826264,Bumper_3+
-1.4697936,-0.38290375,-1.2412189,63826463,Bumper_3+
-0.6595285,0.09699829,2.4300468,63826664,Bumper_3+
-1.7609382,-0.27632537,1.8982027,63826864,Bumper_3+
-1.1409274,-0.3861969,-0.13876145,63827064,Bumper_3+
-1.3127701,-0.13292359,0.7399113,63827264,Bumper_3+
-0.8452922,0.047451325,0.3197351,63827463,Bumper_3+
-0.4620891,-0.34578094,0.86894304,63827664,Bumper_3+
-0.75592804,0.0068856813,1.3882132,63827864,Bumper_3+
-0.5914201,0.067060545,1.3591735,63828064,Bumper_3+
-1.2202624,-0.21091141,0.21046235,63828264,Bumper_3+
-1.117127,0.03607498,-0.33081207,63828463,Bumper_3+
0.018262023,-0.12484039,1.4361136,63828664,Bumper_3+
-0.3860472,0.028291168,1.1347902,63828864,Bumper_3+
-0.592917,-0.27542725,0.23950195,63829064,Bumper_3+
-0.40565643,-0.016765136,0.69320846,63829264,Bumper_3+
-0.4204756,-0.013022918,0.99363375,63829464,Bumper_3+
-0.22258712,-0.16615447,0.6848259,63829664,Bumper_3+
-0.4484674,-0.18830842,0.69859725,63829864,Bumper_3+
-0.23980133,-0.31284943,0.7649094,63830064,Bumper_3+
-0.4273613,-0.024998017,0.82089293,63830264,Bumper_3+
-0.30686188,-0.13516891,0.5331912,63830463,Bumper_3+
-0.25776398,-0.04939728,1.129102,63830664,Bumper_3+
-0.19444565,-0.22498214,0.6954538,63830864,Bumper_3+
-0.30431718,-0.14250366,1.3419594,63831064,Bumper_3+
-0.24758515,-0.0755928,0.9592053,63831264
-0.31225067,-0.20627105,0.19324814,63831463
0.8205936,0.16944763,0.79484713,63831664
0.73152876,-0.050145723,1.2054433,63831864
0.26285338,0.08113129,0.7575746,63832063
0.3186873,-0.16600479,1.2160711,63832264
0.19579285,-0.0034428407,0.57570285,63832463
0.29758117,-0.32572266,1.3442047,63832664
-0.2799179,0.09595047,0.64695466,63832864
-0.20088226,-0.11376343,0.70293826,63833064
-0.12828323,-0.33455428,0.23306534,63857464,Bumper_4+
-0.15073654,-0.37077895,0.62584853,63857664,Bumper_4+
-0.41673338,-0.24040009,1.0633887,63857865,Bumper_4+
-0.48514116,-0.24923173,0.4376898,63858064,Bumper_4+
-0.40251297,-0.3686833,0.51522857,63858264,Bumper_4+
-0.28590545,-0.2863545,1.1380833,63858464,Bumper_4+
-0.5261558,-0.07259903,0.8825647,63858665,Bumper_4+
-0.35880387,-0.2719844,0.72703815,63858865,Bumper_4+
-0.17842895,-0.23141876,1.0229727,63859064,Bumper_4+
-0.19429596,-0.3118016,0.624651,63859265,Bumper_4+
-0.21121079,-0.25686586,1.1482621,63859464,Bumper_4+
0.19669098,-0.30386811,1.0237212,63859665,Bumper_4+
-0.083975375,-0.2215393,1.0288106,63859865,Bumper_4+
0.035775606,-0.22468276,0.8216414,63860065
-0.0050894166,-0.2296225,0.70653075,63860265
0.039368134,-0.36119887,0.76116717,63860464
0.11241623,-0.3743715,0.4682263,63860665
0.0782872,-0.31240037,1.0042616,63860865
0.09939331,-0.1790277,0.7569759,63861065
-0.07649094,-0.121996306,0.85247725,63861265
0.15762222,-0.33141083,1.6167879,63861464
0.07768845,-0.27647507,0.21345611,63861665
0.031434633,-0.33679962,1.4003379,63861865
-0.38679564,0.049696654,1.108894,63896664,Bumper_5+
-0.6306386,-0.3608995,0.9701326,63896865,Bumper_5+
-0.67329985,0.09280701,1.0964699,63897065,Bumper_5+
-0.99243623,-0.12484039,-0.3329077,63897265,Bumper_5+
-0.46223876,-0.12858261,0.6917116,63897464,Bumper_5+
0.25267455,-0.35610947,1.866319,63897665,Bumper_5+
-0.47870454,0.12693603,0.2230362,63897865,Bumper_5+
-0.6453081,-0.25716522,0.59770703,63898065,Bumper_5+
-0.5037025,0.4510121,1.5117064,63898265,Bumper_5+
-0.352966,-0.2163002,0.4102968,63898464
-0.26330245,-0.1445993,0.14355148,63898665
-0.2561174,-0.04415817,0.95127183,63898865
-0.11196716,-0.061821442,1.882635,63899065
-0.38080812,0.1817221,0.1607657,63899265
-0.29952714,0.043110352,-0.052241363,63899465
-0.23261628,-0.24863297,0.7586224,63899665
-0.41493714,-0.019609222,0.5188211,63899865
-0.27153534,-0.09280701,1.4093193,63900065
0.037871245,0.054187316,0.90561676,63900265
-0.50011003,-0.23815475,0.8310718,63900464
0.4403842,0.0040415954,0.5945636,63900665
0.58722883,-0.021854553,1.0371932,63900865
0.45355684,0.12933105,1.0310559,63901065
0.21839584,0.17678238,0.4685257,63901265
0.30147308,0.1101709,1.4337186,63901464
0.20222946,-0.10074051,1.1078463,63901665
0.023950195,0.008532257,0.90876025,63901865
-0.24069947,-0.19878662,1.1654763,63902065
0.11720627,-0.01871109,0.9515712,63908666
0.06975494,0.09280701,0.5670209,63908865,Bumper_6+
-0.0068856813,-0.0902623,1.6869919,63909065,Bumper_6+
-0.20851639,0.14504836,0.6297405,63909265,Bumper_6+
-0.9580078,-0.0044906614,-0.89678514,63909464,Bumper_6+
-0.42781037,-0.75023985,-0.6021977,63909665,Bumper_6+
-0.21255799,0.08876541,2.2782624,63909865,Bumper_6+
-0.8250842,0.00583786,1.1551479,63910065,Bumper_6+
-0.61761564,-0.359702,1.2802876,63910265,Bumper_6+
-0.73048097,-0.39607635,0.753533,63910464,Bumper_6+
-1.18299,-0.08217911,-0.558788,63910664,Bumper_6+
-0.4725673,-4.4906617E-4,0.5105882,63910865,Bumper_6+
-0.4379892,-0.1646576,1.2440629,63911065,Bumper_6+
-0.6192622,-0.14804214,0.1167572,63911265,Bumper_6+
-0.41239244,0.008981323,1.2063414,63911464,Bumper_6+
-0.45550278,-0.14295273,0.49906218,63911665,Bumper_6+
-0.3050656,-0.25312364,1.0201286,63911865,Bumper_6+
-0.1419049,0.09460327,0.35595977,63912064
-0.43754014,-0.07948471,1.5826589,63912265
-0.17348923,-0.060174868,1.3204042,63912464
0.019609222,-0.10942245,0.3703299,63912665
0.006586304,-0.28859985,0.123193815,63912865
-0.15447876,-0.33694932,1.0138417,63913066
0.08936416,-0.04580475,1.0422826,63913265
0.09580078,0.040715333,0.89648575,63913464
-0.124690704,-0.13756393,0.6399193,63913665
-0.057031404,-0.060025178,1.5887961,63913865
-0.52076703,-0.33230895,1.1047027,64027542
-0.3195854,-0.2749782,0.26854157,64027742
-0.18291962,-0.49023056,0.55324954,64027943
-0.35146913,-0.28051665,1.1552975,64028143
-0.12783417,-0.47660887,0.88989943,64028342
-0.2377057,-0.3902385,0.5113367,64028542
-0.29383895,-0.20552261,1.3742921,64028743
-0.065713346,-0.39727387,0.41119492,64028943
-0.27123597,-0.3689827,0.63752425,64029143
-0.08906479,0.014669495,0.6914122,64071944
-0.21600083,-0.046253815,0.78377014,64072144,Bumper_7+
0.031135254,-0.31763947,2.2653892,64072345,Bumper_7+
-0.15058686,-0.0044906614,0.4460724,64072545,Bumper_7+
-0.06556366,0.103434905,-0.1607657,64072743,Bumper_7+
-0.24294479,-0.2242337,0.8653505,64072943,Bumper_7+
-0.12648697,-0.16645385,1.5468832,64073143
-0.2829117,0.14624588,0.837209,64073344
-0.27153534,-0.18591338,1.2255015,64073544
-0.038020935,-0.18636246,0.6011499,64073744
-0.33006364,-0.17079483,0.674198,64073944
-0.015118561,0.21510269,1.4539266,64074144
-0.19983444,-0.121247865,0.8319699,64074344
-0.16420853,0.19878662,0.6490503,64074544
-0.21555176,-0.047301635,0.86834425,64074744
-0.0875679,-0.18516494,0.8707393,64074945
-0.036673736,-0.25731492,0.85681826,64084745
-0.5123845,0.09250763,0.72613996,64084945
-0.09400452,0.055235136,0.48633865,64085145
-0.30835876,-0.021555176,0.6908134,64085345
-0.31734008,0.061671752,1.6329542,64085545
-0.019010467,0.24743545,0.8966354,64085745
-0.11511063,-0.02215393,0.5417235,64085945
-0.17678238,-0.16825013,0.24489075,64086145
-0.13696519,-0.11555969,0.97731763,64086345
-0.33260834,-0.123792574,0.78227323,64138346
-0.016615449,0.06197113,0.8228389,64138546,Bumper_8+
-0.20746857,-0.066910855,1.479673,64138746,Bumper_8+
-0.20776795,-0.34787658,3.0611343,64138946,Bumper_8+
0.18890716,0.25985962,-0.2695894,64139146,Bumper_8+
-0.16241226,-0.103584595,-2.4884253,64139346,Bumper_8+
-1.0509645,-0.31464568,-0.42317,64139546,Bumper_8+
-0.49307466,-0.24653733,3.0599368,64139746,Bumper_8+
-0.50759447,-0.24249573,2.6156607,64139945,Bumper_8+
-0.40251297,0.001047821,0.83122146,64140146,Bumper_8+
-0.5351372,-0.16959733,-0.7098239,64140346,Bumper_8+
-0.29847932,-0.17708176,0.39892045,64140546,Bumper_8+
-0.120948486,-0.09250763,1.1722124,64140746,Bumper_8+
-0.48274612,0.015417938,1.0756631,64140946,Bumper_8+
-0.36553985,0.20582199,0.97656924,64141146,Bumper_8+
-0.17753083,-0.0902623,-0.28994706,64141345,Bumper_8+
-0.47945297,-0.3330574,0.5309459,64141546
-0.23321503,-0.15642472,0.6075865,64141746
-0.18022522,-0.445773,1.2629237,64141946
-0.21794678,-0.40820113,0.9223819,64142146
-0.565524,-0.06795868,0.93076444,64142346
-0.22408402,-0.07334747,1.181493,64142546
-0.19414628,-0.27812165,0.75458086,64142746
-0.27422974,-0.033081207,0.36853364,64142946
-0.35625917,0.18202148,0.6981482,64143146
0.030835876,-0.18546432,0.82268924,64143346
0.085771635,-0.58468413,-0.20387603,64292149
0.434247,-0.09056167,1.8001566,64292349
0.45265868,0.07379654,0.54591477,64292549
0.63782364,-0.34952316,0.6620732,64292749
-0.11331436,0.38978943,0.62450135,64292949
0.25432113,-0.28156447,0.75967026,64293149
-0.199086,0.033230897,1.178649,64293349
-0.56687117,0.42287064,1.5362554,64293549
-0.5825885,0.24608825,0.97088104,64293749
-0.015118561,0.09295669,-0.20118164,64486541
-0.017663268,-0.3927832,1.194965,64486741,Bumper_9+
-0.36314484,-0.12633727,2.170786,64486941,Bumper_9+
-0.15762222,0.034129027,0.07649094,64487141,Bumper_9+
-0.15687378,-0.2830614,-1.6046631,64487341,Bumper_9+
0.067509614,-0.0916095,1.9556831,64487541,Bumper_9+
-0.31734008,-0.5484595,2.5262966,64487741,Bumper_9+
-0.15238312,0.18486556,-0.624651,64487941,Bumper_9+
-0.06870712,-0.23785537,-0.11466156,64488141,Bumper_9+
-0.37766466,-0.17887802,2.2305117,64488341
-0.03397934,-0.052989807,0.5161267,64488540
-0.10822494,-0.41119492,0.57255936,64488741
-0.21195923,0.15223342,1.4632072,64488941
-0.27632537,-0.042062532,0.35057098,64489141
-0.17244141,0.13756393,0.4369414,64489341
-0.050894164,-0.10912308,1.0286609,64489541
-0.459245,-0.13636643,1.6366965,64489741
-0.31823823,-0.16630417,0.39622605,64489941
0.13412109,0.0038919067,-0.065863036,64490141
-0.5373825,-0.17154327,1.0988649,64518141
-0.10807525,0.012723541,1.0163864,64518341
-0.2201921,-0.0703537,0.658331,64518541
-0.2800676,-0.22677842,0.50220567,64518741
-0.32467484,-0.0371228,1.0753638,64518941
-0.29219237,-0.024399262,0.5430707,64519141
-0.37212616,-0.22138962,1.2361294,64519341
-0.25312364,0.033679962,0.6430628,64519541
-0.0583786,0.1565744,0.89364165,64519741
-0.19220032,-0.93286014,1.543141,64557941
0.02469864,0.5233118,0.062869266,64558142,Bumper_10+
-0.32946488,-0.2282753,0.22333556,64558341,Bumper_10+
0.41598496,-0.83182025,1.0669812,64558541,Bumper_10+
0.03966751,0.37122804,1.1222163,64558742,Bumper_10+
-0.034129027,0.72898406,1.1258088,64558941,Bumper_10+
0.2748285,0.30386811,0.6264473,64559141,Bumper_10+
0.7244934,-0.58618104,0.9967772,64559341,Bumper_10+
0.4619394,0.04700226,0.7301816,64559541,Bumper_10+
0.2947371,0.04924759,1.2292438,64559741,Bumper_10+
0.24878265,0.24384293,1.247356,64559941
0.4513115,-0.04326004,1.745071,64560141
0.45625123,0.16585511,0.6649173,64560341
0.3161426,0.033081207,0.9554631,64560541
0.44427612,0.026195526,1.0178833,64560741
0.47496232,0.101638645,1.1939173,64560942
0.15507752,0.19684067,0.6791377,64561141
0.28081605,0.26539811,0.7722441,64561342
0.18501526,0.19085312,1.454675,64561541
0.48080018,0.28246263,1.228645,64561742
-0.4062552,0.29309052,1.0051597,64698542,Bumper_11+
-0.31015503,-0.27662477,1.6429834,64698743,Bumper_11+
-0.542921,0.74365354,-3.269501,64698943,Bumper_11+
-0.35311568,-0.4246669,0.43754014,64699143,Bumper_11+
-1.0831475,-0.12573853,4.238586,64699343,Bumper_11+
-0.86100954,0.28994706,0.21959335,64699543,Bumper_11+
-0.3385959,-0.318837,0.7839198,64699743,Bumper_11+
-0.32991394,0.03966751,1.7145346,64699942,Bumper_11+
-0.21989273,-0.23201752,-0.008382568,64700143,Bumper_11+
-0.51118696,-0.21659958,0.019309845,64700342
-0.29817992,-0.055684205,1.5522721,64700543
-0.21779709,0.18351837,0.55699176,64700743
-0.14699432,-0.40775207,0.54082537,64700943
-0.21794678,-0.3171904,0.7857161,64701143
-0.02335144,-0.1567241,0.5375322,64701343
0.03996689,-0.15896942,1.111289,64701543
-0.0477507,-0.3293152,0.7753876,64701743
0.03891907,-0.05763016,0.7141649,64701942
0.17004639,0.10642868,0.48139894,64702143
