0.043858796,-0.15193406,0.40894958,61662381
0.13771363,0.019459534,0.80218184,61662581
0.042960662,-0.09220825,0.7200028,61662781
0.03607498,-0.122595064,0.52795213,61662980
0.1790277,-0.120349735,1.0150392,61663181
0.23695725,0.03757187,0.6078859,61663381
0.5322931,-0.23321503,1.0482701,61663581
0.33365616,-0.18291962,1.0511142,61663781
0.07514374,-0.032482453,0.5484595,61663981
-0.20462447,-0.14295273,1.0425819,61665380
0.07858658,-0.18142273,0.8464897,61665581,BusyRoad_1+
0.02679428,0.027243348,0.8440947,61665781,BusyRoad_1+
-0.38589752,-0.41972718,0.44487488,64143546
-0.27363098,0.2004332,0.85532135,64143746
-0.1817221,-0.17992584,1.4459931,64143946
-0.15867004,-0.15896942,0.51537824,64144146
-0.1992357,0.13980927,0.66970736,64144346
-0.38380188,0.11870316,0.87807405,64144546
-0.26345214,-0.23665787,0.5185217,64144746
-0.29368928,-0.03772156,0.8123607,64144946
-0.20821701,-0.11032059,1.2630734,64145145
-0.34173936,0.07634125,0.9650432,64209348
-0.1776805,0.020956421,0.7200028,64209547,BusyRoad_2+
-0.6084846,0.07319778,0.6493497,64209748,BusyRoad_2+
-0.51552796,0.24773483,0.9939331,64209948,BusyRoad_2+
-0.5731581,0.120200045,0.796344,64210148,BusyRoad_2+
-0.3600014,-0.042361908,0.9689351,64210348,BusyRoad_2+
-0.3851491,0.4445755,0.594863,64210547,BusyRoad_2+
-0.24264541,0.12933105,0.77838135,64210748,BusyRoad_2+
-0.07185058,0.18681152,0.5047504,64210948,BusyRoad_2+
-0.081430666,0.35595977,1.2284954,64211147,BusyRoad_2+
