-0.84738785,-0.25970992,1.0758128,61580181
-0.19833755,0.015268249,0.7300319,61580380
-0.16346008,0.032931518,0.93345886,61580582
-0.13232483,0.012274475,0.9195378,61580782
0.15043716,-0.09639954,1.1238629,61580981
0.13142669,-0.15687378,1.0614427,61581182
0.12843293,-0.14025833,1.1615845,61581381
0.43873763,-0.09864487,1.1238629,61581582
0.66162413,-0.12723541,1.2165202,61581782
-0.015118561,0.21106109,1.2427157,61626780
-0.14624588,-0.24773483,0.7161108,61626981,Pothhole_1+
-0.65234345,-0.1992357,0.7345226,61627181,Pothhole_1+
-0.08741821,-0.042661287,1.0322534,61627380,Pothhole_1+
0.011076965,0.22138962,0.7912546,61627581,Pothhole_1+
0.04700226,-0.08322693,1.1184741,61627781,Pothhole_1+
-0.16600479,-0.23875351,0.5110373,61627981,Pothhole_1+
-0.13756393,-0.07664063,1.0115963,61628180
-0.25042924,-0.36733612,0.6902147,61628381
-0.13037887,-0.26524842,1.108894,61628581
-0.017663268,-0.26719436,1.0509645,61628781
0.011825409,-0.04445755,0.5348378,61628981
-0.030087434,-0.14100677,1.1807446,61629181
-0.16615447,-0.04685257,0.40969804,61629381
-0.04655319,-0.20073257,0.8631052,61629581
-0.100141756,-0.3873944,1.547482,61629781
0.056582335,0.2230362,-0.055534516,61629981
0.0902623,0.09699829,1.1021581,61672380
0.20327729,-0.17109421,0.98704743,61672581
0.20716919,-0.2309697,0.51822233,61672781
-0.086220704,-0.07888596,1.2448114,61672981
-0.13322297,0.1432521,0.7183562,61673181
-0.5137317,0.22812562,0.73856413,61673380
-0.50355285,-0.09250763,0.88825285,61673581
-0.41748184,-0.2547702,0.6456075,61673781
-0.2906955,0.17124389,1.024769,61673981
-0.18247055,-0.17992584,0.77179503,61681980
-0.28994706,-0.24099883,0.7137158,61682181,Pothhole_2+
-0.027842103,-0.104333036,0.75817335,61682380,Pothhole_2+
0.016316071,-0.11825409,1.0508149,61682581,Pothhole_2+
-0.123642884,-0.14115646,0.20582199,61682781,Pothhole_2+
-0.017812958,-0.22767654,1.4236894,61682981,Pothhole_2+
-0.025147704,-0.09475296,0.80727124,61683180,Pothhole_2+
-0.266895,-0.2972818,0.24324417,61683381,Pothhole_2+
-0.10298584,-0.034129027,1.1819421,61683580
-0.0068856813,-0.22917344,0.70278853,61683781
-0.103434905,-0.124391325,1.0716215,61683981
-0.0014968872,0.15597564,0.8250842,61684180
-0.13352233,0.031135254,0.6089337,61684381
0.0047900393,0.18531464,0.95216995,61684581
0.034578096,-0.12558883,0.54696256,61684780
0.060324553,-0.16435821,0.93854827,61684980
0.030985566,-0.18935624,0.7523355,61685180
0.08427475,-0.02335144,0.7623646,61685380
0.030536499,-0.26030868,0.6207591,61885154
0.32078293,-0.0019459534,0.34039214,61885354
0.6646179,-0.29503646,1.3593233,61885555
0.5581892,-0.14415024,0.8943901,61885755
0.39622605,-0.18995498,1.1701168,61885954
0.3248245,-0.21480331,0.7111711,61886154
0.36988083,-0.14549744,0.85217786,61886355
0.14175522,0.050145723,0.9539662,61886554
-0.13516891,-0.017812958,0.87238586,61886755
-0.09520203,0.1607657,1.0297087,61902954
-0.032931518,0.36733612,0.8919951,61903155,Pothhole_3+
-0.2031276,-0.1594185,0.83661026,61903354,Pothhole_3+
-0.13322297,-0.028291168,0.9039702,61903554,Pothhole_3+
-0.12394226,-0.29039612,1.6139438,61903754,Pothhole_3+
-0.043709107,-0.004939728,0.3408412,61903955,Pothhole_3+
-0.26734406,-0.022902375,-0.005388794,61904154,Pothhole_3+
-0.07888596,0.15163468,1.0585986,61904355
-0.017812958,-0.1633104,0.66940796,61904554
-0.15986755,-0.18067428,2.0118165,61904754
0.084125064,0.049846344,0.7930508,61904954
-0.0124241635,-0.015417938,0.027842103,61905154
-0.31359786,-0.058228914,0.39353165,61905355
-0.042361908,-0.32677048,1.0240206,61905554
-0.18486556,-0.1579216,1.257984,61905755
-0.09864487,0.37751496,0.8282277,61905954
0.17872833,-0.14953904,1.3898598,61906154
-0.2255809,-0.19459534,0.035775606,61906354
-0.21270767,-0.11361374,0.7063811,61906554
-0.14040802,-0.082628176,1.5661931,61906754
-0.36314484,-0.18935624,0.70518357,61906954
-0.06256989,-0.3477269,0.7461983,61907154
-0.10657837,-0.3161426,1.2663666,61907355
-0.22797592,-0.4752617,0.98420334,61907555
0.044756927,0.043858796,0.7137158,61907755
-0.2589615,-0.18546432,1.0955718,61907955
-0.08741821,-0.2589615,0.8804691,61936155
-0.11765534,0.3676355,0.27393037,61936355,Pothhole_4+
-0.07649094,0.066312104,1.6528629,61936555,Pothhole_4+
-0.10074051,0.24324417,0.06780899,61936755,Pothhole_4+
-0.48124924,0.029488677,1.1871812,61936955
-0.10044113,0.004939728,0.8449928,61937155
-0.4840933,-0.003293152,1.2754976,61937354
0.0490979,0.25686586,0.91519684,61937555
-0.5122348,0.016016694,0.37511992,61937755
0.2532733,0.221689,0.82897615,61937954
-0.39622605,-0.061821442,0.6635701,61938154
-0.008532257,-0.04670288,1.0424323,61938355
-0.35655853,0.048948213,0.9993219,61938555
-0.03847,-0.103584595,-0.05852829,61938755
-0.26704466,0.041912843,0.9592053,62189156
-0.3659889,0.0371228,0.70428544,62189356
-0.18097366,0.028889922,0.83511335,62189556
-0.33365616,-0.042361908,0.63752425,62189756
-0.2920427,0.035775606,0.92028624,62189956
-0.28605515,-0.008232879,0.78242296,62190156
-0.21734802,-0.051792298,0.71221894,62190356
-0.26524842,0.05508545,0.84334624,62190555
-0.39368135,-0.07349716,0.69066375,62190756
-0.24459137,-0.083975375,1.0928774,62215155
-0.17079483,0.11346405,0.6138734,62215356,Pothhole_5+
-0.02694397,0.11870316,0.8171507,62215555,Pothhole_5+
-0.16914825,-0.17049545,1.0982661,62215756,Pothhole_5+
-0.03757187,-0.30222154,0.77329195,62215956,Pothhole_5+
-0.18785934,0.11346405,0.48289582,62216156,Pothhole_5+
-0.13576767,-0.13591737,1.2277468,62216356,Pothhole_5+
-0.012723541,-0.07125183,0.78781176,62216556,Pothhole_5+
-0.17857864,-0.12633727,0.50490004,62216756,Pothhole_5+
-0.31030473,-0.105530545,1.0786569,62216956,Pothhole_5+
-0.2719844,-0.14085709,0.6180647,62217156
0.00464035,0.11526032,1.0509645,62217356
-0.11840378,0.03742218,0.70623136,62217556
-0.2802173,-0.09205856,0.67509615,62217756
-0.35341507,-0.17244141,1.1274555,62217956
-0.37826338,-0.047601014,0.6397696,62218156
-0.21704865,-0.031284943,0.8643027,62218356
-0.11825409,-0.023052063,0.58962387,62218556
-0.050744478,-0.019609222,0.9119037,62218756
-0.34563124,-0.10074051,0.77673477,62218956
-0.2812651,-0.11930191,0.41418868,62433146
-0.2122586,-0.049996033,1.4224919,62433346
-0.28455827,0.122145995,0.6478528,62433546
-0.17528549,-0.20297791,0.9568103,62433746
-0.2856061,0.09580078,1.2295432,62433946
-0.31793883,-0.060474243,0.6394702,62434145
-0.20642075,-0.050744478,1.1198213,62434346
-0.085771635,0.07798782,0.63587767,62434546
-0.11600876,0.044607237,0.9942325,62434746
0.11825409,-0.32856673,1.2093352,62472746
-0.31748977,-0.16495697,0.9627979,62472945,Pothhole_6+
-0.26479936,-1.4968873E-4,0.26075774,62473146,Pothhole_6+
-0.25641677,-0.23306534,1.4488372,62473346,Pothhole_6+
-0.9012758,-0.035775606,-0.27437943,62473546,Pothhole_6+
-0.081430666,0.09190887,0.0022453307,62473746,Pothhole_6+
-0.21031265,0.066312104,1.0563533,62473946,Pothhole_6+
-0.11032059,-0.22602996,1.7417779,62474146,Pothhole_6+
-0.13861175,-0.104183346,1.5317646,62474346,Pothhole_6+
-0.07499405,-0.21435425,1.4989829,62474546,Pothhole_6+
-0.21914428,0.11481125,1.0770104,62474746,Pothhole_6+
0.19728974,0.20447479,1.4859599,62474946,Pothhole_6+
-0.13442047,0.24114853,1.2951068,62475146,Pothhole_6+
-0.18157242,0.14235397,0.3878435,62475346,Pothhole_6+
0.14370117,0.19309846,0.98450273,62475546,Pothhole_6+
0.03592529,0.24743545,1.0440788,62475746
-0.31524444,-0.040415954,0.51298326,62475946
-0.102536775,0.040565643,1.325344,62476146
-0.039517824,-2.9937745E-4,0.78227323,62476346
-0.1207988,-0.069305874,0.3221301,62476546
-0.13756393,-0.31808853,0.79005706,62476746
-0.006586304,-0.17618363,1.133892,62476945
-0.16765137,-0.40311173,1.7577946,62477146
-0.0086819455,-0.18770966,0.18411712,62477345
-0.13022919,-0.09385483,0.97881454,62477546
0.051343232,-0.026644593,1.3798306,62510745
-0.11750565,0.13142669,1.2533437,62510946
-0.27138564,0.107027434,0.945434,62511146
-0.33096176,0.24429199,0.3224295,62511346
0.19758911,0.3356021,1.4376105,62511546
-0.24593857,-0.025896149,1.207988,62511745
-0.020657044,0.2389032,0.5243596,62511945
-0.09535172,-0.0029937744,0.7099736,62512145
-0.027842103,0.061821442,1.007405,62512346
0.11226654,-0.29877868,0.5445676,62524146
-0.4513115,-0.38050872,1.5390995,62524346,Pothhole_7+
-0.17992584,-0.25372237,0.18486556,62524546,Pothhole_7+
-0.3215314,-0.30596375,1.0692265,62524746,Pothhole_7+
-0.19414628,-0.3025209,0.2920427,62524946,Pothhole_7+
0.043858796,-0.23276596,1.4932947,62525146,Pothhole_7+
-0.2616559,-0.033530273,1.1665242,62525346,Pothhole_7+
-0.17229171,-0.26060808,1.1882291,62525546,Pothhole_7+
-0.39622605,-0.12499008,0.8640033,62525746,Pothhole_7+
-0.25656646,0.15073654,1.0339,62525946,Pothhole_7+
-0.023650818,0.2694397,0.6391708,62526146,Pothhole_7+
-0.11166778,0.23067032,0.6905141,62526346
-0.22857468,0.24129821,0.8966354,62526546
-0.25027955,0.23306534,0.5188211,62526746
-0.17154327,0.11032059,1.1280541,62526946
-0.327968,-0.069455564,-0.19444565,62527146
-0.25267455,-0.054337006,0.89394104,62527346
-0.11166778,0.23067032,0.6905141,62526346
-0.22857468,0.24129821,0.8966354,62526546
-0.25027955,0.23306534,0.5188211,62526746
-0.17154327,0.11032059,1.1280541,62526946
-0.327968,-0.069455564,-0.19444565,62527146
-0.25267455,-0.054337006,0.89394104,62527346
-0.29353958,0.16525635,1.3247452,62527546,Pothhole_8+
0.00703537,-0.25521928,0.9355545,62527746,Pothhole_8+
-0.420775,-0.18291962,0.4405339,62527946,Pothhole_8+
-0.30985564,-0.067060545,1.0312057,62528146,Pothhole_8+
0.051193543,-0.11855347,1.9438577,62528346,Pothhole_8+
-0.0019459534,-0.12528946,0.8393047,62528546,Pothhole_8+
-0.29608428,-0.16390915,0.2785707,62528746
-0.18067428,-0.30177248,1.3668077,62528946
-0.09415421,-0.07783814,0.52885026,62529146
-0.30476624,-0.19968475,0.48918274,62529346
-0.31269974,-0.2959346,0.7189549,62529546
-0.18741028,-0.13172607,1.7339941,62529746
0.060623933,-0.020507354,1.4687457,62529946
0.067210235,0.15597564,0.6487509,62530146
-0.17588425,-0.07918534,0.6532416,62530346
0.5084926,-0.123193815,2.6634114,62530545
-0.034428407,-0.23321503,1.0515633,62759148
0.020806732,0.09190887,0.43559417,62759348
0.0050894166,-0.40685394,1.0006691,62759548
-0.026494903,-0.36179763,1.1665242,62759748
0.08083191,-0.14265335,0.7021898,62759948
0.085921325,-0.14714402,0.6379733,62760148
-0.067359924,-0.09520203,0.76221496,62760348
0.020956421,0.067210235,0.86385363,62760548
-0.026345216,-0.0014968872,0.7940987,62760748
0.07439529,-0.062120818,0.97312635,62760948
-0.103135526,0.20627105,1.477278,62761148,Pothhole_9+
-0.16899857,0.3703299,0.92432785,62761348,Pothhole_9+
0.31539413,0.31150222,1.3889617,62761548,Pothhole_9+
-0.1580713,0.07918534,1.1823912,62761748,Pothhole_9+
-0.023052063,0.122894436,1.1472144,62761948,Pothhole_9+
0.023950195,0.22782624,1.2246034,62762148,Pothhole_9+
-0.1445993,0.23291565,0.6189629,62762349
-0.24893235,0.23561005,0.24399261,62762548
0.5198689,0.04954697,0.6538403,62762748
0.37811372,-0.103285216,0.891546,62762948
0.3225792,0.013322297,1.6262183,62763147
-0.07634125,0.00583786,0.4924759,62763348
0.049696654,-0.20701951,0.89139634,62763547
0.23845413,-0.060324553,1.2201128,62763749
0.028440857,-0.09699829,0.6902147,62763948
-0.5137317,-0.12499008,0.54471725,62764148
0.16346008,0.32901582,1.121917,63312132
-0.20432511,0.21585113,0.8240364,63312331
-0.060923308,-0.0199086,0.30207184,63312531
0.027842103,0.085023195,0.24249573,63312731
0.1871109,0.22363494,1.2841796,63312931
0.084125064,0.035326537,1.2130774,63313131
-0.0050894166,-1.4968873E-4,0.53678375,63313332
-0.05493576,-0.0059875487,1.2244537,63313531
0.09729767,-0.00703537,0.63872176,63313732
0.21106109,-0.08831634,1.0264156,63361332
-0.17573456,0.050145723,0.50385225,63361533,Pothhole_1+
0.5002597,-0.15283218,0.93121356,63361733,Pothhole_1+
0.19324814,-0.023201752,1.5766712,63361933,Pothhole_1+
-0.02799179,0.14834152,0.945434,63362133,Pothhole_1+
-0.09789643,-0.17827927,1.0277628,63362333,Pothhole_1+
0.16600479,-0.45415556,0.6530919,63362533,Pothhole_1+
-0.07244934,-0.03847,-0.25506958,63362733,Pothhole_1+
0.22767654,-0.3595523,1.8742524,63362933,Pothhole_1+
-0.45161086,-0.1791774,-0.37781432,63363133,Pothhole_1+
-0.09190887,-0.14400055,0.5528004,63363333,Pothhole_1+
-0.05718109,-0.1936972,1.2463083,63363533
-0.05718109,-0.1936972,1.2463083,63363533
-0.106877744,-0.00943039,0.30970597,63363732,Pothhole_2+
-0.21450394,-0.26045838,1.2942086,63363933,Pothhole_2+
-0.3770659,-0.07469467,0.72673875,63364133,Pothhole_2+
-0.07289841,-0.05598358,1.6717236,63364332,Pothhole_2+
-0.120050356,-0.13591737,0.51657575,63364533
0.049696654,-0.30356872,0.86639833,63364733
-0.059127044,-0.22528152,0.92717195,63364932
0.04101471,-0.27662477,0.5676196,63365133
-0.102387086,-0.121996306,0.7688013,63365333
-0.56028485,-0.23710693,1.3504916,63365532
-0.4513115,-0.27677444,1.2341835,63365733
-0.3411406,-0.24758515,0.73751634,63365933
-0.13247451,0.0071850587,0.86475176,63366132
-0.09310638,-0.1685495,0.6318361,63366332
0.022453308,-0.09385483,0.9690848,63366533
-0.101189576,-0.13022919,1.1600876,63366733
-0.31793883,0.00703537,0.7063811,63366934
-0.2505789,0.068108365,0.7243437,63367133
-0.11765534,0.08771759,1.0678793,63367333
-0.22707778,-0.08936416,0.40865022,63367533
-0.47436357,0.2642006,0.631387,63367734
-0.16555573,0.24608825,1.0204281,63367934
0.1817221,0.25985962,0.9316626,63368133
0.13247451,0.22782624,1.1337423,63369132
-0.11720627,0.43379793,0.78152484,63369333,Pothhole_3+
0.041314088,0.36299515,1.3271402,63369533,Pothhole_3+
0.04700226,0.38035905,0.7006929,63369734,Pothhole_3+
-0.07185058,0.5351372,1.0286609,63369934,Pothhole_3+
-0.03382965,0.6089337,1.0321038,63370134,Pothhole_3+
0.2362088,0.13157639,0.17738113,63370334,Pothhole_3+
-0.11720627,0.17932709,0.83436495,63370533,Pothhole_3+
-0.01871109,0.5228627,0.7735913,63370733,Pothhole_3+
0.26075774,0.058977354,1.6027172,63370934,Pothhole_3+
-0.09984238,0.38065842,1.2278966,63371133,Pothhole_3+
0.20148101,0.11196716,1.4964381,63371333,Pothhole_3+
-0.08038285,0.1830693,1.0328522,63371533
-0.051193543,0.22318588,0.66566575,63371734
0.29578492,0.05718109,1.1644286,63371933
0.0025447083,0.13157639,0.66850984,63372133
-0.033679962,0.15447876,0.8316705,63372333
0.0690065,0.15627502,0.4936734,63372534
0.019758912,-0.068407744,1.3320799,63372733
-0.08038285,0.1830693,1.0328522,63371533
-0.051193543,0.22318588,0.66566575,63371734
0.29578492,0.05718109,1.1644286,63371933
0.0025447083,0.13157639,0.66850984,63372133
-0.033679962,0.15447876,0.8316705,63372333
0.0690065,0.15627502,0.4936734,63372534
0.019758912,-0.068407744,1.3320799,63372733
-0.22513184,0.101189576,0.52914965,63372932,Pothhole_4+
0.16765137,0.20686981,0.723745,63373132,Pothhole_4+
-0.0019459534,0.18696122,1.1279045,63373334,Pothhole_4+
-0.0014968872,-0.0086819455,0.8428972,63373533,Pothhole_4+
-0.28216323,0.29518616,0.2136058,63373734,Pothhole_4+
-0.2309697,-0.27378067,1.626817,63373934,Pothhole_4+
-0.6382727,0.41703278,-0.40565643,63374134,Pothhole_4+
0.0690065,-0.06256989,0.8985814,63374333,Pothhole_4+
-0.31419662,-0.5412744,0.68527496,63374533,Pothhole_4+
-0.10762619,-0.08173004,0.54082537,63374734,Pothhole_4+
0.15896942,-0.50759447,1.0466236,63374934,Pothhole_4+
-0.31763947,-0.1633104,0.552052,63375134,Pothhole_4+
0.08966354,-0.4008664,0.4899312,63375333,Pothhole_4+
0.06331833,-0.39353165,0.866548,63375534,Pothhole_4+
-0.03772156,-0.36524048,1.355581,63375734,Pothhole_4+
0.21839584,-0.6825806,1.2859758,63375934,Pothhole_4+
-0.083376616,-0.61537033,0.8068222,63376134,Pothhole_4+
-0.08427475,-0.5397775,0.99587905,63376333
-0.02679428,-0.7521858,0.7655081,63376533
0.04700226,-0.8267308,1.3332775,63376734
-0.042361908,-0.44262955,0.5737569,63376934
0.050145723,-0.47286665,0.63902116,63377134
0.022004241,-0.46418473,0.5945636,63377334
0.064216465,-0.41643402,1.0190808,63377534
0.0059875487,-0.51118696,0.93989545,63377734
-0.06361771,-0.44786865,0.5321434,63377934
-0.25551865,-0.32706985,0.9511221,63378134
0.04565506,-0.19160156,1.0081536,63378334
-0.11735596,-0.26464966,0.70263886,63378534
-0.07783814,-0.21076173,1.0645862,63378734
-0.032482453,-0.13067825,0.710722,63378934
-0.11555969,-0.15163468,-0.07708969,63379134
0.18516494,0.052989807,1.3199551,63379333
0.052391052,-0.12858261,1.002166,63379533
0.199086,-0.508792,0.8919951,63379734
-0.067210235,-0.19055374,0.91355026,63379934
-0.2856061,0.3466791,1.0985656,63396734
-0.09131012,0.26914033,0.9316626,63396933,Pothhole_5+
-0.20552261,0.16765137,0.6864725,63397134,Pothhole_5+
-0.104931794,0.0050894166,1.0844948,63397333,Pothhole_5+
0.015717316,-0.39113662,1.3877641,63397534,Pothhole_5+
0.08846603,0.25791368,0.71446425,63397734,Pothhole_5+
-0.06885681,0.02694397,0.89229447,63397934,Pothhole_5+
0.09894425,-0.40296203,0.7250922,63398134,Pothhole_5+
-0.052840117,-0.22273682,1.0668315,63398333
-0.09624985,-0.35266662,1.0885364,63398534
0.0955014,-0.63902116,0.83316743,63398734
-0.24384293,-0.26090744,0.91579556,63398934
-0.2559677,-0.4710704,0.77433974,63399134
-0.25791368,-0.4540059,0.28216323,63399334
0.29099488,-0.4950206,1.2862751,63399534
-0.24548951,-0.26973906,0.91325086,63399734
-0.14684464,0.031883698,0.28590545,63399934
-0.20731887,-0.03966751,0.87268525,63400134
0.0371228,-0.32901582,1.0211765,63400334
-0.2812651,0.21061203,0.2893483,63400534
-0.22947282,0.30761033,1.0511142,63400734
-0.21659958,0.22887406,0.53289187,63400934
0.07694,0.10987152,0.9689351,63401134
0.060324553,0.027393036,0.67135394,63401334
-0.03517685,-0.06870712,0.89992857,63401534
0.007484436,0.04580475,0.28500733,63401734
-0.059276734,-0.033380583,1.3711487,63401934
-0.17827927,0.0092807,0.72613996,63406334
-0.18726058,0.03487747,0.6173163,63406533,Pothhole_6+
-0.40655458,0.0076341247,0.80846876,63406734,Pothhole_6+
-0.29623398,0.20163071,0.830473,63406934,Pothhole_6+
-0.36988083,0.17259109,0.12558883,63407134,Pothhole_6+
-0.21046235,-0.0043409728,0.9991722,63407334,Pothhole_6+
-0.2865042,0.042212218,0.49741563,63407534,Pothhole_6+
-0.40775207,-1.4968873E-4,0.71850586,63407734,Pothhole_6+
-0.31120285,0.066461794,0.8906479,63407934,Pothhole_6+
-0.27048752,0.0029937744,1.5275733,63408134,Pothhole_6+
-0.37661684,0.14684464,-0.08187973,63408334
-0.4263135,0.32976425,1.3865666,63408534
-0.26240432,0.049996033,0.8253836,63408734
-0.23022126,-0.19818787,1.1144326,63408934
-0.14744338,-0.020207977,0.7414082,63409134
-0.16675323,-0.13995895,1.0451267,63409334
-0.17932709,-0.01407074,0.7453001,63409535
0.2945874,-0.7972421,1.9532881,63409734
-0.5315446,0.032931518,0.66431856,63409934
0.011376343,0.019309845,0.6210585,63410135
-0.08786728,-0.011376343,0.25656646,63806663
0.20387603,-0.23740631,0.6743477,63806863
0.15283218,-0.059276734,1.1506572,63807063
-0.0477507,-0.030686188,0.6012996,63807263
-0.051941987,-0.09385483,0.5760022,63807463
-0.049696654,-0.11226654,1.6337028,63807663
-0.17318985,-0.03891907,0.26060808,63807863
0.09385483,-0.055684205,-0.0055384827,63808064
0.20567231,-0.055235136,1.6645386,63808264
-0.07229965,-0.016016694,-0.24788453,63811864
0.11660752,-0.24773483,3.4446368,63812064,Pothhole_8+
-0.33410522,-0.16106506,1.4609619,63812264,Pothhole_8+
-0.042661287,-0.16121475,-0.32692015,63812463,Pothhole_8+
-0.17932709,-0.05987549,0.93450665,63812664,Pothhole_8+
-0.05508545,-0.01287323,1.4629079,63812864,Pothhole_8+
-0.31734008,0.12753479,0.4179309,63813064,Pothhole_8+
-0.17603393,0.008232879,0.6218069,63813264,Pothhole_8+
0.049846344,-0.07409592,1.1349399,63813463,Pothhole_8+
-0.2758763,-0.13891113,0.5990543,63813663,Pothhole_8+
-0.06301895,0.0199086,0.63108766,63813864,Pothhole_8+
0.08307724,-0.123193815,1.0936258,63814064,Pothhole_8+
0.13427079,-0.24638763,0.895887,63814264
-0.10642868,-0.11795471,1.3145664,63814463
-0.12948075,-0.010029145,1.1641291,63814664
0.09969269,-0.053289186,1.1943663,63814864
0.15702347,0.13995895,0.4604425,63815064
-0.011076965,0.003143463,1.2617263,63815264
-0.047301635,0.062120818,0.7472461,63815463
-0.4047583,-0.19085312,0.6644682,63815664
-0.49546966,-0.04700226,0.7135661,63815863
-0.3252736,-0.03847,1.2731025,63816064
-0.35012192,-0.5658234,0.7623646,64002142,Pothhole_10+
-0.27437943,-0.27887008,0.5351372,64002342,Pothhole_10+
-0.07604187,-0.5258565,0.984353,64002542,Pothhole_10+
-0.03382965,-0.67195266,1.011746,64002742,Pothhole_10+
-0.27033782,-0.2321672,0.5535489,64002942
-0.30940658,0.081580356,1.2867242,64003142
-0.30641282,0.13187577,0.79005706,64003342
0.2549199,0.27318192,0.7023395,64003542
1.3477973,0.4739145,0.93660235,64003742
0.7623646,0.4646338,1.929787,64003942
0.29653335,0.34143996,1.4079721,64004142
0.8168514,0.45205992,0.62045974,64004342
0.4339476,0.49337402,1.6461269,64004543
0.53079623,0.32871643,1.0828482,64004742
0.8520282,0.2829117,0.11870316,64004942
0.4936734,0.23650818,0.85127974,64005142
0.8753796,0.41433838,0.8909473,64005342
0.5269043,0.5041516,0.6487509,64005542
0.23785537,0.3028203,0.7523355,64005742
0.09011261,0.27827132,0.5502557,64005942
0.122295685,0.35057098,1.9600241,64006142
0.5755531,0.160616,0.3264711,64006342
0.1936972,-0.03607498,1.3516891,64006542
-0.10807525,-0.11765534,0.64800245,64017142
-0.1167572,-0.11047027,0.762664,64017342,Pothhole_11+
-0.17708176,0.16106506,0.91579556,64017543,Pothhole_11+
-0.12409195,-0.082478486,0.87672687,64017742,Pothhole_11+
-0.16420853,0.0043409728,0.7282356,64017942,Pothhole_11+
-0.40835083,0.4245172,0.13292359,64018143,Pothhole_11+
-0.37092865,0.027842103,0.9129515,64018342,Pothhole_11+
0.15822098,-0.24399261,1.3994398,64018542,Pothhole_11+
-0.082927555,-0.05269043,0.8677455,64018743,Pothhole_11+
0.4236191,0.044008482,1.2069402,64018943,Pothhole_11+
0.066761166,-0.21180955,2.085613,64019143,Pothhole_11+
-0.05493576,0.2639012,-0.022752685,64019342,Pothhole_11+
-0.74365354,-0.39487883,-0.24653733,64019543,Pothhole_11+
-0.28695327,0.16735199,1.1347902,64019743,Pothhole_11+
-0.13711487,0.17678238,0.75428146,64019943,Pothhole_11+
0.432301,-0.23261628,1.1545491,64020142,Pothhole_11+
-0.0040415954,0.26030868,0.99213684,64020342,Pothhole_11+
-0.024848327,0.45804748,0.69231033,64020542,Pothhole_11+
0.5584886,-1.3635145,-0.09250763,64020743,Pothhole_11+
0.4513115,-0.10897339,1.372945,64020942,Pothhole_11+
-0.65743285,0.47406417,1.5582596,64021142,Pothhole_11+
-0.22138962,-0.5632787,0.6709049,64021343,Pothhole_11+
-0.4101471,0.020806732,0.7557784,64021542,Pothhole_11+
-0.8012837,-0.07304809,0.96773756,64021743,Pothhole_11+
-0.4815486,0.2350113,0.94872713,64021942,Pothhole_11+
-0.29788056,-0.32572266,0.3215314,64022142,Pothhole_11+
-0.36943176,-0.1260379,0.8930429,64022342,Pothhole_11+
-0.3703299,-0.23411316,0.73586977,64022542,Pothhole_11+
-0.3661386,-0.04819977,0.73467225,64022743,Pothhole_11+
-0.45235932,-0.18830842,0.40386018,64022942,Pothhole_11+
-0.20402573,0.023800507,1.1820918,64023143,Pothhole_11+
-0.25102797,-0.09235794,0.8399034,64023343,Pothhole_11+
0.03517685,-0.20133133,0.27961853,64023543,Pothhole_11+
-0.16211289,0.019010467,1.0041119,64023743,Pothhole_11+
0.105829924,-0.07813751,0.9523196,64023943,Pothhole_11+
0.21585113,-0.025596771,1.2546909,64024143,Pothhole_11+
0.05508545,-0.10717712,0.62135786,64024342,Pothhole_11+
-0.19983444,-0.024848327,1.0948234,64024542,Pothhole_11+
-0.067509614,0.061222687,0.22947282,64024743,Pothhole_11+
-0.20297791,-0.31808853,1.5429913,64024942,Pothhole_11+
-0.1580713,-0.120948486,0.567919,64025142,Pothhole_11+
-0.5971083,-0.04805008,0.6715036,64025342,Pothhole_11+
-0.13337265,-0.03382965,1.283431,64025543
-0.4899312,0.214953,0.42436752,64025742
0.11585907,-0.26599684,0.8637039,64025943
0.25521928,-0.103883974,0.2004332,64026143
-0.024399262,-0.030087434,1.3724959,64026342
0.07649094,-0.032033388,0.60743684,64026542
0.0755928,0.06316864,1.2105327,64026742
0.07319778,-0.04924759,0.80487627,64026943
0.100141756,-0.0875679,1.0729687,64027142
-0.3502716,0.066461794,0.7842192,64027342
-0.13367203,0.12409195,0.5448669,64669143
-0.32961455,-0.30850846,1.2832814,64669343
-0.4701723,-0.15343094,0.7631131,64669543
-0.123343505,-0.042062532,0.9707314,64669743
-0.13681549,-0.029039612,0.9065149,64669943
-0.1672023,0.041314088,-0.050594788,64670143
-0.042960662,-0.09460327,2.4405248,64670343
-0.25656646,0.088016964,1.187331,64670543
0.17363891,0.25911117,1.0398875,64670742
-0.30850846,-0.036973115,0.08083191,64676142
-0.026345216,-0.23411316,-0.4867877,64676342,Pothhole_12+
-0.028590545,-0.09325607,1.6420853,64676542,Pothhole_12+
0.27243346,0.018262023,0.86699706,64676742,Pothhole_12+
0.25297394,-0.047151946,0.44996428,64676943,Pothhole_12+
0.11106903,-0.033081207,1.3199551,64677143,Pothhole_12+
0.16645385,-0.3080594,2.252965,64677343,Pothhole_12+
0.5533992,0.13022919,0.7060817,64677543
0.5269043,-0.06975494,0.9394464,64677743
0.65339124,-0.15747254,1.1841874,64677942
0.61881316,0.06256989,1.0873389,64678142
0.59635985,-0.046253815,0.947829,64678342
0.5673202,-0.2853067,1.438808,64678543
0.5321434,-0.27048752,1.2115805,64678743
0.14714402,-0.15612534,1.2698094,64678943
0.07813751,-0.103883974,0.6090834,64679143
-0.2136058,-0.2749782,0.7421567,64679343
-0.15298188,-0.19130218,1.0654843,64702343
0.11630814,0.04550537,0.631387,64702543
-0.12963043,-0.24324417,0.8716374,64702743
-0.20701951,-0.1805246,0.8292755,64702943
-0.40550673,0.087118834,0.58184004,64703143
-0.18726058,0.003293152,1.0289602,64703343
-0.30895752,0.045056306,0.78781176,64703543
-0.084125064,-0.09235794,0.60713744,64703743
-0.14220428,-0.04430786,1.0303074,64703943
-0.17438737,-0.10178833,1.3727952,64704543
-0.29803026,-0.16435821,0.2719844,64704743,Pothhole_13+
-0.101488955,-0.055684205,0.8640033,64704943,Pothhole_13+
-0.22138962,-0.1420546,1.0644364,64705143,Pothhole_13+
-0.22228774,-0.14953904,0.7592212,64705343,Pothhole_13+
-0.061072998,0.0019459534,0.09325607,64705543,Pothhole_13+
-0.47481263,0.07185058,1.8811382,64705743,Pothhole_13+
-0.39323226,-0.3610492,0.6502478,64705943,Pothhole_13+
-0.16121475,0.40430924,2.793491,64706143,Pothhole_13+
0.2773732,-0.619861,-0.07439529,64706343,Pothhole_13+
0.19399658,-0.3848497,0.4460724,64706543,Pothhole_13+
-0.5682184,0.77044785,0.66416883,64706743,Pothhole_13+
0.54890853,-0.47735733,0.6542894,64706942,Pothhole_13+
-0.8890013,0.12888199,0.87268525,64707142
-0.34682876,-0.9913884,0.1580713,64707343
-0.4315526,-0.33350646,0.6481522,64707543
-0.68437684,-0.5876779,0.3412903,64707743
-0.2695894,-0.32991394,0.5394781,64707943
-0.2616559,-0.51567763,1.0584489,64708143
-0.038320314,-0.45490402,1.3471985,64708343
-0.034278717,-0.17274079,0.31135255,64708543
0.05029541,-0.25177643,1.0904824,64708743
0.0955014,-0.2838098,0.52570677,64708943
