-0.04565506,-0.008981323,1.0231224,61104159
-0.23037094,0.12888199,0.97207856,61104359
-0.07394623,-0.47675857,0.9000783,61104559
-0.26884094,0.20851639,0.73212755,61104759
0.124391325,0.064066775,0.6382727,61104958
-0.15867004,0.103285216,0.9375005,61105159
-0.024249572,-0.6734496,0.67045575,61105359
0.21944366,0.23590942,0.8855585,61105559
0.064066775,-0.2776726,0.94169176,61105759
-0.26300308,-0.23905289,1.1331437,61231386
-0.15298188,-0.034129027,1.3296849,61231586,Turn_1+
-0.24623795,-0.081580356,0.92747134,61231787,Turn_1+
-0.14938934,7.484436E-4,0.65638506,61231987,Turn_1+
-0.17633331,-0.21704865,1.0455757,61232187,Turn_1+
-0.013322297,-0.138013,0.676593,61232387,Turn_1+
0.09385483,-0.23695725,1.3808784,61232587,Turn_1+
-0.14804214,-0.14355148,0.5346881,61232787,Turn_1+
0.02454895,0.05388794,0.46253815,61232986,Turn_1+
-0.15896942,-0.5170248,0.79424834,61233187,Turn_1+
0.0,-0.33724868,1.4759308,61233387,Turn_1+
0.046253815,-0.19594254,0.7764354,61233586,Turn_1+
-0.09086105,-0.33230895,0.78856015,61233787,Turn_1+
0.10074051,-0.17109421,0.96923447,61233986
0.019758912,-0.23291565,0.8970845,61234187
0.14220428,-0.3161426,1.4897021,61234386
0.27812165,0.23905289,0.6899153,61234586
0.08876541,-0.19624192,0.76670563,61234787
0.035775606,-0.36703673,0.873284,61234986
0.22318588,-0.2228865,1.7540524,61235186
-0.021405486,0.31284943,0.8364606,61235386
0.13546829,0.15178436,0.40850052,61235586
-0.03278183,-0.38155654,0.36703673,61235787
-0.07259903,0.033380583,1.1750565,61235986
-0.13427079,0.1287323,1.307531,61236187
-0.066910855,0.17558487,0.6474037,61236388
-0.045205995,0.43574387,0.886756,61236586
0.03996689,0.32168105,0.85786605,61236786
0.011825409,0.18860778,1.0653347,61236986
-0.07259903,0.09984238,0.7580237,61237186
0.04550537,0.38185593,0.90531737,61237386
0.012723541,0.2839595,0.99468154,61237587
-0.20881577,-0.31763947,0.55654263,61294984
-0.07664063,-0.1511856,1.0262659,61295185,Turn_2+
-0.14923966,0.016914826,0.9581575,61295385,Turn_2+
-0.2775229,-0.28620484,0.76670563,61295585,Turn_2+
0.043858796,-0.56148237,1.3564792,61295785,Turn_2+
-0.11585907,-0.47690827,0.39083725,61295985,Turn_2+
0.0092807,-0.4324507,0.35401383,61296185,Turn_2+
-0.004939728,-0.71087176,1.027164,61296385,Turn_2+
-0.11960129,-0.6171666,1.2862751,61296585,Turn_2+
-0.13546829,-0.57031405,1.0213262,61296785,Turn_2+
0.34218842,-0.64800245,1.7188755,61296985,Turn_2+
0.23201752,-0.2841092,0.66312104,61297185,Turn_2+
0.09834549,-0.36703673,0.9331595,61297385,Turn_2+
0.1751358,-0.20716919,0.37107834,61297585,Turn_2+
0.21540207,-0.929567,1.2404704,61297785,Turn_2+
0.026644593,-0.5041516,1.2388239,61297985,Turn_2+
0.05463638,-0.3158432,0.8244855,61298185,Turn_2+
0.12843293,-0.45325744,1.2371773,61298386,Turn_2+
-0.015417938,-0.2296225,0.11600876,61298586,Turn_2+
0.15852036,-0.30686188,1.5617024,61298785,Turn_2+
0.043559417,-0.07708969,0.07484436,61298985,Turn_2+
0.25956023,-0.17154327,1.0445279,61299185,Turn_2+
-0.07439529,-0.07753876,0.30701157,61299386,Turn_2+
0.355361,-0.18411712,1.1367362,61299585,Turn_2+
0.106728055,-0.2749782,0.95905566,61299785,Turn_2+
0.26210496,0.035326537,1.0072554,61299985,Turn_2+
0.119900666,-0.2920427,1.0482701,61300185,Turn_2+
0.11511063,-0.26255402,0.96429473,61300384,Turn_2+
0.22483246,0.015417938,0.9485774,61300585
0.13846207,-0.26494902,1.1165282,61300785
0.15702347,-0.30027556,0.86355424,61300985
0.36943176,-0.16121475,0.6475534,61301185
0.33006364,-0.28066635,1.1777508,61301387
0.21106109,-0.34263748,1.2677138,61301585
0.17708176,-0.1898053,0.82104266,61301785
0.07454498,0.08936416,0.48603928,61301985
0.23067032,0.1300795,0.8361612,61302185
0.14789246,0.44262955,0.81295943,61302385
0.01871109,0.47181883,1.0647359,61302585
0.13037887,0.31135255,0.24578887,61302785
0.101189576,0.6069878,0.9729767,61302985
0.04700226,0.4019142,1.1150312,61303185
-0.015567627,0.17663269,1.3358221,61303384
-0.15702347,0.43035507,0.66132474,61303584
0.14160553,0.22977218,0.79394895,61303785
0.027393036,0.1432521,0.6893166,61303984
0.0809816,0.36269578,0.76505905,61304185
0.09699829,-0.43110353,0.31299913,61344185
0.12528946,-0.48738647,0.9809102,61344384,Turn_3+
-0.13950989,-0.4963678,0.88061875,61344584,Turn_3+
-0.12783417,-0.5553452,1.2650194,61344785,Turn_3+
-0.09340576,-0.45235932,0.74799454,61344984,Turn_3+
-0.2812651,-0.58213943,-0.2733316,61345185,Turn_3+
0.06451584,-0.3305127,1.4946419,61345384,Turn_3+
0.058977354,0.007933502,1.8381774,61345584,Turn_3+
-0.085472256,-0.21420456,0.09205856,61345784,Turn_3+
-0.17408799,0.011526031,0.84454376,61345984,Turn_3+
0.040565643,0.42122406,1.2398716,61346185,Turn_3+
0.0014968872,0.1845662,1.1285033,61346384,Turn_3+
-0.0981958,0.23710693,0.27976823,61346584,Turn_3+
-0.017812958,0.4418811,0.8704399,61346784,Turn_3+
0.14908996,0.5734575,1.1647279,61346984,Turn_3+
-0.052391052,0.87088895,0.25102797,61347185,Turn_3+
0.07349716,0.8071216,1.3900094,61347384,Turn_3+
0.019010467,0.7509883,0.82343763,61347584,Turn_3+
0.09624985,0.6780899,1.5515236,61347784,Turn_3+
-0.0014968872,0.69231033,0.5134323,61347984,Turn_3+
0.18591338,0.80996567,0.8963361,61348184,Turn_3+
0.09879456,0.9443861,1.1654763,61348384,Turn_3+
0.1992357,0.8291258,1.0138417,61348584,Turn_3+
0.25566834,0.77972853,1.3010944,61348784,Turn_3+
0.25506958,0.9834549,0.92148376,61348984,Turn_3+
0.27048752,0.37497026,1.0356963,61349184,Turn_3+
0.22408402,0.15283218,1.0458751,61349384,Turn_3+
0.28096572,0.51403105,0.93600357,61349584,Turn_3+
0.30820906,0.38529876,1.0253677,61349784,Turn_3+
0.24773483,0.3143463,0.7529343,61349984,Turn_3+
0.4022136,-0.07723938,0.48469207,61350185,Turn_3+
0.24803421,-0.17019607,1.0804532,61350384,Turn_3+
0.17947678,-0.12753479,1.1452684,61350584,Turn_3+
0.19669098,-0.50205594,0.8952882,61350785,Turn_3+
0.059426423,-0.69380724,0.9216335,61350984,Turn_3+
0.0059875487,-0.547711,0.6529422,61351184,Turn_3+
-0.025297394,-0.6518944,1.0036628,61351384,Turn_3+
-0.24459137,-1.0844948,0.58707917,61351584,Turn_3+
0.030985566,-0.90846086,0.95636123,61351785
-0.123792574,-0.9584569,0.9253757,61351984
-0.10822494,-0.7794292,0.13172607,61352184
-0.21734802,-0.74649763,0.51043856,61352384
-0.14415024,-0.7171587,0.7066805,61352585
-0.07469467,-0.6914122,0.58079225,61352785
-0.070503384,-0.8276289,0.63842237,61352984
-0.103135526,-0.7485933,1.0421329,61353185
-0.2004332,-0.6372249,0.4076024,61353383
-0.09235794,-0.70712954,1.2582834,61353584
-0.088166654,-0.22513184,0.61147845,61434983
-0.35745665,-0.17753083,1.1066487,61435183
-0.005388794,-0.22228774,0.40835083,61435383
0.09535172,-0.16914825,1.0328522,61435583
0.06451584,-0.09535172,0.515977,61435783
0.1884581,0.00583786,1.0216255,61435983
-0.008382568,-0.12633727,0.9292676,61436183
0.10044113,-0.15612534,0.4725673,61436385
0.16136444,-0.0025447083,1.0876383,61436583
-0.084873505,-0.35895357,1.1581416,61459182
-0.0073347474,-0.18486556,0.8240364,61459384,Turn_4+
-0.17109421,-0.07185058,0.91414905,61459583,Turn_4+
-0.22707778,-0.65234345,0.6427634,61459783,Turn_4+
-0.51403105,-0.14160553,1.3236973,61459983
0.22049148,-0.6274951,1.3895603,61460183
-0.17618363,0.02350113,0.69470537,61460384
0.10957214,-0.7095245,0.20222946,61460583
-0.15717316,0.02350113,0.41463774,61460783
-0.15881974,-0.36434233,0.82807803,61460983
-0.26449996,-0.21824616,0.48334488,61461183
-0.052091673,0.065264285,1.5202386,61461384
-0.27887008,-0.11391312,1.1341914,61461583
-0.16346008,-0.07379654,0.27887008,61461783
-0.26315278,-0.028440857,1.0283616,62363346
-0.19684067,-0.33470398,0.6493497,62363546
-0.17498611,-0.31464568,1.1457175,62363746
-0.08741821,-0.50011003,1.1442206,62363946
-0.05463638,-0.32826737,1.0945239,62364146
0.15328126,-0.40400985,1.0743159,62364346
0.26914033,-0.2719844,0.40565643,62364546
0.35865417,-0.38275406,1.2567865,62364746
0.082478486,-0.123642884,0.44173142,62364946
0.46149033,0.82867676,0.3439847,62409745
0.16510665,0.44786865,0.3134482,62409946,Turn_5+
-0.07020401,0.60833496,1.3428575,62410146
-0.15447876,0.7087761,1.5320641,62410346
-0.013621674,0.4288582,0.5908214,62410546
0.047151946,0.2893483,1.0937755,62410746
-0.07020401,0.60833496,1.3428575,62410146
-0.15447876,0.7087761,1.5320641,62410346
-0.013621674,0.4288582,0.5908214,62410546
0.047151946,0.2893483,1.0937755,62410746
0.16346008,0.29653335,0.7662566,62410946,Turn_6+
0.25177643,0.32826737,0.67644334,62411145,Turn_6+
0.26090744,0.3463797,1.1903247,62411346,Turn_6+
0.30835876,0.18681152,0.98195803,62411546,Turn_6+
0.40386018,0.003293152,0.90786207,62411746,Turn_6+
0.2945874,-0.064815216,0.7005432,62411946,Turn_6+
0.52001864,0.35850447,0.6394702,62412146,Turn_6+
0.23306534,-0.19309846,1.4879059,62412346,Turn_6+
0.48020142,0.038320314,1.0250684,62412546,Turn_6+
0.38020936,-0.07289841,1.1925701,62412746,Turn_6+
0.32362702,-0.064815216,0.8412506,62412946,Turn_6+
0.14444962,0.052840117,0.9491762,62413146,Turn_6+
0.14774276,-0.07798782,1.3566289,62413346,Turn_6+
0.28740233,0.23590942,1.0005194,62413546,Turn_6+
0.25387207,0.0076341247,0.45490402,62413746,Turn_6+
0.14429992,-0.044008482,1.4332695,62413946,Turn_6+
0.14310242,-8.9813233E-4,1.5703844,62414146,Turn_6+
0.2348616,0.15822098,0.9449849,62414346,Turn_6+
0.10867401,0.14579682,1.257535,62414546,Turn_6+
0.16121475,-0.09175918,1.198857,62414746,Turn_6+
0.18262024,-0.29623398,0.72643936,62414946,Turn_6+
0.17393829,-0.12049942,1.1895763,62415146,Turn_6+
0.1951941,0.16780105,0.7433542,62415346,Turn_6+
0.17109421,0.30057496,0.952619,62415546,Turn_6+
0.24384293,0.13891113,0.5590874,62415746,Turn_6+
0.27153534,0.2811154,0.85532135,62415946,Turn_6+
0.19130218,0.105680235,0.53932846,62416146,Turn_6+
0.104931794,0.008981323,1.5636483,62416346,Turn_6+
0.23725662,-0.030835876,0.44247985,62416546,Turn_6+
0.25162673,-0.13606705,0.72778654,62416746,Turn_6+
0.010927277,-0.88600755,0.7677534,62416946,Turn_6+
0.012124786,-0.5933661,0.73467225,62417146,Turn_6+
0.1432521,-0.8108638,0.927621,62417346,Turn_6+
0.03173401,-0.816552,0.8680449,62417546,Turn_6+
0.09415421,-0.5438191,0.83316743,62417746,Turn_6+
-0.062270507,-0.5628296,0.5093907,62417946,Turn_6+
-0.23965164,-1.0065069,0.7104227,62418146,Turn_6+
0.07379654,-0.5800438,0.6411168,62418346,Turn_6+
0.49052992,-0.5522017,1.3730947,62418546,Turn_6+
0.23321503,-0.60803556,1.0443782,62418746,Turn_6+
0.1580713,-0.4805008,0.6110294,62418946,Turn_6+
-0.11541,-0.7137158,0.44951522,62419145,Turn_6+
-0.24953109,-0.6845265,0.8360115,62419346,Turn_6+
0.37886214,-0.1008902,1.161285,62419545,Turn_6+
0.48499146,-0.63497955,0.900677,62419747
0.5920189,-0.1353186,0.42406815,62419946
0.5134323,-0.3332071,0.95321774,62420146
0.51971924,0.0011975098,0.23126908,62420346
0.41448808,-0.443378,1.4947915,62420546
0.43200165,-0.024249572,0.90876025,62420745
0.52765274,-0.061072998,1.357078,62420946
-0.047451325,-0.09879456,1.065634,62492346
-0.45430526,0.13217515,0.64575714,62492546
-0.22213806,-0.103883974,1.0389894,62492746
-0.069305874,-0.09729767,0.8702902,62492946
-0.5249584,-0.02215393,0.8095166,62493146
-0.18741028,0.1115181,0.92941725,62493346
-0.18651214,0.07214996,1.3172607,62493546
-0.443378,-0.05508545,0.5709128,62493746
0.0916095,-0.029788055,1.0991642,62493946
0.13606705,-0.9446855,1.5179933,62505146
0.09071136,-0.26000932,0.9551637,62505345,Turn_7+
-0.03278183,-0.42122406,0.45879593,62505546,Turn_7+
-0.042212218,-0.8201445,1.1892769,62505746,Turn_7+
-0.15896942,-0.3026706,0.2920427,62505946,Turn_7+
-0.37886214,-0.106728055,0.9142987,62506146,Turn_7+
-0.26869124,-0.29817992,1.052162,62506346,Turn_7+
-0.010927277,-0.6343808,1.10126,62506546,Turn_7+
0.017214203,-0.5508545,0.3598517,62506745,Turn_7+
-0.026045837,-0.58872575,0.98135924,62506946,Turn_7+
0.1101709,-0.47825545,1.3241464,62507146,Turn_7+
0.11915222,-0.1128653,1.1948154,62507346,Turn_7+
0.3356021,-0.40251297,1.4906002,62507546,Turn_7+
0.24010071,-0.3409909,0.74485105,62507746,Turn_7+
0.21959335,-0.5525011,0.88286406,62507946,Turn_7+
0.19324814,-0.19669098,0.6828799,62508146,Turn_7+
0.19294876,-0.082478486,0.7964937,62508346,Turn_7+
0.051193543,-0.040266264,0.9382489,62508546,Turn_7+
0.03891907,0.049846344,1.2271482,62508746
-0.020657044,0.25372237,1.0684781,62508946
0.04655319,0.19429596,0.7601193,62509146
0.021255799,0.32841706,0.9238788,62509346
0.138013,0.4261638,0.90786207,62509546
0.035476226,0.39787263,1.465752,62509746
0.03772156,0.48588958,0.5721103,62509946
-0.052840117,0.19684067,0.60983187,62510146
0.007933502,0.23845413,0.8858578,62510346
0.27931917,0.20597167,0.560734,62510546
0.16929795,0.122744754,-0.59695864,62530745
0.17034577,0.1844165,0.34682876,62530946
0.11496094,0.066312104,2.6560767,62531146
-0.061671752,0.04670288,1.3992902,62531346
-0.34608033,-0.10298584,0.18082398,62531546
0.032482453,0.0916095,0.49472123,62531746
-0.085472256,0.107925564,0.7339238,62531946
-0.2523752,-0.019758912,1.2037967,62532146
-0.5548961,-0.2505789,0.41613466,62532346
0.3158432,0.33754808,0.7677534,62550546
0.07694,-0.0056881714,1.1820918,62550747,Turn_8+
0.17393829,0.15881974,0.41358992,62550947,Turn_8+
-0.0119750975,0.2004332,1.301244,62551146,Turn_8+
0.07738907,-0.34967285,0.04924759,62551347,Turn_8+
0.09699829,0.085172884,-0.03502716,62551547,Turn_8+
-0.07080276,-0.16780105,1.5242802,62551746,Turn_8+
0.00703537,-0.10777588,1.7839901,62551946,Turn_8+
0.084574126,-0.1685495,0.92687255,62552147,Turn_8+
-0.052840117,-0.29129425,1.1440709,62552347,Turn_8+
0.05463638,-0.17887802,0.6936575,62552547,Turn_8+
0.032183073,-0.38799316,1.5018269,62552747,Turn_8+
0.14609618,-0.21555176,0.48244676,62552946,Turn_8+
0.17004639,-0.33964372,1.0241703,62553147,Turn_8+
0.123493195,-0.2971321,1.0077045,62553347,Turn_8+
0.19803818,-0.47690827,1.0623409,62553546,Turn_8+
0.27258316,-0.32692015,1.3362712,62553747
0.42781037,-0.38395157,0.8744815,62553946
0.3356021,-0.19175126,0.81924635,62554147
0.37347335,-0.43349853,0.9635463,62554346
0.47196853,-0.51941985,1.0268646,62554546
-0.5680687,-0.05882767,0.82238984,62561546
0.12933105,-0.013322297,0.8352631,62561746
-0.41329056,-0.07619156,1.0443782,62561947
-0.20686981,-0.29653335,0.56627244,62562147
-0.100141756,-0.2136058,1.0524614,62562347
-0.35595977,-0.049846344,0.7258406,62562546
-0.20746857,-0.20133133,0.85846484,62562746
-0.24578887,0.05149292,0.6167175,62562946
-0.20716919,-0.13022919,1.0202783,62563146
0.07574249,-0.34593064,1.0127939,62595747
0.05882767,-0.055534516,0.54756135,62595946,Turn_9+
-0.07783814,-0.04565506,0.9849518,62596147,Turn_9+
0.00583786,0.0124241635,0.87687653,62596347,Turn_9+
-0.11735596,0.10717712,0.4272116,62596547,Turn_9+
0.016316071,0.2585124,1.3445041,62596747,Turn_9+
0.09145981,0.25297394,0.6933582,62596947,Turn_9+
-0.0055384827,0.38844222,0.88570815,62597147,Turn_9+
-0.0782872,0.3215314,0.31644195,62597347,Turn_9+
0.11630814,0.36553985,1.4861096,62597547,Turn_9+
-0.05957611,0.35102004,0.728535,62597747,Turn_9+
0.20103195,0.43469605,1.8564395,62597947,Turn_9+
0.10523117,0.51043856,0.925226,62598147,Turn_9+
0.03592529,0.39712417,0.94139236,62598347,Turn_9+
0.11481125,0.31404695,0.6954538,62598547,Turn_9+
0.18606308,0.59755737,1.0205777,62598747,Turn_9+
0.16615447,0.49127838,0.69036436,62598946,Turn_9+
0.14370117,0.6261479,0.6644682,62599147,Turn_9+
0.11166778,0.36748582,1.0011182,62599347,Turn_9+
0.089214474,0.3847,1.0991642,62599547,Turn_9+
0.1498384,0.33530274,1.5299684,62599747,Turn_9+
0.09041199,0.36688706,0.5176236,62599947,Turn_9+
0.03502716,0.44906616,1.0550061,62600147,Turn_9+
-0.046403505,0.40775207,1.1433225,62600347,Turn_9+
0.015567627,0.13711487,1.1265574,62600547,Turn_9+
-0.026195526,0.064665526,0.48080018,62600747,Turn_9+
-0.040565643,-0.10538086,0.9023236,62600947,Turn_9+
0.09145981,0.30057496,0.8761281,62601147,Turn_9+
0.04685257,0.16645385,1.093476,62601347,Turn_9+
0.15238312,0.013771363,1.1967614,62601547,Turn_9+
0.0022453307,-0.050744478,0.38320312,62601746,Turn_9+
0.07649094,-0.0199086,0.81026506,62601946,Turn_9+
0.032632142,-0.07933502,1.1596385,62602147
0.11750565,-0.09280701,1.0579998,62602347
0.041463777,-0.26779312,1.2105327,62602547
-0.04819977,-0.23740631,0.9342073,62602747
-0.022752685,-0.4701723,0.7250922,62602947
0.019309845,-0.51822233,1.247356,62603146
0.07005432,-0.5866301,0.47496232,62603347
0.020956421,-0.73033124,1.1633807,62603547
0.00583786,-0.5533992,0.6598279,62603747
0.014968872,-0.637674,0.8370593,62603947
-0.11960129,-0.09969269,1.0698253,62719548
0.07349716,0.05254074,0.68123335,62719748
-0.017214203,0.11076965,0.7228468,62719948
0.01886078,-0.14654526,0.9331595,62720148
0.013771363,0.013022918,0.9090596,62720348
-0.25791368,-0.05029541,0.86160827,62720548
-0.17543519,0.122145995,0.69859725,62720748
-0.23306534,-0.05388794,0.701591,62720948
0.008083191,0.07679031,0.95890594,62721148
0.15837067,-0.18666184,1.2639716,62732548
-0.045056306,0.027842103,0.5233118,62732748,Turn_10+
0.059276734,-0.10807525,0.66656387,62732948,Turn_10+
0.11061996,0.12169693,0.8571176,62733147,Turn_10+
0.23680755,0.31000534,1.104104,62733348,Turn_10+
0.09879456,0.42646316,0.69635195,62733548,Turn_10+
0.06346802,0.42571473,0.9913884,62733748,Turn_10+
0.09011261,0.34473312,0.74230635,62733948,Turn_10+
0.37736526,0.1965413,1.0641371,62734148,Turn_10+
0.35760635,0.44143203,0.6092331,62734348,Turn_10+
0.44547364,0.32572266,1.1603869,62734548,Turn_10+
0.5258565,0.46897477,0.7405101,62734748,Turn_10+
0.38529876,0.21061203,1.1575428,62734948,Turn_10+
0.39233413,0.26479936,0.8267308,62735148,Turn_10+
0.27692413,0.22662872,0.7997868,62735348,Turn_10+
0.09595047,0.14415024,1.1967614,62735548,Turn_10+
0.2812651,-0.025896149,1.0900333,62735748,Turn_10+
0.39502853,0.107027434,0.9279204,62735948,Turn_10+
0.13471985,0.09385483,1.1070977,62736148,Turn_10+
0.31120285,0.13876145,1.127156,62736348,Turn_10+
-0.38155654,0.42796004,0.83810717,62746147
-0.034129027,0.41568556,0.7792795,62746348
0.17289047,0.22049148,1.3593233,62746548
-0.11720627,0.3769162,0.5719606,62746748
0.11256592,0.34458342,0.98480207,62746948
0.104183346,0.40939865,0.8105644,62747148
0.11061996,0.30401778,1.0714718,62747348
0.37751496,0.20402573,1.2046949,62747548
0.29758117,0.48843428,0.42676255,62747748
0.13022919,0.41778123,0.8360115,62747948,Turn_11+
0.5315446,0.38320312,1.3982424,62748147,Turn_11+
0.42661285,0.3412903,0.8599617,62748348,Turn_11+
0.44532394,0.43978545,1.0377918,62748548,Turn_11+
0.47211823,0.27048752,0.39218444,62748748,Turn_11+
0.25252488,0.06885681,1.0039623,62748948,Turn_11+
0.58468413,0.41703278,1.348845,62749148,Turn_11+
0.34608033,0.027093658,0.64919996,62749348,Turn_11+
0.36179763,0.183219,0.9062155,62749548,Turn_11+
0.44652146,0.18247055,1.0967692,62749748,Turn_11+
0.24968079,0.17678238,0.94932586,62749948,Turn_11+
0.5043013,0.37497026,0.61941195,62750148,Turn_11+
0.4182303,0.04101471,0.832419,62750348,Turn_11+
0.26584718,-0.1273851,1.5937358,62750548,Turn_11+
0.7857161,0.34697846,0.89783293,62750748,Turn_11+
0.6984476,0.2415976,1.0014175,62750948,Turn_11+
0.5616321,-0.07095245,1.6688795,62751148,Turn_11+
0.34608033,-0.13741425,0.65608567,62751348,Turn_11+
0.4285588,0.20193009,0.83975375,62751548,Turn_11+
0.5195696,-0.25147706,1.4855108,62751748,Turn_11+
-0.10523117,-0.036973115,0.78122544,62751948,Turn_11+
0.15852036,-0.1167572,1.1541001,62752147,Turn_11+
-0.29054582,0.28425887,0.5062473,62752348,Turn_11+
-0.03727249,0.1419049,1.2871733,62752548,Turn_11+
-0.09250763,-0.019459534,0.38664597,62752748,Turn_11+
-0.32946488,-0.040266264,0.685724,62752947,Turn_11+
0.08023316,-0.26629624,1.2798386,62753147
-0.082628176,0.23007156,0.73152876,62753348
-0.14400055,-0.39907014,0.82074326,62753548
-0.05583389,-0.26479936,0.9735754,62753748
-0.18516494,-0.17169297,0.7566765,62753948
-0.09101074,-0.13576767,0.74799454,62754148
0.013921051,-0.14280304,0.9916878,62754348
-0.22947282,-0.26240432,0.60863435,62754548
-0.2468367,-0.41314086,0.4352948,62754748
-0.3092569,-0.1871109,0.72524184,62754948
-0.14295273,0.010777588,0.7586224,62880749
-0.07619156,-0.07319778,0.8364606,62880950
-0.08128098,-0.121996306,0.7515871,62881150
-0.085322574,-0.06361771,0.97462326,62881350
-0.2004332,-0.065114595,1.0692265,62881549
-0.15597564,-0.14654526,1.0201286,62881750
-0.2481839,-0.065713346,0.8966354,62881950
-0.032482453,-0.085023195,0.97058165,62882150
-0.0782872,-0.033230897,0.8490344,62882350
-0.065264285,-0.16914825,0.5785469,62994904
0.05643265,-0.3215314,1.022823,62995103,Turn_1+
0.42182282,-0.48229706,1.7844392,62995304
-0.09385483,0.061372377,0.4459227,62995503
0.08008347,-0.42107436,2.3561006,62995703
-0.19878662,0.008382568,0.8247849,62995904
0.214953,-0.25836274,0.608784,62996104
-0.0059875487,0.19339782,0.82598233,62996304
0.1896556,0.2880011,0.82523394,62996503
0.33784744,-0.025896149,1.2415183,62996703
0.18741028,-0.29608428,0.63018954,62996904
-0.30132338,-0.2733316,1.2525952,62997104
0.6620732,0.06915619,1.0400373,63257531
0.15073654,-0.012573852,0.24833359,63257730
0.46373567,0.17678238,0.9678873,63257931
0.51522857,0.08113129,0.712668,63258131
-0.07664063,0.06346802,0.9663904,63258330
-0.26973906,-0.054486696,0.80397815,63258530
-0.17004639,-0.06361771,1.1328442,63258729
-0.122295685,0.1511856,0.08846603,63258930
-0.2348616,-0.1511856,1.1009605,63259130
-0.09834549,-0.12499008,1.5325131,63304532
-0.025896149,0.23276596,0.7867639,63304732,Turn_2+
0.122445375,-0.103584595,0.8319699,63304931,Turn_2+
-0.24099883,-0.23171814,0.37886214,63305132,Turn_2+
-0.19399658,-0.22887406,0.59351575,63305332,Turn_2+
-0.038020935,-0.26000932,1.4914985,63305531,Turn_2+
-0.09430389,-0.15073654,1.0825489,63305732,Turn_2+
-0.01871109,-0.305365,0.85906357,63305931,Turn_2+
-0.13382171,-0.2748285,0.6237529,63306132,Turn_2+
0.31299913,-0.09310638,0.7433542,63306332,Turn_2+
0.14714402,-0.14160553,0.46672943,63306531,Turn_2+
0.31225067,-0.31105316,1.2570859,63306732,Turn_2+
0.33679962,-0.20701951,0.5852829,63306932,Turn_2+
0.34802628,-0.10657837,1.06758,63307131,Turn_2+
0.24099883,0.025896149,0.8427475,63307332,Turn_2+
0.30132338,-0.011226654,0.7117699,63307532,Turn_2+
0.21001327,-0.09804611,0.99213684,63307732,Turn_2+
0.07080276,-0.15777192,0.7671547,63307932,Turn_2+
0.0291893,-0.10059082,1.0018666,63308132,Turn_2+
0.04580475,-0.035775606,1.0943742,63308332,Turn_2+
-0.0047900393,-0.12633727,1.0931767,63308532,Turn_2+
-0.055384826,-0.061372377,0.52316207,63308732,Turn_2+
0.0597258,0.07604187,1.253194,63308932,Turn_2+
0.09774674,0.083526306,0.8569679,63309131,Turn_2+
0.066910855,0.16705261,0.9687854,63309331,Turn_2+
-0.29548553,0.298629,0.44397676,63309532,Turn_2+
-0.09041199,0.04954697,0.83915496,63309732,Turn_2+
-0.028590545,0.17139359,0.76386154,63309931,Turn_2+
0.07065307,0.33739838,1.5373032,63310132
-0.0068856813,0.33335677,0.8652008,63310332
-0.103135526,0.21809646,0.67644334,63310531
0.013022918,0.5683681,1.0523117,63310731
0.14938934,0.21046235,0.88960004,63310932
-0.03742218,0.398172,0.9610016,63311132
-0.17049545,0.23950195,0.63587767,63311331
-0.24519013,0.17423767,0.9222322,63311531
-0.09235794,0.22737716,0.7515871,63311732
-0.17857864,0.17947678,1.022823,63311932
-0.104931794,-0.1287323,0.4840933,63497737
-0.26270372,-0.005388794,0.626597,63497936
-0.45759842,-0.1950444,1.3928535,63498137
-0.280367,0.06197113,0.53858,63498337
-0.21989273,0.02335144,1.1855347,63498536
-0.337099,-0.1434018,0.7212002,63498737
-0.62450135,-0.17333955,0.92657316,63498936
-0.5923183,0.064216465,0.5442682,63499137
-0.061821442,-0.11735596,0.9577084,63499337
0.07813751,-0.15597564,1.1213182,63499536
-0.18067428,0.12499008,0.8412506,63499735,Turn_3+
-0.22228774,0.021704864,1.488804,63499936,Turn_3+
-0.45430526,0.02933899,0.4629872,63500137,Turn_3+
-0.4698729,-0.027093658,0.72539157,63500336,Turn_3+
-0.531844,0.004191284,0.96429473,63500536,Turn_3+
-0.21106109,-0.3240761,0.877625,63500736,Turn_3+
-0.36748582,-0.09295669,0.23111938,63500937,Turn_3+
0.13322297,0.44547364,1.176703,63501137,Turn_3+
-0.13412109,0.2589615,1.0027647,63501336,Turn_3+
-0.065713346,0.25462052,1.3141173,63501537,Turn_3+
0.032632142,0.052241363,0.39517823,63501736,Turn_3+
0.041763153,-0.20073257,0.6271957,63501936,Turn_3+
-0.25447083,-0.010478211,0.952619,63502137,Turn_3+
-0.23845413,0.14100677,1.2564871,63502337,Turn_3+
0.08187973,-0.0398172,0.50744474,63502537,Turn_3+
0.059276734,0.019609222,1.0288106,63502736,Turn_3+
-0.13232483,-0.038020935,0.18336868,63502937,Turn_3+
0.17154327,-0.3143463,0.95216995,63503137,Turn_3+
0.03382965,0.08861572,0.6340814,63503336,Turn_3+
-0.069305874,0.0411644,1.3178595,63503537,Turn_3+
0.04790039,-0.26315278,0.3968248,63503737,Turn_3+
0.011226654,-0.16286133,1.2678635,63503937,Turn_3+
0.14654526,-0.12918137,0.59890455,63504136,Turn_3+
-0.1499881,-0.21106109,0.28605515,63504336,Turn_3+
0.15552658,-0.27782226,1.6296611,63504536,Turn_3+
0.2799179,0.028291168,1.142574,63504737,Turn_3+
0.28246263,-0.22812562,0.59785676,63504937,Turn_3+
-0.05358856,0.05583389,0.8771759,63505137,Turn_3+
-0.102686465,-0.024399262,1.0139914,63505337,Turn_3+
0.05748047,-0.2389032,0.90726334,63505536,Turn_3+
0.16241226,-0.21989273,0.45041335,63505737,Turn_3+
0.22273682,-0.07574249,1.0371932,63505937,Turn_3+
0.40430924,-0.11002121,0.9198372,63506137,Turn_3+
0.20746857,-0.035326537,1.2895683,63506337,Turn_3+
0.10942245,0.007933502,0.8595126,63506536,Turn_3+
0.10852432,-0.06915619,0.6632707,63506737,Turn_3+
0.2854564,-0.42556503,1.0518626,63506937,Turn_3+
0.16420853,-0.18770966,0.7430548,63507137,Turn_3+
-0.33799714,0.2613565,0.8027806,63586139
-0.09565109,0.13711487,0.7195537,63586339
-0.24444169,-0.11226654,0.5968089,63586539
-0.2481839,-0.40056702,1.0686278,63586739
-0.061671752,0.07993378,0.97597045,63586939
-0.3436853,0.23905289,0.88989943,63587139
-0.368833,0.18785934,0.56492525,63587339
0.027842103,-0.09071136,0.58722883,63587539
-0.12558883,-0.29249176,1.0665321,63587739
0.021555176,0.46882507,0.99587905,63630140
-0.12588821,0.4179309,0.48648834,63630340,Turn_4+
0.084873505,-0.026045837,1.151256,63630539,Turn_4+
-0.014220429,0.04086502,0.59890455,63630740,Turn_4+
-0.09370514,0.12064911,0.49846345,63630940,Turn_4+
-0.07140152,-0.0583786,0.997825,63631140,Turn_4+
0.033679962,0.020507354,1.1617341,63631340,Turn_4+
0.09864487,-0.07349716,0.49936157,63631540,Turn_4+
-0.09535172,-0.09879456,1.5132033,63631740,Turn_4+
-0.21076173,-0.22213806,0.83945435,63631940,Turn_4+
0.07679031,-0.18217117,0.72045183,63632140,Turn_4+
-0.06346802,0.011226654,0.6676117,63632340,Turn_4+
-0.48933244,-0.18920654,1.2859758,63632539,Turn_4+
-0.35491195,-0.002095642,1.1539503,63632740,Turn_4+
-0.19953507,0.07918534,0.58588165,63632940,Turn_4+
-0.27557695,-0.027542725,0.69455564,63633140,Turn_4+
-0.26090744,-0.041314088,0.87433183,63633340,Turn_4+
-0.07738907,0.08861572,0.82583266,63633540,Turn_4+
-0.09041199,0.07155121,1.0820998,63633740,Turn_4+
-0.16510665,0.09505234,1.1892769,63633940,Turn_4+
0.009580079,-0.014220429,0.98570025,63634140,Turn_4+
0.10867401,0.11855347,0.74260575,63634340,Turn_4+
0.0029937744,0.016316071,0.49337402,63634540,Turn_4+
0.11660752,-0.019160157,1.054108,63634740,Turn_4+
0.09849518,0.039218444,0.694406,63634940,Turn_4+
0.22273682,-0.23441254,1.1780503,63635139,Turn_4+
-0.07454498,-0.3873944,1.298849,63635340,Turn_4+
0.022752685,-0.27557695,0.7601193,63635539,Turn_4+
-0.21435425,-0.368833,0.9530681,63635740
-0.28590545,-0.34877473,0.8111632,63635940
-0.20716919,-0.24354355,0.7225475,63636140
-0.08981323,-0.5252577,0.6673123,63636340
-0.24429199,-0.3582051,0.5448669,63636540
-0.2389032,-0.5493576,1.1389815,63636740
-0.26584718,-0.24414231,0.6144722,63636940
-0.3927832,-0.21345611,0.5647755,63637139
-0.20612137,-0.0014968872,1.015638,63637340
-0.22064118,-0.07768845,0.80757064,63637540
-0.33979338,-0.08981323,1.2840298,63833264
-0.26719436,-0.053139497,0.50355285,63833464
-0.3887416,-0.23246658,0.6366261,63833664
-0.27108628,-0.15971786,0.65878004,63833864
-0.18411712,-0.14235397,1.5673906,63834064
-0.3632945,-0.05987549,0.7048842,63834264
-0.055534516,-0.0398172,1.212778,63834463
-0.32706985,-0.1592688,0.37736526,63834664
-0.070503384,-0.06331833,0.9488768,63834864
0.122595064,0.013621674,0.775687,63849065
0.09610016,0.4843927,1.0361453,63849265,Turn_5+
0.016914826,0.31674135,1.1500584,63849464,Turn_5+
-0.24339385,0.19025436,1.0500664,63849664,Turn_5+
-0.6870712,0.13337265,0.31359786,63849865,Turn_5+
-0.47601014,0.3436853,0.9520203,63850064,Turn_5+
-0.42526567,0.26315278,0.48229706,63850265,Turn_5+
-0.3610492,0.4034111,0.79140425,63850464,Turn_5+
-0.46268785,0.37766466,0.39248383,63850664,Turn_5+
-0.23336472,0.4963678,0.20926483,63850864,Turn_5+
-0.19953507,0.6011499,1.3380675,63851065,Turn_5+
-0.14175522,0.3900888,0.3477269,63851265,Turn_5+
-0.0047900393,0.15492782,1.6488212,63851464,Turn_5+
0.19594254,0.6692583,2.237547,63851664,Turn_5+
0.29877868,0.02469864,-0.52510804,63851864,Turn_5+
-0.033081207,0.16555573,1.2623249,63852064,Turn_5+
0.33515304,0.33006364,1.7061521,63852265,Turn_5+
0.46598098,0.4379892,0.96145064,63852463,Turn_5+
0.43050477,-0.002694397,1.3786331,63852665,Turn_5+
0.43604323,0.1273851,1.4156063,63852865,Turn_5+
0.82328796,0.106728055,1.1701168,63853065,Turn_5+
0.35057098,0.0076341247,1.0985656,63853265,Turn_5+
0.33245865,-0.08217911,0.7137158,63862065
-0.04790039,-0.023950195,0.46613067,63862265
0.23815475,-0.22677842,1.2737013,63862464
0.15597564,-0.10044113,1.1005114,63862665
0.018262023,-0.25985962,0.6879694,63862865
0.34742752,-0.18741028,0.62390256,63863064
-0.03966751,0.12903167,1.1713142,63863264
0.3556604,-0.0025447083,1.2534933,63863464
0.08637039,-0.020357667,0.57106245,63863665
0.122595064,-0.1776805,1.4787749,63891865
0.30027556,0.22722748,0.45460466,63892065,Turn_6+
0.45969406,0.37781432,1.0207274,63892265,Turn_6+
0.41897872,0.16959733,1.8621277,63892465,Turn_6+
0.34293687,0.25911117,0.5999524,63892665,Turn_6+
0.09595047,0.17184265,1.0249187,63892865,Turn_6+
0.104033664,0.041463777,0.6753955,63893065,Turn_6+
0.031883698,0.10942245,1.0716215,63893265,Turn_6+
-0.09595047,0.3794609,0.81550413,63893464,Turn_6+
0.12663665,0.4378395,0.8782237,63893665,Turn_6+
0.0073347474,7.484436E-4,1.1524534,64212147,Turn_7+
0.061222687,0.4209247,1.2807367,64212348,Turn_7+
0.032931518,0.016914826,0.36164796,64212547,Turn_7+
-0.404908,0.38844222,0.6851253,64212748,Turn_7+
0.101189576,0.25970992,0.65608567,64212948,Turn_7+
0.015717316,-0.102387086,0.8851094,64213147
-0.045954436,-0.15208374,0.24234603,64213348
0.16016693,-0.3835025,1.3235477,64213547
0.0059875487,-0.07484436,0.80906755,64213748
-0.053438872,-0.107925564,0.5599855,64213948
0.11466156,-0.06780899,0.98570025,64214147
-0.09505234,-0.07080276,0.47870454,64214348
0.0742456,-0.18396744,0.7857161,64214548
0.10298584,-0.39517823,0.9340576,64214748
0.9645941,-0.44966492,1.1400293,64214948
0.2389032,0.3131488,1.1563454,64561942
0.24429199,0.2853067,1.121468,64562141
0.16630417,0.50774413,1.1567944,64562342
0.13861175,0.28859985,0.7402107,64562542
0.15462846,0.17064515,1.3706996,64562742
0.2255809,0.30835876,0.8963361,64562942
-0.070503384,0.30686188,1.1186239,64563141
-0.049696654,0.2785707,1.232986,64563342
-0.016914826,0.18546432,0.9608519,64563542
-0.017064514,-0.7861652,1.1633807,64664143
-0.30701157,-0.7063811,2.1276755,64664343,Turn_8+
0.07634125,-0.30431718,0.62674665,64664543,Turn_8+
-0.0013471985,-0.3439847,0.8134085,64664743,Turn_8+
0.07783814,-0.29264146,-0.60010207,64664943,Turn_8+
-0.5053491,-0.37497026,0.53992724,64665143,Turn_8+
-0.572709,-0.84065187,1.3605208,64665343,Turn_8+
-0.80996567,-0.41942778,1.0717713,64665543,Turn_8+
-0.75847274,-0.1592688,0.64800245,64665743,Turn_8+
-0.65653473,0.36479142,0.48065048,64665943,Turn_8+
-0.6397696,0.19190094,0.9804611,64666143,Turn_8+
-0.72703815,0.22183868,0.51717454,64666343,Turn_8+
-0.59920394,0.11346405,0.28845015,64666543,Turn_8+
-0.42436752,-0.24728577,1.0657837,64666743,Turn_8+
-0.4020639,0.55579424,0.19564316,64666943,Turn_8+
-0.0968486,0.90531737,-1.5527211,64667143
-0.30341902,-0.10508148,1.864822,64667343
-0.5936655,0.00703537,1.8308427,64667543
-0.6053412,0.059127044,1.421444,64667743
-0.56746995,0.05254074,0.5571414,64667943
-0.42646316,0.33904496,1.8890717,64668143
-0.29488677,0.28994706,0.32033387,64668343
-0.20103195,0.1420546,0.9982741,64668543
-0.2996768,0.27258316,0.42481658,64668743
0.047151946,0.14879058,-0.06451584,64668943
