-0.15043716,-0.19968475,0.7165599,65722712
-0.27108628,-0.08996292,0.53049684,65722912
-0.015417938,-0.23186783,1.4861096,65723111
-0.032332763,-0.29907808,1.1035053,65723312
0.07499405,-0.22273682,0.35670823,65723511
-0.14654526,-0.020657044,0.6343808,65723712
-0.04415817,-0.32003447,0.898282,65723912
-0.09729767,-0.05598358,0.7557784,65724112,BrokenRoad_1+
-0.10837463,0.087118834,1.0186317,65724312,BrokenRoad_1+
0.011526031,-0.27812165,0.71790713,65724511,BrokenRoad_1+
-0.6394702,0.41673338,-0.3158432,65724712,BrokenRoad_1+
0.37018022,-0.5918692,1.9664607,65724912,BrokenRoad_1+
-0.11570938,0.15567628,1.6510665,65725112,BrokenRoad_1+
0.07993378,-0.19953507,0.26075774,65725312,BrokenRoad_1+
-0.26509872,0.40311173,0.7364685,65725512,BrokenRoad_1+
-0.04535568,-0.058977354,-0.081580356,65725712,BrokenRoad_1+
-0.7370673,0.15073654,0.721799,65725912,BrokenRoad_1+
0.0717009,-0.0047900393,2.2659879,65726112,BrokenRoad_1+
-0.102686465,-0.1511856,0.9889934,65726312,BrokenRoad_1+
0.2243834,-0.20686981,1.0081536,65726512,BrokenRoad_1+
-0.0035925293,0.11615845,0.37062928,65726712,BrokenRoad_1+
0.23516098,-0.3463797,1.2871733,65726912,BrokenRoad_1+
-0.13561799,-0.066461794,0.89169574,65727112,BrokenRoad_1+
0.08876541,-0.23306534,1.3590239,65727311,BrokenRoad_1+
-0.041763153,-0.01167572,1.2461586,65727512,BrokenRoad_1+
-0.39787263,0.7433542,-0.03502716,65727712,BrokenRoad_1+
-0.2335144,-0.5110373,0.72673875,65727912,BrokenRoad_1+
-0.033530273,0.13741425,0.7632628,65728111,BrokenRoad_1+
-0.063767396,-0.037871245,1.3793815,65728312,BrokenRoad_1+
-0.04535568,-0.29368928,-0.0055384827,65728511,BrokenRoad_1+
-0.19474502,-0.60459274,1.219514,65728712,BrokenRoad_1+
-0.3186873,0.9515712,0.6173163,65728912,BrokenRoad_1+
0.18800904,-0.059127044,1.8155745,65729112,BrokenRoad_1+
-0.013921051,-0.53828067,0.5474117,65729312,BrokenRoad_1+
-0.1579216,0.22902374,1.4465919,65729512,BrokenRoad_1+
-0.2269281,-0.08068222,0.3968248,65729712,BrokenRoad_1+
-0.058228914,-0.15043716,1.2632232,65729912,BrokenRoad_1+
-0.26644593,0.1672023,0.27033782,65730112,BrokenRoad_1+
-0.21570145,-0.14444962,1.0033635,65730312,BrokenRoad_1+
0.11436218,-0.41074586,1.1903247,65730512,BrokenRoad_1+
-0.061671752,0.09939331,-0.17723145,65730711,BrokenRoad_1+
-0.007933502,-0.07978409,1.7476158,65730912,BrokenRoad_1+
-0.0981958,-0.07544312,0.7572752,65731112,BrokenRoad_1+
-0.0796344,0.33605117,1.4859599,65731312,BrokenRoad_1+
0.046104126,-0.09475296,0.84484315,65731511,BrokenRoad_1+
0.040415954,-0.21510269,0.82268924,65731712,BrokenRoad_1+
-0.020806732,-0.27288255,0.42272094,65731912,BrokenRoad_1+
-0.0411644,-0.2829117,0.6373746,65732111,BrokenRoad_1+
-0.39098695,0.66716266,0.46343628,65732312,BrokenRoad_1+
0.18726058,-0.80876815,1.2100836,65732512,BrokenRoad_1+
-0.08023316,-0.104782104,1.2211605,65732712,BrokenRoad_1+
0.024998017,-0.21944366,0.16166382,65732911,BrokenRoad_1+
-0.0477507,0.24548951,1.257535,65733111,BrokenRoad_1+
-0.07544312,0.11391312,0.9476793,65733312,BrokenRoad_1+
-0.3225792,-0.15013778,-0.24773483,65733512,BrokenRoad_1+
0.043709107,-0.15163468,1.6581019,65733712,BrokenRoad_1+
-0.084723815,-0.082777865,1.4635066,65733911,BrokenRoad_1+
-0.27363098,0.10208771,0.5920189,65734112,BrokenRoad_1+
-0.010328522,-0.2868036,0.19938537,65734312,BrokenRoad_1+
0.25911117,-0.18890716,1.5346087,65734512,BrokenRoad_1+
-0.17723145,-0.24429199,0.52001864,65734712,BrokenRoad_1+
0.030686188,-0.18501526,0.72703815,65734912,BrokenRoad_1+
-0.29892838,0.2613565,1.1249107,65735112,BrokenRoad_1+
0.03757187,-0.013172608,1.7371376,65735312,BrokenRoad_1+
-0.70114195,0.5983058,0.5572911,65735511,BrokenRoad_1+
-0.31359786,-0.43304947,0.5590874,65735711,BrokenRoad_1+
-0.08053253,-0.80727124,0.29952714,65735911,BrokenRoad_1+
-0.31210098,-0.23860382,0.7958949,65736112,BrokenRoad_1+
0.14938934,0.12708573,1.1302996,65736312,BrokenRoad_1+
0.05763016,0.82493454,0.29788056,65736511,BrokenRoad_1+
-0.41299117,-0.5215155,0.6251001,65736712,BrokenRoad_1+
-0.45879593,0.053289186,0.3436853,65736912,BrokenRoad_1+
-0.2507286,-0.30731094,1.0731184,65737112,BrokenRoad_1+
-0.03592529,-0.107925564,0.481848,65738312,BrokenRoad_1+
-0.511636,0.06780899,0.17872833,65738512,BrokenRoad_1+
-0.27108628,-0.13786331,1.3748909,65738712,BrokenRoad_1+
-0.5201683,-0.15208374,-0.060623933,65738915,BrokenRoad_1+
-0.6215076,-0.17588425,0.32332763,65739112,BrokenRoad_1+
-0.025896149,-0.5535489,0.86669767,65739312,BrokenRoad_1+
0.13891113,0.1633104,1.986519,65739512,BrokenRoad_1+
0.30626312,-0.26929,0.0076341247,65739712,BrokenRoad_1+
-0.41508684,0.63273424,1.1545491,65739912,BrokenRoad_1+
0.22677842,-0.14220428,1.7630337,65740112,BrokenRoad_1+
-0.22079086,0.2323169,0.6183641,65740312,BrokenRoad_1+
0.06975494,-0.34263748,0.02469864,65740512,BrokenRoad_1+
0.032332763,-0.2785707,1.4509327,65740712,BrokenRoad_1+
0.10912308,-0.26929,0.7788304,65740912,BrokenRoad_1+
0.3956273,-0.37586838,-0.49846345,65741113,BrokenRoad_1+
-0.19564316,0.39338195,1.7459693,65741312,BrokenRoad_1+
-0.52376086,-0.26869124,0.99977094,65741512,BrokenRoad_1+
-0.32946488,0.90696394,0.84963316,65741712,BrokenRoad_1+
0.062719576,-0.4656816,1.2073892,65741912,BrokenRoad_1+
-0.16241226,-0.23995101,0.8190967,65742112,BrokenRoad_1+
-0.15552658,-0.45475432,0.375569,65742312,BrokenRoad_1+
0.27318192,0.44128236,1.2581336,65742512,BrokenRoad_1+
0.14355148,0.048648834,1.3910573,65742712,BrokenRoad_1+
-0.003293152,0.26330245,0.9568103,65742912,BrokenRoad_1+
0.13277389,-0.9903406,0.8812175,65743112,BrokenRoad_1+
-0.14879058,0.23710693,0.28979737,65743312,BrokenRoad_1+
-0.13591737,-1.5922389,-0.3025209,65743512,BrokenRoad_1+
-0.14953904,0.15881974,0.9674382,65743712,BrokenRoad_1+
-0.2203418,0.3384462,1.3823754,65743912,BrokenRoad_1+
-0.10044113,0.17259109,1.2449611,65744112,BrokenRoad_1+
0.27033782,-0.1405577,0.85651886,65744312,BrokenRoad_1+
-0.54157376,1.0309062,0.68497556,65744512,BrokenRoad_1+
0.085472256,-0.18591338,1.0181826,65744712,BrokenRoad_1+
-0.36209702,0.89738387,0.4857399,65744912,BrokenRoad_1+
-0.1633104,-1.0803035,0.38050872,65745112,BrokenRoad_1+
-0.0916095,-0.8893007,0.4209247,65745312,BrokenRoad_1+
-0.13157639,-0.5599855,0.89648575,65745512,BrokenRoad_1+
-0.09999207,0.18202148,0.84634,65745712,BrokenRoad_1+
-0.10508148,0.67105454,1.0579998,65745912,BrokenRoad_1+
-0.119002536,0.71760774,1.5308665,65746112,BrokenRoad_1+
0.066012725,0.14819184,1.1491603,65746312,BrokenRoad_1+
-0.019010467,-0.5957611,0.13142669,65746513,BrokenRoad_1+
-0.04415817,-0.17094451,0.6277945,65746712,BrokenRoad_1+
0.18591338,-0.7023395,0.7969428,65746912,BrokenRoad_1+
0.08861572,0.16151413,1.0553055,65747112,BrokenRoad_1+
0.21151017,0.21704865,1.0141411,65747312,BrokenRoad_1+
0.17857864,0.21974304,0.81819856,65747512,BrokenRoad_1+
0.19205064,-0.36688706,0.9994716,65747712,BrokenRoad_1+
0.0029937744,0.085322574,0.83182025,65747912,BrokenRoad_1+
-0.3221301,0.14714402,0.90980804,65748112,BrokenRoad_1+
-0.17738113,-0.1511856,0.7685019,65748312,BrokenRoad_1+
-0.33215928,-0.022004241,0.8490344,65748512,BrokenRoad_1+
-0.25417146,-0.10074051,0.8063731,65748712,BrokenRoad_1+
-0.20207977,-0.20297791,0.8041278,65748912,BrokenRoad_1+
-0.3079097,0.026345216,0.35131943,65753712,BrokenRoad_1+
-0.1499881,0.050145723,0.9663904,65753912,BrokenRoad_1+
0.103734285,-0.055684205,1.135389,65754112,BrokenRoad_1+
0.15343094,-0.36748582,0.8707393,65754312,BrokenRoad_1+
0.11451187,-0.13427079,0.5701643,65754512,BrokenRoad_1+
-0.05957611,0.24923173,0.9732761,65754712,BrokenRoad_1+
-0.06556366,-0.15881974,0.9241782,65754912,BrokenRoad_1+
-0.12708573,-0.16360977,0.7830217,65755112,BrokenRoad_1+
-0.18696122,0.21121079,0.98285615,65755312,BrokenRoad_1+
-0.024399262,-0.12918137,0.9198372,65755512,BrokenRoad_1+
-0.17408799,0.09520203,0.72389466,65755712,BrokenRoad_1+
-0.09415421,-0.19758911,1.0044113,65755912,BrokenRoad_1+
-0.029788055,-0.042361908,0.6253995,65756112,BrokenRoad_1+
-0.25656646,-0.107027434,0.47556105,65756312,BrokenRoad_1+
-0.5638774,0.3930826,1.1064991,65756512,BrokenRoad_1+
0.030237122,-0.45819718,1.0764116,65756712,BrokenRoad_1+
-0.02350113,-0.1392105,0.6592291,65756912,BrokenRoad_1+
0.07140152,-0.41628432,0.62584853,65757112,BrokenRoad_1+
-0.176483,0.04550537,0.82104266,65757312,BrokenRoad_1+
-0.19594254,0.34578094,0.6066884,65757512,BrokenRoad_1+
-0.16166382,-0.29503646,1.1238629,65757712,BrokenRoad_1+
-0.054187316,-0.22842498,0.6379733,65757912,BrokenRoad_1+
-0.3079097,0.020357667,0.76984906,65758112,BrokenRoad_1+
-0.107925564,-0.15492782,0.5340893,65758312,BrokenRoad_1+
-0.3318599,-0.00464035,0.7009923,65758512,BrokenRoad_1+
-0.16869919,-0.40924895,0.80742097,65758712,BrokenRoad_1+
-0.24998017,0.15462846,0.8503816,65758913,BrokenRoad_1+
-0.22947282,0.038170625,0.95531344,65759112,BrokenRoad_1+
-0.2586621,0.012124786,0.32362702,65759313,BrokenRoad_1+
-0.6156697,0.3332071,0.7961943,65759512,BrokenRoad_1+
-0.71476364,0.29129425,0.02005829,65759712,BrokenRoad_1+
-0.020657044,-0.7424561,1.2341835,65759912,BrokenRoad_1+
-0.19998413,-0.46029282,0.59815615,65760113,BrokenRoad_1+
-0.18202148,-0.20118164,1.3780344,65760313,BrokenRoad_1+
-0.49816406,0.29668304,1.0750644,65760513,BrokenRoad_1+
-0.20507355,0.13471985,0.26060808,65760712,BrokenRoad_1+
-0.32542327,-0.3580554,0.7164102,65760912,BrokenRoad_1+
-0.0889151,-0.13711487,1.2064911,65761112,BrokenRoad_1+
-0.24698639,0.16360977,0.86954176,65761312,BrokenRoad_1+
-0.12948075,0.22917344,1.1067984,65761512,BrokenRoad_1+
-0.14220428,-0.29638368,0.71700895,65761712,BrokenRoad_1+
0.027393036,-0.46762756,0.32901582,65761912,BrokenRoad_1+
0.07200027,-0.41373962,1.343606,65762112,BrokenRoad_1+
0.020507354,0.10987152,0.30311966,65762312,BrokenRoad_1+
-0.11630814,0.15852036,0.8586145,65762512,BrokenRoad_1+
-0.050744478,-0.16420853,0.27273285,65762712,BrokenRoad_1+
-0.100141756,0.21465363,1.5353572,65762912,BrokenRoad_1+
0.051792298,-0.12798385,1.1523038,65763112,BrokenRoad_1+
-0.066910855,0.18905686,0.7526349,65763312,BrokenRoad_1+
-0.041613463,-0.5471123,0.4258644,65763513,BrokenRoad_1+
-0.044607237,-0.36030075,0.6161188,65763712,BrokenRoad_1+
-0.2585124,-0.006436615,0.9701326,65763912,BrokenRoad_1+
-0.21525238,-0.26569748,0.51403105,65764112,BrokenRoad_1+
-0.18247055,-0.13172607,1.1761043,65764312,BrokenRoad_1+
-0.07694,-0.050594788,0.98225737,65764512,BrokenRoad_1+
-0.042062532,0.21001327,0.9620494,65764712,BrokenRoad_1+
0.104931794,-0.15073654,0.5510042,65764912,BrokenRoad_1+
-0.03876938,-0.0955014,0.9169931,65765113,BrokenRoad_1+
-0.100291446,-0.28755203,0.9017249,65765312,BrokenRoad_1+
-0.26360184,0.045056306,0.76820254,65765513,BrokenRoad_1+
-0.13756393,-0.16480727,0.8801697,65765713
-0.067359924,-0.3583548,0.73586977,65765912
-0.30820906,-0.060623933,0.5346881,65766112
-0.31255004,0.07484436,0.7048842,65766312
0.10807525,-0.15103592,1.7718654,65766513
-0.18411712,0.065114595,0.59097105,65766712
-0.08008347,-0.14160553,0.9517209,65766912
-0.19205064,-0.27168503,0.56118304,65767112
-0.16241226,-0.17199235,1.3066329,65767312
-0.124391325,0.065114595,0.6976991,65767512
-0.75458086,-0.024399262,0.46403503,66820801
-0.5131329,0.06451584,1.2000545,66821001
-0.44008484,0.019758912,0.62959075,66821201
-0.38634658,-0.12663665,0.44128236,66821401
-0.2880011,0.017064514,0.92687255,66821601
-0.29249176,0.07604187,0.9994716,66821801
-0.28096572,-0.13906083,1.1705658,66822000
-0.45804748,0.015417938,0.5680687,66822201
-0.26824218,-0.021555176,0.27961853,66822400
-0.1074765,0.01886078,0.6686595,66894416
-0.29264146,-0.11406281,1.382525,66894617,BrokenRoad_2+
-0.121547244,-0.009131012,0.31674135,66894817,BrokenRoad_2+
0.15567628,-0.11555969,0.8132588,66895017,BrokenRoad_2+
0.044906616,-0.2772235,1.4603631,66895217,BrokenRoad_2+
0.084723815,0.032632142,0.9610016,66895417,BrokenRoad_2+
-0.054337006,0.11106903,0.16495697,66895618,BrokenRoad_2+
-0.3025209,-0.03278183,0.61147845,66895817,BrokenRoad_2+
0.1751358,-0.16510665,1.6711249,66896018,BrokenRoad_2+
-0.07993378,0.07903565,1.0202783,66896217,BrokenRoad_2+
0.07634125,0.004939728,1.2704082,66896416,BrokenRoad_2+
-0.16241226,0.34428406,0.27003846,66896618,BrokenRoad_2+
0.048798524,-0.104632415,0.30147308,66896818,BrokenRoad_2+
-0.2665956,0.31554383,1.5048207,66897018
0.13711487,-0.23456222,0.32736924,66897218
-0.029788055,-0.08936416,0.4263135,66897417
0.082628176,-0.20357665,1.1663746,66897618
0.2348616,-0.018262023,1.5765216,66897818
-0.086969145,0.1088237,0.0477507,66898018
-0.11316467,0.023800507,0.62225604,66898217
-0.23920257,-0.36119887,0.54726195,66898418
-0.3713777,-0.26779312,0.68752027,66898617
-0.4098477,-0.32632142,0.3132985,66898817
-0.6499484,-0.1366658,0.43604323,67160829
-0.34623,-0.10642868,0.9092093,67161029
-0.35087037,-0.18022522,0.82523394,67161229
-0.6149213,-0.13876145,0.459245,67161428
-0.34158966,-0.062719576,0.7066805,67161629
-0.47421387,-0.033380583,0.9437874,67161829
-0.34054184,-0.23650818,0.8577164,67162029
-0.41613466,0.016316071,0.68437684,67162228
-0.25806335,-0.08741821,1.1725117,67162428
-0.3743715,-0.5105882,0.7831714,67166430
-0.52540743,-0.5682184,1.2751982,67166629,BrokenRoad_3+
0.124241635,-0.10538086,0.88166654,67166829,BrokenRoad_3+
0.12798385,0.07589218,0.38919067,67167029,BrokenRoad_3+
-0.16795075,-0.084723815,1.1711645,67167229,BrokenRoad_3+
-0.4420308,-0.14714402,0.8479866,67167428,BrokenRoad_3+
-0.3249742,-0.22752686,0.7990384,67167629,BrokenRoad_3+
-0.22378464,-0.09235794,0.42840913,67167829
-0.37242553,-0.004191284,0.74664736,67168029
0.034727782,-0.26285338,0.87403244,67168229
-0.102387086,-0.1273851,0.7541318,67168428
-0.08427475,-0.1817221,0.65204406,67168629
-0.07679031,-0.29129425,1.1443703,67168828
-0.34039214,-0.122595064,1.1415262,67169029
-0.068407744,0.0029937744,0.64261365,67169229
-0.4297563,-0.0755928,0.8652008,67169428
-0.36045045,-0.11136841,0.5863307,67169629
-0.40670425,-0.73332506,0.572709,67436041
-0.4300557,-0.22588028,0.7949968,67436241
-0.07274872,-0.5213658,-0.0086819455,67436440
-0.07155121,-0.33694932,1.0310559,67436641
0.4324507,0.15043716,1.0071057,67436840
0.008532257,-0.048948213,0.2535727,67437041
-0.05478607,0.28710297,1.8103354,67437241
0.104333036,0.12903167,0.47032195,67437440
0.25282425,0.16256195,1.1466156,67437641
0.21195923,0.11047027,1.5380516,67437840,BrokenRoad_4+
0.13756393,5.987549E-4,0.78975767,67438041,BrokenRoad_4+
-0.4367917,-0.2839595,0.407303,67438241,BrokenRoad_4+
-0.25252488,-0.1526825,0.05718109,67438440,BrokenRoad_4+
-0.40565643,-0.24878265,1.3509407,67438641,BrokenRoad_4+
-0.69455564,-0.1992357,1.1082953,67438841,BrokenRoad_4+
0.09909394,-0.15343094,0.5920189,67439041,BrokenRoad_4+
-0.60459274,-0.669857,0.85532135,67439241,BrokenRoad_4+
-0.77299255,-0.29264146,0.82298857,67439440,BrokenRoad_4+
-0.056881715,-0.35012192,0.7038364,67439641,BrokenRoad_4+
-0.41583526,-0.4339476,0.6027965,67439841,BrokenRoad_4+
-0.472717,-0.5363347,0.64411056,67440041,BrokenRoad_4+
-0.28889924,-0.43020537,-0.2350113,67440241
-0.25432113,-0.42646316,1.3332775,67440440
-0.26539811,-0.31808853,0.73976165,67440641
-0.12768447,-0.56492525,0.9517209,67440841
-0.13127701,-0.13681549,0.082478486,67441041
-0.19833755,-0.55160296,1.0425819,67441241
-0.24593857,-0.4674779,0.74515045,67441440
0.068258055,-0.027542725,0.9883946,67441640
0.014819183,0.11136841,0.50265473,67441841
-0.107925564,0.024249572,2.0222945,67442041
-0.21839584,0.33066237,0.9514215,67442241
-0.34338593,-0.009729767,0.031434633,67442440
-0.3851491,-0.0690065,1.1609857,67442641
-0.25506958,0.060025178,1.1927197,67442841
-0.21779709,-0.06346802,0.24863297,67443041
-0.36808455,-0.16974701,0.9732761,67443241
-0.11421249,0.14519806,0.10208771,67443440
-0.30087432,0.051941987,1.0903326,67443641
-0.35850447,-0.11196716,0.7500902,67443841
-0.40281236,-0.3293152,0.66671354,67449440
-0.3608995,-0.55265075,0.6030958,67449641,BrokenRoad_5+
0.1672023,-0.7677534,0.53992724,67449841,BrokenRoad_5+
-0.08771759,-0.5839357,0.90561676,67450041,BrokenRoad_5+
-0.58303756,-0.50325346,0.74260575,67450241,BrokenRoad_5+
-0.21061203,-0.43349853,0.8722362,67450440,BrokenRoad_5+
0.04954697,-0.49876282,0.0086819455,67450641,BrokenRoad_5+
-0.9199869,-0.13980927,0.19130218,67450841,BrokenRoad_5+
-0.7563771,0.061372377,0.2176474,67451041,BrokenRoad_5+
-0.012723541,0.3984714,0.1633104,67451241,BrokenRoad_5+
-0.44667113,-0.36658767,1.4609619,67451441,BrokenRoad_5+
-0.5825885,0.011076965,0.6966513,67451641,BrokenRoad_5+
0.56492525,0.28066635,2.0136127,67451841,BrokenRoad_5+
-0.18755996,0.5733078,1.4106665,67452041,BrokenRoad_5+
-0.5536986,0.23411316,0.45265868,67452241,BrokenRoad_5+
-0.15492782,0.17842895,1.6425344,67452441,BrokenRoad_5+
-0.61372375,-0.22183868,0.53858,67452641,BrokenRoad_5+
-0.41493714,-0.017812958,0.94139236,67452841,BrokenRoad_5+
-0.22947282,-0.01407074,0.7319778,67453041,BrokenRoad_5+
-0.38559815,-0.13846207,0.8478369,67453241,BrokenRoad_5+
-0.38005966,0.03966751,0.5507048,67453441,BrokenRoad_5+
-0.29039612,-0.04550537,1.2484039,67453641,BrokenRoad_5+
-0.021255799,0.13621673,0.18202148,67453841,BrokenRoad_5+
0.019609222,-0.13457017,0.5080435,67454041,BrokenRoad_5+
-0.14474899,-0.008981323,0.4315526,67454242,BrokenRoad_5+
0.120200045,-0.03772156,1.3644127,67454441,BrokenRoad_5+
0.060773622,-0.49741563,1.1475137,67454640,BrokenRoad_5+
-0.14489868,-0.3992198,1.4440471,67454841,BrokenRoad_5+
-0.024848327,-0.19624192,0.5670209,67455041,BrokenRoad_5+
0.27901977,0.026345216,0.48618898,67455241,BrokenRoad_5+
-0.32033387,-0.16136444,1.3156142,67455441,BrokenRoad_5+
-0.02933899,-0.019160157,0.959355,67455642,BrokenRoad_5+
-0.375569,-0.33964372,0.73152876,67458041,BrokenRoad_5+
-0.5002597,-0.11735596,0.3055147,67458242,BrokenRoad_5+
-0.61507094,-0.017214203,0.11226654,67458440,BrokenRoad_5+
-0.29039612,-0.12948075,1.1891272,67458641,BrokenRoad_5+
-0.41493714,-0.13621673,0.9794133,67458841,BrokenRoad_5+
-0.12543915,-0.31284943,1.0030642,67459042,BrokenRoad_5+
-0.13546829,-0.13172607,0.55953646,67459241,BrokenRoad_5+
0.13337265,0.025147704,0.9952803,67459441,BrokenRoad_5+
0.081580356,0.14684464,0.70263886,67459641,BrokenRoad_5+
0.065413974,-0.19070344,1.660497,67459842,BrokenRoad_5+
0.32692015,-0.18531464,1.0062076,67460042,BrokenRoad_5+
0.104782104,-0.0504451,1.1069481,67460242,BrokenRoad_5+
0.32272887,0.48663804,0.2814148,67460441,BrokenRoad_5+
0.24084915,-0.20252883,1.6724721,67460642,BrokenRoad_5+
0.28066635,-0.16525635,0.8587642,67460842,BrokenRoad_5+
-0.21824616,-0.6286926,0.61402315,67461042,BrokenRoad_5+
0.123343505,-0.574655,0.4643344,67461242,BrokenRoad_5+
0.33141083,-0.36973113,1.0644364,67461441,BrokenRoad_5+
0.5752537,-0.2585124,1.4850618,67461642,BrokenRoad_5+
0.30311966,0.13786331,-0.3161426,67461841,BrokenRoad_5+
0.2588118,-0.7577243,1.5214362,67462042,BrokenRoad_5+
-0.39338195,-0.060623933,-0.015417938,67462242,BrokenRoad_5+
-1.1781999,-0.049696654,0.021555176,67462441,BrokenRoad_5+
-0.58213943,-0.6966513,-0.11226654,67462642,BrokenRoad_5+
-0.30716124,-0.5622308,0.105530545,67462842,BrokenRoad_5+
-1.189726,-0.36284545,-0.61686724,67463041,BrokenRoad_5+
-0.7607181,-0.9689351,0.14834152,67463242,BrokenRoad_5+
-0.76910067,-0.12978011,0.70683014,67463441,BrokenRoad_5+
-0.54606444,-0.22123992,0.9967772,67463642,BrokenRoad_5+
-0.7765851,-0.58707917,0.5519023,67463842,BrokenRoad_5+
-0.19998413,-0.09520203,0.8092172,67464042,BrokenRoad_5+
-0.4511618,-0.49097902,0.32572266,67464242,BrokenRoad_5+
-0.29368928,-0.33515304,0.44786865,67464441,BrokenRoad_5+
0.0411644,-0.16645385,0.28770173,67464642,BrokenRoad_5+
-0.2613565,-0.7827223,0.9412427,67464842,BrokenRoad_5+
0.20118164,-0.5132826,1.2142749,67465042,BrokenRoad_5+
-0.33245865,-0.420775,0.9134006,67465242,BrokenRoad_5+
0.46538222,-0.76820254,1.221909,67465441,BrokenRoad_5+
-0.04086502,-0.1008902,0.05493576,67465641,BrokenRoad_5+
0.13606705,-0.6941066,1.629212,67465842,BrokenRoad_5+
0.09131012,-0.6777905,-0.08771759,67466042,BrokenRoad_5+
-0.048648834,-0.39173537,1.465303,67466242,BrokenRoad_5+
0.17184265,-0.12663665,0.73332506,67466441,BrokenRoad_5+
-0.4658313,-0.572709,-0.3026706,67466642,BrokenRoad_5+
-0.85846484,-0.23007156,2.032174,67466842,BrokenRoad_5+
0.07903565,0.3249742,0.3995192,67467042,BrokenRoad_5+
0.09999207,0.62584853,0.8626561,67467242,BrokenRoad_5+
-0.99722624,0.81191164,2.384242,67467441,BrokenRoad_5+
-0.60070086,0.50011003,0.21165985,67467642,BrokenRoad_5+
0.12528946,0.5706134,-0.73751634,67467842,BrokenRoad_5+
0.44906616,-1.3784834,1.520987,67468042,BrokenRoad_5+
-0.6623726,-0.68677187,0.4245172,67468242,BrokenRoad_5+
-0.42915756,0.29099488,-0.6129753,67468441,BrokenRoad_5+
-0.50504977,-0.420775,0.2309697,67468642,BrokenRoad_5+
-0.96324694,-0.26734406,0.91609496,67468841,BrokenRoad_5+
-0.15088624,-0.48828462,1.325344,67469042,BrokenRoad_5+
-0.51462984,-0.05628296,0.3659889,67469242,BrokenRoad_5+
-0.32587233,-0.21450394,0.7526349,67469441,BrokenRoad_5+
-0.70458484,-0.4420308,1.0621911,67469642,BrokenRoad_5+
-0.2917433,-0.2309697,1.4576688,67469842,BrokenRoad_5+
-0.13995895,-0.12903167,0.21016297,67470042,BrokenRoad_5+
-0.47690827,-0.19414628,0.5715115,67470242,BrokenRoad_5+
-0.45235932,-0.015867004,1.3073813,67470441,BrokenRoad_5+
0.15492782,-0.17184265,1.0365944,67470642,BrokenRoad_5+
-0.44966492,-0.16450791,0.30042526,67470842,BrokenRoad_5+
-0.45580214,0.0916095,0.6200107,67471042,BrokenRoad_5+
-0.4816983,-0.33245865,0.53019744,67471241,BrokenRoad_5+
-0.032033388,-0.0019459534,0.41703278,67471441,BrokenRoad_5+
-0.7746391,-0.42796004,0.42496628,67471642,BrokenRoad_5+
-0.4831952,-0.053438872,1.1000624,67471842,BrokenRoad_5+
-0.104931794,0.14145584,-0.01871109,67472042,BrokenRoad_5+
0.5923183,-0.42661285,0.85412383,67472242,BrokenRoad_5+
0.29309052,0.15612534,1.1223661,67472441,BrokenRoad_5+
0.11930191,-0.6306386,1.7525555,67472642,BrokenRoad_5+
-0.20282821,-0.084723815,0.81700104,67472842,BrokenRoad_5+
0.04924759,-0.003293152,0.42376876,67473042,BrokenRoad_5+
-0.5230124,-0.105530545,0.710722,67473242,BrokenRoad_5+
-0.29309052,-0.082927555,0.85786605,67473441,BrokenRoad_5+
-0.33066237,-0.24593857,0.99647784,67473642,BrokenRoad_5+
-0.13082795,-0.1207988,0.21180955,67473842,BrokenRoad_5+
-0.03727249,-0.19294876,0.7843689,67474042,BrokenRoad_5+
-0.43454635,-0.22183868,1.368604,67474242,BrokenRoad_5+
-0.21435425,-0.022303618,0.52510804,67474442,BrokenRoad_5+
-0.03622467,-0.1580713,1.1460168,67474642,BrokenRoad_5+
0.06256989,0.13546829,0.77987826,67474842,BrokenRoad_5+
0.04655319,0.065863036,0.46508285,67475042,BrokenRoad_5+
-0.14145584,-0.22782624,0.6144722,67475242,BrokenRoad_5+
-0.5454657,-0.33500335,0.7158115,67475441,BrokenRoad_5+
-0.3225792,-0.043709107,0.66057634,67475642,BrokenRoad_5+
-0.12633727,0.0044906614,0.49352372,67475842,BrokenRoad_5+
-0.07244934,-0.3023712,0.9611513,67476042,BrokenRoad_5+
-0.08113129,-0.18651214,1.4611115,67476242,BrokenRoad_5+
-0.3001259,-0.46373567,1.1755055,67476442,BrokenRoad_5+
-0.1101709,0.013471985,0.29428804,67476642,BrokenRoad_5+
-0.42825943,-0.2945874,0.13486953,67476842,BrokenRoad_5+
-0.563578,-0.61537033,1.5600559,67477042,BrokenRoad_5+
-0.32841706,-0.19264938,0.14175522,67477242
-0.25252488,0.062120818,0.12992981,67477442
-0.14355148,0.03397934,1.2922627,67477642
-0.21001327,-0.14100677,-0.04655319,67477841
-0.49816406,-0.32093263,1.3371693,67478042
-0.6475534,-0.5825885,1.0846444,67478242
-0.123493195,-0.3318599,0.27542725,67478441
-0.4989125,-0.22528152,0.64470935,67478642
-0.43574387,-0.4456233,0.873284,67478842
0.11121872,-0.27018815,0.8186476,67479042
-0.45565248,-0.20133133,0.91893905,67479242
-0.15687378,-0.09101074,0.8069719,67479441
-0.16675323,0.065713346,0.26644593,67479642
-0.13127701,-0.22797592,0.7861652,67479843
-0.41867936,-0.22543122,2.3155348,67480042
-0.25027955,0.16450791,-0.7762857,67480242
-0.14579682,0.09490265,0.5264552,67480441
-0.7656578,0.24069947,1.3003459,67480642
-0.12843293,-0.20776795,1.0952724,67480842
0.11361374,-0.11855347,0.66701293,67482042
-0.5542973,-0.5016069,1.5620018,67482243,BrokenRoad_6+
0.34473312,-0.6126759,1.4464421,67482442,BrokenRoad_6+
-0.21405487,-0.5054988,0.33694932,67482642,BrokenRoad_6+
-0.34458342,-0.2255809,1.1341914,67482842,BrokenRoad_6+
-0.27527755,-0.352966,0.28455827,67483042,BrokenRoad_6+
0.05388794,-0.15567628,-0.19070344,67483243,BrokenRoad_6+
-0.49906218,-0.2932402,0.12978011,67483441,BrokenRoad_6+
-0.31808853,-0.35012192,1.6046631,67483642,BrokenRoad_6+
-0.1898053,-0.3676355,0.3519182,67483842,BrokenRoad_6+
-0.4008664,-0.15238312,0.4128415,67484043,BrokenRoad_6+
-0.35581008,-0.22378464,0.32602203,67484243,BrokenRoad_6+
-0.024099885,0.45191026,1.0728191,67484442,BrokenRoad_6+
-0.086969145,-0.083526306,1.0918295,67484642,BrokenRoad_6+
-0.43110353,-0.022004241,0.8515791,67484843,BrokenRoad_6+
-0.039368134,-0.13427079,0.6243517,67485043,BrokenRoad_6+
-0.18276992,-0.07619156,1.2039464,67485243,BrokenRoad_6+
-0.2532733,-0.1805246,0.8313711,67485442,BrokenRoad_6+
0.064665526,0.20462447,0.5402266,67485643,BrokenRoad_6+
-0.13501923,0.02933899,0.35476226,67485843,BrokenRoad_6+
-0.07274872,-0.083975375,2.1269271,67486043,BrokenRoad_6+
-0.24054977,-0.4391867,0.47945297,67486242,BrokenRoad_6+
-0.15552658,0.015567627,1.0722203,67486442
-0.23650818,-0.048948213,0.6655161,67486643
-0.3623964,-0.08981323,1.4382092,67486843
-0.056881715,0.039218444,0.7964937,67487043
-0.47436357,-0.20163071,0.4297563,67487243
-0.07005432,-0.18426682,0.9235794,67487442
-0.050145723,0.0034428407,0.35625917,67487643
-0.059426423,-0.10927276,0.43963578,67487843
0.102536775,0.052840117,1.2252022,67488042
-0.47765672,-0.16869919,1.3856685,67488243
-0.17244141,-0.2959346,1.6365467,67488442
-0.3902385,-0.07185058,0.3412903,67488642
0.031883698,-0.16316071,0.3849994,67488842
0.46762756,-0.11211685,0.6572832,67489043
-0.1287323,-0.07903565,1.531615,67489243
-0.49726593,0.009879456,1.2225078,67489442
-0.11570938,-0.10807525,-0.060324553,67489643
-0.66162413,-0.3835025,0.81954575,67489843
-0.041763153,-0.08038285,0.26360184,67490043
-0.52989805,-0.23665787,0.2189946,67514643
-0.4815486,-0.7481442,1.4286292,67514843,BrokenRoad_7+
0.90337145,-0.2785707,1.377735,67515043,BrokenRoad_7+
0.70787793,-0.050145723,-0.20731887,67515244,BrokenRoad_7+
0.3980223,-0.39622605,1.5368541,67515443,BrokenRoad_7+
0.20447479,-0.27153534,1.185834,67515643,BrokenRoad_7+
0.052241363,-0.35790575,1.4425502,67515844,BrokenRoad_7+
0.31269974,-0.084873505,0.5911208,67516044,BrokenRoad_7+
-0.3026706,-0.104782104,-0.17019607,67516244,BrokenRoad_7+
-0.55130357,-0.048648834,0.33979338,67516443,BrokenRoad_7+
-0.59411454,-0.25297394,0.38814285,67516644,BrokenRoad_7+
-0.73078036,-0.31090346,0.11076965,67516844,BrokenRoad_7+
-0.36808455,0.1592688,0.7586224,67517044,BrokenRoad_7+
-0.13442047,-0.13861175,1.7748592,67517244,BrokenRoad_7+
-0.36958146,-0.37871248,1.2261003,67517443,BrokenRoad_7+
-0.3055147,-0.3598517,0.09984238,67517644,BrokenRoad_7+
-0.35925293,-0.28949797,0.6939569,67517844,BrokenRoad_7+
-0.18202148,-0.3409909,0.2665956,67518044,BrokenRoad_7+
-0.12513977,-0.26195526,0.72958285,67518244,BrokenRoad_7+
-0.31823823,-0.1844165,0.6676117,67518443,BrokenRoad_7+
-0.2588118,-0.52989805,0.62390256,67518644,BrokenRoad_7+
-0.2908452,-0.34428406,0.5505551,67518844,BrokenRoad_7+
-0.54606444,-0.19294876,-0.013621674,67519043,BrokenRoad_7+
-0.27153534,-0.39053786,0.71341646,67519244
0.051941987,-0.11436218,1.0445279,67519443
0.14370117,-0.013621674,0.44741958,67519644
-0.09430389,-0.14429992,1.5766712,67519844
-0.015867004,-0.08936416,0.89738387,67520044
0.1287323,0.19235,-0.6104306,67520244
0.12693603,-0.3026706,1.5079641,67520443
-0.29608428,-0.2868036,1.843716,67520644
-0.13247451,-0.21165985,0.25536895,67520844
-0.14115646,0.23740631,0.3439847,67521044
-0.39053786,0.14175522,0.12499008,67521244
-0.32677048,-0.36688706,0.91789126,67521443
-0.41299117,-0.07708969,0.73572004,67521644
-0.25402176,-0.123493195,0.8464897,67521844
-0.1898053,0.010777588,0.4552034,67522044
-0.05029541,-0.18471588,0.9316626,67522244
0.15358062,-0.10897339,1.1677217,67522443
-0.18815872,-0.18995498,0.65099627,67522644
0.16989669,-0.38155654,1.2302916,67522844
0.021106109,-0.28336075,0.43454635,67523244
0.05149292,-0.25462052,0.7123686,67523446,BrokenRoad_8+
-0.07708969,-0.3623964,1.0500664,67523644
-0.03382965,-0.13202545,0.552052,67523844
0.513582,0.13950989,0.89962924,67524044
0.024399262,-0.09460327,-0.102387086,67524244
-0.103584595,-0.34817597,2.1242325,67524443
-0.25941056,-0.07409592,0.4779561,67524644
-0.30072463,-0.47136977,-0.2932402,67524843
-0.7099736,-0.29368928,1.3623171,67525044
-0.46119094,-0.13950989,0.5893245,67525243
-0.21600083,-0.09131012,0.21390519,67525443
0.024399262,-0.09460327,-0.102387086,67524244
-0.103584595,-0.34817597,2.1242325,67524443
-0.25941056,-0.07409592,0.4779561,67524644
-0.30072463,-0.47136977,-0.2932402,67524843
-0.7099736,-0.29368928,1.3623171,67525044
-0.46119094,-0.13950989,0.5893245,67525243
-0.21600083,-0.09131012,0.21390519,67525443
-0.7366182,-0.2814148,-0.0047900393,67525644
-0.5083429,-0.27961853,0.76910067,67525843
-0.09654923,-0.07155121,1.2148737,67526044
-0.660726,-0.27677444,1.4865587,67526244,BrokenRoad_9+
-0.2589615,-0.031284943,0.45490402,67526443,BrokenRoad_9+
-0.17423767,-0.048948213,0.123792574,67526644
-0.30132338,-0.101189576,0.8228389,67526844
-0.3215314,-0.3107538,0.82867676,67527044
-0.31105316,-0.05149292,0.4924759,67527244
-0.3132985,-0.32961455,1.1398796,67527443
-0.20911515,-0.26734406,1.3181589,67527644
-0.34997222,-0.36853364,0.8108638,67527843
0.02574646,-0.40655458,0.42376876,67528044
0.02469864,-0.20133133,0.83571213,67528244
7.484436E-4,-0.2880011,-0.0055384827,67528444
-0.27557695,0.065413974,0.18396744,67553845
-0.13561799,0.15328126,0.99992067,67554045
-0.38724473,-0.5340893,1.178649,67554245
-0.6969507,-0.35116974,0.28246263,67554444
0.13950989,0.054337006,0.44143203,67554645
-0.07214996,-0.4020639,0.23830444,67554845
-0.50355285,-0.20701951,1.0139914,67555045
-0.14295273,-0.2865042,1.0216255,67555245
0.016465759,-0.6601273,1.0644364,67555444
-0.13232483,-0.05493576,0.889151,67560646
-0.07903565,-0.084424436,-1.232986,67560845,BrokenRoad_10+
0.23381378,-0.2890489,0.3927832,67561046,BrokenRoad_10+
-0.30326936,-0.5221143,0.96324694,67561246,BrokenRoad_10+
-0.026345216,-0.45834687,1.1898756,67561445,BrokenRoad_10+
-0.001646576,-0.6170169,0.7946974,67561646,BrokenRoad_10+
-0.2881508,-0.003293152,1.2135265,67561846,BrokenRoad_10+
-0.34862503,-0.43963578,1.4117143,67562046,BrokenRoad_10+
0.1260379,-0.29907808,1.3010944,67562246,BrokenRoad_10+
-0.09430389,-0.06960525,0.93615323,67562445,BrokenRoad_10+
-0.057031404,0.100141756,0.8319699,67562646,BrokenRoad_10+
-0.087268524,0.020507354,0.82268924,67562846,BrokenRoad_10+
-0.13202545,-0.09999207,0.5882767,67563046,BrokenRoad_10+
0.08187973,0.23186783,0.3409909,67563245
0.12064911,-0.082478486,1.4437478,67563445
-0.25521928,-0.03622467,0.4671785,67563646
-0.3543132,-0.18561402,0.637674,67563846
0.003742218,-0.120948486,0.366438,67564046
-0.11271561,0.14789246,0.43379793,67564245
-0.07304809,-0.23306534,1.6211288,67564445
-0.20477417,0.22528152,0.71251833,67564645
-0.34548157,-0.023201752,0.86699706,67564846
-0.39907014,0.082777865,0.32557297,67565046
-0.46358597,-0.12648697,1.063688,67565245
-0.41433838,0.03996689,0.932411,67565445
-0.24219635,-0.041314088,0.9066646,67565646
-0.3650908,0.050145723,0.39502853,67565846
-0.6369255,-0.2508783,1.1305989,67566046
-0.27258316,0.09145981,0.20746857,67566245
-0.4698729,-0.23860382,1.5696359,67566445
-0.34742752,-0.17543519,0.787662,67566646
-0.40850052,-0.7104227,0.22378464,67566846
-0.051043853,-0.68243086,1.4238391,67598047
0.07933502,-0.4989125,0.38425094,67598247,BrokenRoad_11+
-0.101339266,-0.5325925,0.7747888,67598446,BrokenRoad_11+
-0.14953904,-0.38844222,0.71880525,67598647,BrokenRoad_11+
-0.14639556,-0.24339385,-0.0023950196,67598846,BrokenRoad_11+
-0.012723541,-0.17318985,0.6566844,67599047,BrokenRoad_11+
-0.6167175,-0.31509477,1.4084212,67599247
-0.004191284,-0.25776398,0.2773732,67599446
-0.21285737,-0.38574782,1.2051439,67599646
-0.3052153,-0.14504836,1.1686199,67599847
-0.560734,-0.123343505,0.7601193,67600046
-0.51552796,-0.052391052,0.86041075,67600247
-0.30371842,0.27647507,0.17797989,67600446
-0.046253815,-0.47990203,0.6962022,68104997
-0.49921188,-0.28096572,0.92298067,68105197
-0.16600479,-0.5743556,0.6930588,68105397
-0.27422974,-0.31000534,0.39742357,68105597
0.75562865,-0.25731492,1.1918216,68105796
0.71311706,-0.35790575,0.7234456,68105997
0.48094985,-0.33949402,1.1654763,68106197
0.5043013,-0.17423767,0.9551637,68106398
0.3519182,-0.05583389,1.0847942,68106597
0.12588821,-0.18800904,1.3939013,68165673
-0.61402315,-0.6821315,0.09340576,68165874,BrokenRoad_12+
0.183219,-0.60204804,1.321003,68166074,BrokenRoad_12+
-0.0291893,-0.61656785,1.2403207,68166274,BrokenRoad_12+
-0.13157639,-0.42781037,0.58872575,68166472,BrokenRoad_12+
0.060773622,-0.042062532,0.5613327,68166674,BrokenRoad_12+
-0.07918534,-0.37661684,1.2895683,68166874,BrokenRoad_12+
-0.4484674,-0.27527755,0.5122348,68167074,BrokenRoad_12+
-0.20148101,-0.15852036,0.83915496,68167274,BrokenRoad_12+
0.443378,-0.27437943,0.6351292,68167473,BrokenRoad_12+
-0.3161426,-0.26090744,1.2641213,68167674,BrokenRoad_12+
-0.20462447,-0.07858658,1.0590477,68167874,BrokenRoad_12+
0.07873627,-0.09834549,1.0220746,68168074,BrokenRoad_12+
0.21210891,-0.028740235,1.5621514,68168274,BrokenRoad_12+
0.3851491,0.015867004,1.3853691,68168474,BrokenRoad_12+
-0.36119887,-0.041314088,0.5638774,68168674,BrokenRoad_12+
-0.017812958,-0.034727782,-0.5505551,68168873,BrokenRoad_12+
-0.09969269,-0.13861175,1.1349399,68169074,BrokenRoad_12+
-0.11526032,-0.20761825,1.9245479,68169274,BrokenRoad_12+
-0.20357665,-0.20477417,0.68841845,68169473,BrokenRoad_12+
-0.49816406,-0.34143996,-0.039218444,68169674,BrokenRoad_12+
-0.18486556,-0.14834152,0.9102571,68169874,BrokenRoad_12+
0.15507752,-0.29129425,0.97312635,68170074,BrokenRoad_12+
-0.2589615,-0.26285338,0.8083191,68170274,BrokenRoad_12+
-0.43604323,-0.43619293,0.8904982,68170474,BrokenRoad_12+
-0.49067962,-0.35880387,0.3903882,68170674,BrokenRoad_12+
0.74664736,-0.14385086,2.0416045,68170874,BrokenRoad_12+
-0.051193543,-0.13262421,0.8719368,68171074,BrokenRoad_12+
-0.03158432,-0.33365616,0.49397278,68171274,BrokenRoad_12+
-0.042361908,-0.035326537,0.15552658,68171474,BrokenRoad_12+
0.030386811,0.0022453307,0.97207856,68171674,BrokenRoad_12+
-0.28994706,-0.12049942,0.71087176,68171874,BrokenRoad_12+
-0.12558883,-0.07185058,0.69605255,68172074,BrokenRoad_12+
-0.120349735,-0.09310638,0.56627244,68172274,BrokenRoad_12+
-0.24309449,-0.054037627,0.46403503,68172473,BrokenRoad_12+
-0.39996827,-0.10208771,0.7774832,68172674,BrokenRoad_12+
-0.39472917,-0.06960525,0.6990463,68172874,BrokenRoad_12+
-0.11166778,0.1965413,0.7569759,68173074,BrokenRoad_12+
-0.027842103,0.19983444,1.2490027,68173274,BrokenRoad_12+
-0.3293152,-0.032332763,0.6251001,68173473,BrokenRoad_12+
-0.020357667,-0.1207988,0.9939331,68173674,BrokenRoad_12+
-0.39712417,-0.50669634,0.2776726,68173874,BrokenRoad_12+
-0.2933899,-0.18830842,0.27976823,68174074,BrokenRoad_12+
0.5866301,-0.94708055,1.1852353,68174273,BrokenRoad_12+
-0.36748582,-0.50744474,1.8050963,68174473,BrokenRoad_12+
-0.1061293,-0.11705658,0.651595,68174674,BrokenRoad_12+
-0.41972718,-0.278421,0.73841447,68174874,BrokenRoad_12+
-0.98570025,0.07439529,0.25462052,68175074,BrokenRoad_12+
-0.4701723,-0.023650818,1.0198293,68175274,BrokenRoad_12+
-0.24189697,-0.11825409,1.2413685,68175473,BrokenRoad_12+
-0.32946488,-0.26285338,0.5867798,68175673,BrokenRoad_12+
-1.0303074,-0.29608428,-0.20776795,68175874,BrokenRoad_12+
-0.09849518,-0.13337265,0.77688444,68176074,BrokenRoad_12+
-0.058228914,-0.106728055,0.9937834,68176274,BrokenRoad_12+
-0.6069878,-0.21674927,-0.18681152,68176473,BrokenRoad_12+
-0.42002654,-0.17124389,0.27258316,68176674,BrokenRoad_12+
-0.366438,0.0017962647,0.95531344,68176874,BrokenRoad_12+
-0.14938934,-0.13756393,0.7975415,68177074,BrokenRoad_12+
-0.21285737,-0.057031404,0.1434018,68177274,BrokenRoad_12+
-0.35895357,-0.2812651,1.3181589,68177473,BrokenRoad_12+
-0.101488955,-0.27348128,0.022004241,68177674,BrokenRoad_12+
-0.15073654,-0.1419049,0.5261558,68177873,BrokenRoad_12+
0.21195923,-0.18217117,1.1687695,68178074
-0.09984238,-0.176483,1.291664,68178274
-0.063917086,0.069305874,0.13157639,68178473
0.003143463,-0.23531067,1.0376422,68178674
-0.02694397,-0.027393036,1.0874885,68178874
-0.11316467,-0.17588425,1.0048604,68179074
-0.16540603,-0.4044589,0.9675879,68179274
-0.20881577,-0.30461654,0.41688308,68179474
0.49127838,0.04700226,1.3266912,68179674
0.18262024,-0.17663269,0.7762857,68179874
-0.02215393,-0.060174868,1.1169772,68196675
-0.13277389,-0.24519013,0.7813751,68196875
0.06960525,-0.19878662,0.37107834,68197075
0.07155121,-0.3291655,0.5119354,68197275
0.1884581,-0.2814148,0.468376,68197474
0.0059875487,-0.13322297,0.79290116,68197675
0.37003052,0.15328126,0.30716124,68197875
-0.0185614,-0.15732284,0.97851515,68198074
-0.16450791,-0.40041733,0.7782317,68198275
-0.2321672,-0.18890716,1.2558883,68201275
-0.17812958,0.22333556,0.26824218,68201474,BrokenRoad_13+
-0.07379654,0.15687378,0.97597045,68201675,BrokenRoad_13+
4.4906617E-4,0.13352233,0.7288344,68201875,BrokenRoad_13+
0.01871109,0.034278717,0.91744214,68202074,BrokenRoad_13+
0.13950989,0.038020935,0.93226135,68202275,BrokenRoad_13+
-0.017214203,-0.15028748,1.0518626,68202474,BrokenRoad_13+
-0.24474105,-0.60998154,1.0972183,68202675,BrokenRoad_13+
-0.100141756,-0.15582596,0.85816544,68202875,BrokenRoad_13+
0.6104306,-0.3980223,0.78751236,68203075,BrokenRoad_13+
0.012274475,-0.19983444,0.945434,68203275,BrokenRoad_13+
0.42556503,-0.23007156,0.99812436,68203475,BrokenRoad_13+
0.3555107,0.19564316,1.2769945,68203675,BrokenRoad_13+
0.79544586,0.102387086,0.41314086,68203875,BrokenRoad_13+
0.41867936,-0.08083191,0.7884105,68204075,BrokenRoad_13+
0.12948075,-0.065713346,0.8930429,68204275,BrokenRoad_13+
0.138013,0.13382171,1.2506492,68204475,BrokenRoad_13+
0.13950989,-0.121247865,0.77433974,68204675,BrokenRoad_13+
-0.007933502,-0.1790277,0.92313033,68204875,BrokenRoad_13+
-0.16001724,0.066461794,0.9812096,68205075,BrokenRoad_13+
0.1992357,-0.07708969,0.7433542,68205275,BrokenRoad_13+
-0.30371842,-0.0809816,0.5315446,68205474,BrokenRoad_13+
0.043409728,-0.038020935,1.3724959,68205675,BrokenRoad_13+
0.17812958,-0.058079224,0.6101312,68205875,BrokenRoad_13+
-0.3409909,0.003143463,0.84424436,68206075,BrokenRoad_13+
-0.054486696,-0.29503646,1.627266,68206275,BrokenRoad_13+
-0.07783814,-0.086969145,0.35895357,68206475
0.121547244,-0.07125183,1.2184662,68206675
-0.19968475,-0.121397555,0.7595206,68225275
-0.050594788,-0.07349716,0.8608598,68225475
-0.14564712,-0.082628176,0.8628058,68225676
-0.18262024,-0.15388,0.78377014,68225876
-0.15013778,-0.12768447,0.7731422,68226075
-0.13397141,-0.11241623,0.8262817,68226276
-0.15313156,-0.10103989,0.81789917,68226475
-0.14923966,-0.1484912,0.81310916,68226676
-0.15567628,-0.11840378,0.78661424,68226876
-0.3195854,-0.1088237,0.9568103,68245876
-0.23965164,-0.4511618,0.61656785,68246076,BrokenRoad_14+
-0.3092569,-0.337099,0.85247725,68246276,BrokenRoad_14+
-0.18381774,-0.2971321,0.62420195,68246475,BrokenRoad_14+
0.05373825,-0.42526567,1.1368859,68246676,BrokenRoad_14+
-0.30057496,-0.18920654,0.41074586,68246876,BrokenRoad_14+
-0.34009278,-0.24983047,0.4830455,68247076,BrokenRoad_14+
-0.24249573,-0.5372328,1.321003,68247276,BrokenRoad_14+
-0.2996768,-0.30341902,0.20986359,68247476,BrokenRoad_14+
-0.069305874,-0.18785934,0.8991802,68247676,BrokenRoad_14+
0.0071850587,-0.21779709,0.99049026,68247876,BrokenRoad_14+
-0.36733612,-0.40850052,0.8930429,68248076,BrokenRoad_14+
-0.23905289,-0.13831238,1.1805949,68248276,BrokenRoad_14+
-0.054337006,-0.22393432,-0.2562671,68248476,BrokenRoad_14+
-0.1910028,-0.2377057,1.3148657,68248676,BrokenRoad_14+
-0.20522323,-0.44697052,1.1907737,68248876,BrokenRoad_14+
-0.17289047,-0.3740721,0.6149213,68249076,BrokenRoad_14+
0.05628296,-0.17124389,0.39981857,68249276,BrokenRoad_14+
-0.73302567,-0.22797592,0.6182144,68249475,BrokenRoad_14+
-0.17483643,-0.023650818,0.79963714,68249676,BrokenRoad_14+
-0.14789246,-0.07020401,0.13367203,68249876,BrokenRoad_14+
-0.087268524,-0.086071014,1.095422,68250076,BrokenRoad_14+
-0.4978647,-0.16256195,1.1115885,68250276,BrokenRoad_14+
-0.08666977,-0.19130218,0.27048752,68250476,BrokenRoad_14+
0.52630556,-0.23276596,0.59516233,68250676,BrokenRoad_14+
0.24279511,0.06316864,0.7688013,68250877,BrokenRoad_14+
-0.019160157,0.013172608,1.0147399,68251076,BrokenRoad_14+
-0.26749375,-0.033081207,0.8152048,68251276,BrokenRoad_14+
0.105979614,0.09864487,0.2389032,68251476,BrokenRoad_14+
0.066312104,0.031883698,1.0963202,68251676,BrokenRoad_14+
-0.27033782,-0.02814148,0.62824357,68251876,BrokenRoad_14+
-0.07229965,0.07469467,0.30626312,68252076,BrokenRoad_14+
-0.4367917,-0.04086502,1.4429992,68252276,BrokenRoad_14+
-0.37018022,0.019309845,0.7735913,68252475,BrokenRoad_14+
-0.49337402,-0.022004241,0.14624588,68252676,BrokenRoad_14+
-0.3715274,0.104482725,0.8446934,68252876,BrokenRoad_14+
-0.36030075,-0.18681152,1.221909,68253076,BrokenRoad_14+
-0.3610492,-0.25985962,0.16630417,68253276,BrokenRoad_14+
-0.20103195,0.11765534,0.6120772,68253476,BrokenRoad_14+
-0.09759705,-0.41733214,0.9566606,68253676,BrokenRoad_14+
-0.49157774,-0.42930725,0.6436615,68253877,BrokenRoad_14+
-0.35865417,-0.0086819455,0.5218149,68254077,BrokenRoad_14+
-0.60743684,0.1393602,0.29294083,68254277,BrokenRoad_14+
0.24953109,0.05493576,1.6205301,68254475,BrokenRoad_14+
-0.34578094,-0.13022919,0.5885761,68254676,BrokenRoad_14+
-0.32811767,-0.5185217,0.07843689,68254876,BrokenRoad_14+
-0.017663268,-0.045205995,1.0711725,68255077,BrokenRoad_14+
-0.3598517,-0.11406281,0.90307206,68255276,BrokenRoad_14+
-0.43813887,-0.064815216,0.470771,68255475,BrokenRoad_14+
-0.23710693,-0.16256195,1.0955718,68255677,BrokenRoad_14+
-0.2585124,-0.065114595,0.78945833,68255877,BrokenRoad_14+
-0.10208771,-0.030686188,0.5363347,68256077,BrokenRoad_14+
-0.05269043,-0.23995101,0.86729646,68256277,BrokenRoad_14+
-0.176483,-0.31150222,0.7988887,68256476,BrokenRoad_14+
-0.2321672,-0.35087037,1.0261161,68256676,BrokenRoad_14+
-0.38140687,-0.26240432,-0.17393829,68256877,BrokenRoad_14+
-0.21405487,-0.5266049,1.685046,68257077,BrokenRoad_14+
-0.3516188,-0.32856673,0.73467225,68257277,BrokenRoad_14+
-0.13741425,0.03966751,0.32168105,68257476,BrokenRoad_14+
0.09789643,-0.020806732,0.28485763,68257677,BrokenRoad_14+
0.10897339,0.10657837,0.9139993,68257877,BrokenRoad_14+
-0.25042924,-0.18157242,0.86759585,68258077,BrokenRoad_14+
-0.21255799,-0.17708176,1.3112732,68258276,BrokenRoad_14+
0.23201752,-0.26270372,1.9100281,68258476,BrokenRoad_14+
-0.12648697,0.02799179,0.17573456,68258677,BrokenRoad_14+
0.040715333,0.023800507,0.68467623,68258877,BrokenRoad_14+
-0.032033388,0.083376616,0.5243596,68259077,BrokenRoad_14+
-0.123792574,-0.17842895,0.97402453,68259276,BrokenRoad_14+
-0.17857864,0.1088237,0.61507094,68259476,BrokenRoad_14+
-0.48229706,-0.1525328,0.19758911,68259677,BrokenRoad_14+
-0.36464173,-0.3528163,1.2061917,68259877,BrokenRoad_14+
-0.6018984,-0.022303618,0.1857637,68260077,BrokenRoad_14+
0.030536499,0.11061996,1.8785934,68260277,BrokenRoad_14+
-0.26240432,-0.049846344,0.20477417,68260476,BrokenRoad_14+
0.14744338,0.15867004,0.748743,68260677,BrokenRoad_14+
0.09654923,-0.13995895,0.8849597,68260877,BrokenRoad_14+
-0.23605911,-0.15687378,0.6411168,68261077,BrokenRoad_14+
-0.30955628,-0.23995101,0.7512877,68261277,BrokenRoad_14+
-0.504451,-0.4619394,0.98225737,68261476,BrokenRoad_14+
0.0086819455,-0.14579682,0.8837622,68261677,BrokenRoad_14+
-0.05493576,-0.13726455,1.2207115,68261877,BrokenRoad_14+
-0.1115181,-0.1486409,0.7370673,68262077,BrokenRoad_14+
-0.23725662,-0.24773483,-0.20881577,68262277,BrokenRoad_14+
-0.07768845,-0.34278718,1.3386662,68262476,BrokenRoad_14+
-0.32452515,-0.07978409,0.7322772,68262677,BrokenRoad_14+
0.031135254,0.013022918,1.4055771,68262877,BrokenRoad_14+
-0.09774674,0.16795075,0.6933582,68263077,BrokenRoad_14+
0.23995101,0.15852036,1.1139835,68263276
-0.067210235,0.082478486,0.9412427,68263476
-0.04580475,-0.26270372,1.4711407,68263677
-0.20207977,-0.039517824,-0.010328522,68263877
-0.21719833,0.105979614,0.43634263,68264077
-0.11406281,0.08068222,0.91744214,68264277
-0.5483098,0.04011658,0.70653075,68264476
-0.3001259,-0.23920257,0.6192622,68264677
-0.14444962,-0.16241226,1.3816268,68264877
-0.0014968872,-0.20103195,1.1566447,68265077
0.11061996,-0.022303618,0.63782364,69167400
0.3023712,-0.32272887,1.0053095,69167601
0.21465363,-0.099543,0.753533,69167801
0.214953,-0.15867004,0.99647784,69168001
0.18411712,-0.10298584,0.8375084,69168201
0.32617173,0.017363891,0.8804691,69168401
-0.08981323,-0.2174977,0.7774832,69168601
-0.09295669,-0.23186783,0.6870712,69168801
-0.104632415,-0.042960662,1.0098001,69169001
-0.21779709,0.030087434,0.5391788,69187202
-0.010627899,0.10837463,0.6575825,69187401,BrokenRoad_15+
0.15822098,-0.2866539,1.407074,69187602,BrokenRoad_15+
0.20088226,0.051193543,0.23965164,69187802,BrokenRoad_15+
0.124391325,0.13307327,1.7187259,69188001,BrokenRoad_15+
-0.91489744,-0.51043856,0.58558226,69188202,BrokenRoad_15+
-0.24893235,0.07185058,0.18217117,69188403,BrokenRoad_15+
-0.14235397,-0.16914825,0.94528425,69188602,BrokenRoad_15+
-0.26060808,-0.43050477,1.1283536,69188802,BrokenRoad_15+
-0.32347733,0.2585124,1.601819,69189002,BrokenRoad_15+
-0.039218444,0.16630417,1.624422,69189202,BrokenRoad_15+
-0.29488677,0.3023712,-0.07439529,69189403,BrokenRoad_15+
-0.13636643,-0.20537293,0.22617966,69189602,BrokenRoad_15+
0.011825409,-0.08023316,1.8206639,69189802,BrokenRoad_15+
-0.45834687,-0.030835876,0.9333092,69190002,BrokenRoad_15+
-0.30566436,-0.1924997,1.1771522,69190202,BrokenRoad_15+
-0.5986052,-0.5984555,-0.035476226,69190401,BrokenRoad_15+
-0.76760375,0.46657974,0.71596116,69190602,BrokenRoad_15+
-0.49561936,-0.10298584,0.4923262,69190802,BrokenRoad_15+
-0.38005966,-0.11421249,0.65907943,69191002,BrokenRoad_15+
-0.27408004,-0.014519806,0.9397458,69191201,BrokenRoad_15+
-0.13052857,-0.045056306,1.0556048,69191401,BrokenRoad_15+
-0.05508545,-0.11690689,0.3435356,69191602,BrokenRoad_15+
0.03382965,-0.041763153,0.7851173,69191802
0.0019459534,-0.07679031,1.5757731,69192001
0.1434018,-0.25267455,1.2934602,69192202
0.101189576,-0.028590545,0.71790713,69192402
0.034428407,-0.0011975098,0.934357,69192602
-0.102686465,-0.11226654,0.5519023,69192802
-0.0068856813,-0.35371444,1.4398558,69193001
0.06975494,-0.036823425,0.2802173,69193202
0.19414628,-0.008382568,1.207988,69193401
0.08113129,-0.27273285,0.6755452,69193603
0.034727782,-0.21914428,0.6917116,69193804
0.07259903,-0.26644593,0.8211923,69194001
0.02005829,-0.13516891,1.0653347,69194201
-0.2974315,-0.1061293,0.8731343,69194401
-0.08652008,0.17094451,0.27408004,69194602
-0.10044113,-0.024848327,0.7634125,69194802
-0.064815216,0.17423767,0.7927515,69195002
-0.16375946,0.061671752,0.7354207,69195202
-0.15777192,0.15447876,0.74395293,69195402
-0.18202148,-0.37511992,1.0539583,69212203
0.017064514,-0.1115181,1.234932,69212404,BrokenRoad_1+
-0.054037627,0.034428407,0.7066805,69212603,BrokenRoad_1+
-0.0029937744,0.10508148,0.9883946,69212803,BrokenRoad_1+
-0.043110352,-0.15163468,0.6978488,69213003
-0.12843293,-0.3465294,0.57914567,69213203
-0.033081207,0.018112335,0.3966751,69213403
-0.30880782,-0.16974701,1.0822494,69213603
-0.016765136,0.048948213,0.4263135,69213803
5.987549E-4,-0.29937744,0.803529,69214003
-0.20522323,-0.2242337,0.94528425,69214203
-0.07679031,-0.22677842,0.8702902,69214404
-0.3689827,-0.5625302,1.004561,69214604
-0.1088237,0.036673736,0.20267853,69214804
-0.042661287,-0.2230362,0.7161108,69433812
0.21989273,-0.019309845,1.2295432,69434012
-0.23186783,-0.042960662,0.735271,69434212
0.31674135,0.14235397,0.59156984,69434411
-0.47196853,0.17139359,0.8984317,69434611
-0.1194516,0.120050356,0.5984555,69434812
-0.34578094,-0.17663269,0.9849518,69435012
-0.2616559,0.16016693,0.8943901,69435212
0.054486696,0.06870712,0.832419,69435411
-0.34548157,-0.6598279,1.2332854,69465413
0.01287323,-0.4620891,0.9638457,69465614,BrokenRoad_2+
-0.09759705,-0.09011261,0.79769117,69465814,BrokenRoad_2+
0.19684067,-0.3357518,0.06361771,69466013,BrokenRoad_2+
-0.16839981,-0.21929398,1.1282039,69466213,BrokenRoad_2+
-0.0038919067,-0.30820906,0.62031007,69466413,BrokenRoad_2+
-0.22588028,-0.44367737,0.94393706,69466613,BrokenRoad_2+
-0.2481839,-0.34293687,0.547711,69466813,BrokenRoad_2+
-0.30476624,-0.30132338,0.88196594,69467013,BrokenRoad_2+
-0.20761825,0.055384826,0.65907943,69467214,BrokenRoad_2+
-0.17079483,0.14879058,0.86160827,69467414,BrokenRoad_2+
-0.36209702,-0.15073654,0.84619033,69467614,BrokenRoad_2+
-0.04655319,0.032931518,1.344055,69467814,BrokenRoad_2+
-0.23965164,-0.17453705,0.03847,69468013,BrokenRoad_2+
0.0717009,0.15687378,1.015638,69468214,BrokenRoad_2+
-0.24459137,-0.26210496,0.6442602,69468413,BrokenRoad_2+
-0.085621946,0.061072998,1.5702347,69468614,BrokenRoad_2+
-0.013771363,0.056732025,0.35072067,69468814,BrokenRoad_2+
-0.41074586,0.067210235,0.8493338,69469013,BrokenRoad_2+
-0.46059218,-0.023950195,0.8970845,69469214,BrokenRoad_2+
-0.08307724,-0.32302827,0.97567105,69469413,BrokenRoad_2+
-0.12543915,0.14444962,0.6911128,69469614,BrokenRoad_2+
0.08876541,0.0025447083,0.7186555,69469814,BrokenRoad_2+
-0.24504043,-0.45176056,0.77688444,69470014,BrokenRoad_2+
-0.08038285,-0.069305874,0.7909552,69470214,BrokenRoad_2+
0.08846603,0.20148101,0.9833052,69470414,BrokenRoad_2+
-0.060773622,-0.12813355,-0.34982255,69470614,BrokenRoad_2+
-0.17169297,-0.31015503,1.3097763,69470814,BrokenRoad_2+
-0.53962785,-0.11496094,0.8634045,69471014
-0.13486953,0.21151017,1.068029,69471213
-0.3516188,-0.3411406,1.1503578,69471413
-0.20866607,0.11121872,0.47481263,69471614
-0.18666184,-0.22617966,0.52001864,69471814
-0.11705658,-0.35476226,1.0225236,69472014
0.16226257,-0.16705261,0.34473312,69472214
0.08951385,-0.16151413,0.92313033,69472413
0.14310242,-0.24758515,1.2506492,69472614
-0.17753083,-0.3956273,0.21136047,69472814
-0.3568579,-0.102686465,0.91100556,69844230
-0.11121872,-0.3249742,0.8966354,69844429
-0.16525635,-0.16346008,0.67389864,69844630
-0.103285216,-0.12648697,0.93480605,69844830
0.059127044,-0.09295669,0.9849518,69845030
-0.2853067,-0.24234603,1.0382409,69845230
-0.056881715,-0.017962646,1.0753638,69845431
-0.20133133,-0.20657043,0.59127045,69845630
-0.09610016,-0.084125064,0.5954617,69845830
0.3408412,0.19594254,-1.3810282,69862630
-0.8123607,-0.25566834,1.6338524,69862831,BrokenRoad_3+
0.05583389,-0.3134482,0.6586304,69863031,BrokenRoad_3+
0.4393364,-0.24234603,1.0261161,69863231,BrokenRoad_3+
0.25791368,-0.4697232,1.1990067,69863431,BrokenRoad_3+
0.34578094,0.31015503,1.0344987,69863631,BrokenRoad_3+
0.08202942,-0.042062532,1.1073972,69863831,BrokenRoad_3+
0.11376343,0.22243744,0.7800279,69864031,BrokenRoad_3+
0.14894028,-0.27692413,1.4088702,69864231,BrokenRoad_3+
-0.03487747,0.07484436,0.601599,69864431,BrokenRoad_3+
-0.89783293,0.24114853,0.9599538,69864631,BrokenRoad_3+
-0.014968872,0.74919206,2.0892055,69864831,BrokenRoad_3+
-0.20597167,-0.28351045,-0.28949797,69865031,BrokenRoad_3+
-0.45819718,0.4219725,0.5369334,69865230,BrokenRoad_3+
-0.1445993,-0.5065466,0.47211823,69865430,BrokenRoad_3+
0.58737856,-0.4736151,0.94558364,69865631,BrokenRoad_3+
0.09101074,1.5482304,1.7709672,69865831,BrokenRoad_3+
-0.09265732,-0.6542894,0.74664736,69866031,BrokenRoad_3+
0.1567241,-0.43813887,1.8503022,69866231,BrokenRoad_3+
0.02814148,0.100141756,0.24414231,69866431,BrokenRoad_3+
-0.32018417,-0.11930191,1.1705658,69866631,BrokenRoad_3+
-0.11436218,0.3915857,1.2521461,69866831,BrokenRoad_3+
-0.3248245,-0.07679031,0.6286926,69867031,BrokenRoad_3+
0.42107436,0.060773622,1.3263917,69867231,BrokenRoad_3+
0.1672023,0.122295685,0.59156984,69867431,BrokenRoad_3+
0.44487488,-0.02469864,0.69231033,69871031,BrokenRoad_3+
0.2643503,-0.407303,0.78347075,69871231,BrokenRoad_3+
0.5108876,-0.58049285,0.76610684,69871431,BrokenRoad_3+
0.29683274,-0.48663804,0.8273296,69871631,BrokenRoad_3+
0.8400531,-0.7658075,1.1412268,69871831,BrokenRoad_3+
0.15777192,-0.42676255,0.8779243,69872031,BrokenRoad_3+
0.4619394,-0.67734146,0.6081853,69872231,BrokenRoad_3+
0.37796402,-0.7586224,1.5528708,69872431,BrokenRoad_3+
0.56178176,-0.55699176,0.9241782,69872631,BrokenRoad_3+
0.45999345,-0.60803556,0.7696994,69872831,BrokenRoad_3+
0.35790575,-0.7234456,1.2015513,69873031,BrokenRoad_3+
0.49352372,-0.57914567,0.68437684,69873231,BrokenRoad_3+
0.30177248,-0.07140152,0.54067564,69873431,BrokenRoad_3+
-0.68377805,-0.24429199,-0.88630694,69873631,BrokenRoad_3+
-0.59441394,-0.8475375,1.8461109,69873832,BrokenRoad_3+
-0.34997222,-0.81954575,1.4727874,69874031,BrokenRoad_3+
-0.42766067,-0.2719844,0.29009673,69874231,BrokenRoad_3+
-0.47181883,0.2643503,-0.048948213,69874431,BrokenRoad_3+
0.24084915,-0.1419049,2.1785696,69874632,BrokenRoad_3+
-0.24533981,-0.23111938,1.0832973,69874832,BrokenRoad_3+
-0.11690689,0.42571473,0.2830614,69875031,BrokenRoad_3+
-0.6277945,0.82074326,0.19714004,69875232,BrokenRoad_3+
-0.3382965,-0.5689668,1.2391232,69875431,BrokenRoad_3+
-0.4779561,-0.5644762,0.6505472,69875631,BrokenRoad_3+
0.085921325,-0.17812958,2.508334,69875832,BrokenRoad_3+
0.45565248,0.7589218,1.142574,69876031,BrokenRoad_3+
-0.22363494,-0.5783972,0.19399658,69876231,BrokenRoad_3+
-0.26240432,0.3276686,0.40386018,69876432,BrokenRoad_3+
-0.17588425,0.2136058,-0.083526306,69876632,BrokenRoad_3+
-0.14624588,-0.22677842,0.9488768,69876832,BrokenRoad_3+
-0.083975375,-0.11121872,0.49382308,69877031,BrokenRoad_3+
-0.11915222,-0.5774991,0.9145981,69877231,BrokenRoad_3+
-0.26045838,-0.26973906,-0.08038285,69877431,BrokenRoad_3+
-0.21270767,-0.68916684,2.4013064,69877632,BrokenRoad_3+
0.09235794,0.28859985,1.3367202,69877832,BrokenRoad_3+
-0.7631131,-0.05508545,0.36284545,69878032,BrokenRoad_3+
0.16525635,-0.16929795,1.2457095,69878231,BrokenRoad_3+
0.4538562,0.1896556,0.5414241,69878431,BrokenRoad_3+
-0.22213806,-0.7032376,0.3767665,69878632,BrokenRoad_3+
-0.15088624,-0.16525635,0.28246263,69878831,BrokenRoad_3+
0.06256989,-0.063767396,0.9226813,69879032,BrokenRoad_3+
0.2505789,-0.18890716,0.92148376,69879231,BrokenRoad_3+
0.27153534,-0.16405883,0.8785231,69879431,BrokenRoad_3+
0.08038285,-0.025297394,0.3544629,69879631,BrokenRoad_3+
0.15597564,-0.27901977,1.1178753,69879832
-0.13427079,-0.15777192,0.4061055,69880032
0.05269043,0.02814148,1.1282039,69880232
0.07619156,0.25911117,1.0639874,69880431
0.2802173,-0.082628176,0.981509,69880632
0.41448808,-0.26255402,1.3117223,69880832
-0.16046631,-0.17663269,0.36748582,69881032
0.3796106,-0.42706192,1.3720468,69881232
0.060025178,-0.1287323,0.79005706,69881432
0.23111938,0.052391052,0.52076703,69881632
0.4445755,0.33156052,0.78406954,69896232,BrokenRoad_4+
-0.5334906,0.22797592,0.7475455,69896431,BrokenRoad_4+
0.5173242,-0.021106109,1.044977,69896632,BrokenRoad_4+
0.07903565,0.100291446,0.96145064,69896833,BrokenRoad_4+
-0.47810578,0.22109024,-0.42302033,69897033,BrokenRoad_4+
0.39877075,-0.4483177,1.6774118,69897231,BrokenRoad_4+
-0.1486409,0.26300308,0.22109024,69897431,BrokenRoad_4+
0.93794954,-0.58872575,1.6979191,69897631,BrokenRoad_4+
0.27916947,0.12558883,0.2362088,69897832,BrokenRoad_4+
0.1261876,-0.4843927,0.9020242,69898032,BrokenRoad_4+
0.17289047,-0.4791536,0.48933244,69898232,BrokenRoad_4+
0.09445358,0.09101074,1.1747571,69898432,BrokenRoad_4+
