-0.053438872,-0.060773622,0.53588563,65716912
-0.1392105,-0.24294479,1.0690769,65717112
-0.26914033,-0.021854553,0.5258565,65717312
-0.19579285,0.085322574,0.90980804,65717511
-0.124241635,-0.10852432,0.75023985,65717712
-0.033081207,-0.14160553,1.0813513,65717912
-0.15567628,0.121547244,0.6490503,65718111
-0.021854553,-0.061072998,1.051713,65718312
-0.040715333,-0.12169693,1.079106,65718511
0.048648834,0.002095642,0.4098477,65718712
-0.11361374,0.010777588,1.2708572,65718912,Bumper_4+
0.086071014,-0.05643265,0.9897418,65719112,Bumper_4+
-0.01407074,-0.09220825,0.9128018,65719312,Bumper_4+
0.068407744,-0.0052391053,0.775687,65719512,Bumper_4+
0.14145584,-0.07948471,0.80367875,65719712,Bumper_4+
0.1101709,0.09999207,0.7450008,65719912,Bumper_4+
-0.0490979,-0.07289841,0.6402187,65720112,Bumper_4+
-0.08666977,-0.10208771,0.74350387,65720311,Bumper_4+
-0.26195526,-0.024099885,0.38649628,65720512,Bumper_4+
-0.21854553,0.047301635,0.5369334,65720712,Bumper_4+
-0.17199235,-0.05867798,0.8893007,65720913,Bumper_4+
-0.17423767,-0.01407074,0.7800279,65721112,Bumper_4+
-0.09041199,-0.2122586,1.0249187,65721312,Bumper_4+
-0.06780899,0.087268524,1.0157876,65721511,Bumper_4+
-0.1366658,-0.18381774,0.88600755,65721712,Bumper_4+
-0.030686188,-0.16181351,0.84169966,65721911,Bumper_4+
-0.12768447,0.023800507,1.0318043,65722112,Bumper_4+
-0.12858261,-0.008232879,0.877625,65722311,Bumper_4+
-0.15507752,-0.048349455,1.049767,65722512,Bumper_4+
-0.15043716,-0.19968475,0.7165599,65722712
-0.27108628,-0.08996292,0.53049684,65722912
-0.015417938,-0.23186783,1.4861096,65723111
-0.032332763,-0.29907808,1.1035053,65723312
0.07499405,-0.22273682,0.35670823,65723511
-0.14654526,-0.020657044,0.6343808,65723712
-0.04415817,-0.32003447,0.898282,65723912
-0.17229171,0.120948486,0.94992465,66707596
-0.19279908,0.25012985,0.9940828,66707796
-0.10044113,0.03996689,0.8991802,66707996
-0.13412109,-0.06316864,1.0133927,66708196
-0.14639556,0.1393602,1.0168355,66708396
-0.17708176,-0.085172884,1.4346167,66708595
-0.52989805,0.5331912,0.23590942,66708796
-0.7887099,0.23605911,0.9794133,66708996
-0.4685257,-0.2122586,0.42257127,66709196
0.04700226,-0.40116578,1.2725039,66712996
-0.44098297,0.42825943,0.7845186,66713196,Bumper_6+
0.21121079,-0.88286406,0.63932055,66713395,Bumper_6+
-0.15822098,0.15193406,0.3956273,66713596,Bumper_6+
-1.0600955,0.2694397,0.31030473,66713796,Bumper_6+
-0.1008902,-0.6243517,1.3515395,66713996,Bumper_6+
-0.25551865,0.56851774,2.26973,66714196,Bumper_6+
-0.33724868,-0.29683274,-0.4673282,66714396,Bumper_6+
-0.6433621,0.46613067,1.3389657,66714596,Bumper_6+
-0.19579285,-0.7541318,0.89992857,66714796,Bumper_6+
0.24414231,-0.51687515,1.0048604,66714996,Bumper_6+
-0.2296225,0.6101312,1.7637821,66715196,Bumper_6+
-0.10074051,-0.16360977,0.19175126,66715398,Bumper_6+
-0.35326537,-0.11930191,0.79394895,66715596,Bumper_6+
-0.13591737,-0.06915619,1.1551479,66715797
-0.14160553,0.06661148,0.97237796,66715996
-0.34997222,0.07708969,0.87433183,66716196
-0.23920257,-0.07843689,0.82583266,66716395
-0.26255402,0.030985566,0.9298663,66716596
-0.18636246,-0.08173004,0.81415695,66716796
-0.14400055,-0.13756393,0.85651886,66716996
0.18381774,-0.07948471,0.82074326,66717196
0.12558883,0.015417938,0.8804691,66717395
0.26285338,-0.0086819455,0.9011261,66717596
-0.25551865,0.3797603,0.61087966,66751797
-0.2309697,0.19998413,0.32976425,66751998
-0.017064514,0.14624588,0.65399003,66752198
0.8322693,-0.1392105,1.1072475,66752397
0.5581892,0.07544312,1.0096505,66752598
0.4034111,-0.041463777,0.7988887,66752798
0.21779709,-0.08023316,0.9315129,66752998
0.29668304,0.020207977,0.94812834,66753198
0.22707778,0.27408004,0.28500733,66753398
-0.2836601,0.07394623,0.7180568,66815601
-0.1128653,-0.13636643,1.2590318,66815801,Bumper_7+
0.4393364,-0.23111938,1.3980926,66816000,Bumper_7+
0.5854326,-0.23830444,1.0048604,66816201,Bumper_7+
0.04685257,0.12933105,0.77868074,66816400,Bumper_7+
-0.06316864,0.2733316,-0.33485368,66816601,Bumper_7+
-0.7777826,0.085621946,-0.89513856,66816801,Bumper_7+
-0.72554123,-0.30296996,1.7181271,66817001,Bumper_7+
-0.4233197,0.081430666,1.7289047,66817201,Bumper_7+
-0.13082795,0.06436615,1.3629158,66817401,Bumper_7+
0.13367203,-0.28740233,1.314716,66817601,Bumper_7+
0.37317398,-0.23800507,0.70712954,66817800,Bumper_7+
0.5017566,-0.10208771,0.77718383,66818000,Bumper_7+
0.20028351,0.0902623,1.1954141,66818201,Bumper_7+
-0.5162764,0.09909394,0.6141728,66818401,Bumper_7+
-0.6462062,0.015867004,0.23201752,66818601,Bumper_7+
-0.68781966,-0.021405486,0.9298663,66818801
-0.5510042,-0.040266264,1.0027647,66819001
-0.49322432,0.0504451,0.8798703,66819201
-0.35311568,-0.21210891,1.1300001,66819401
-0.37018022,-0.12903167,0.32183075,66819600
-0.9903406,0.085023195,1.1027569,66819801
-0.837209,4.4906617E-4,0.68422717,66820001
-0.86759585,0.13711487,0.5417235,66820201
-0.49711624,-0.21869522,1.3521382,66820400
-0.5144801,-0.15881974,0.4805008,66820600
-0.04445755,-0.160616,1.065634,66991621
-0.0028440857,-0.014220429,0.92118436,66991821
-0.15867004,-0.064964905,0.520318,66992021
-0.16914825,0.069305874,0.90846086,66992221
0.3237767,-0.032332763,1.3678555,66992421
-0.11061996,-0.14804214,0.5574408,66992621
-0.12903167,-0.07140152,0.6965016,66992821
0.1607657,0.065863036,1.5328125,66993021
0.08307724,0.19190094,0.9548643,66993221
0.009729767,0.05149292,0.5715115,67012821
-0.5363347,0.09699829,0.7882608,67013022,Bumper_8+
0.29623398,-0.06256989,1.121917,67013222,Bumper_8+
0.17034577,-0.08906479,0.4604425,67013422,Bumper_8+
-0.102237396,-0.16031662,0.7629634,67013622,Bumper_8+
-0.043110352,-0.19564316,1.2407699,67013821,Bumper_8+
0.11765534,-0.41882905,2.6638606,67014022,Bumper_8+
-0.86729646,-0.022453308,-2.652634,67014222,Bumper_8+
-0.09729767,-0.121247865,1.8842816,67014421,Bumper_8+
-0.4869374,-0.12948075,1.5121554,67014622,Bumper_8+
-0.14789246,-0.4324507,0.93106383,67014822,Bumper_8+
-0.80742097,0.024998017,0.8812175,67015022,Bumper_8+
0.21809646,-0.37811372,1.2308904,67015222,Bumper_8+
-0.99483126,-0.019010467,0.09669891,67015422,Bumper_8+
-1.1160791,0.1646576,0.60803556,67015621,Bumper_8+
-0.31494507,-0.05882767,1.3260924,67015822,Bumper_8+
-0.46014312,-0.17872833,0.23785537,67016022,Bumper_8+
-0.42272094,-0.0067359926,1.2891192,67016222,Bumper_8+
-0.5349875,0.0071850587,0.23650818,67016422,Bumper_8+
-0.29892838,-0.03757187,1.0301578,67016622
-0.68377805,-0.10508148,0.40595582,67016821
-0.26315278,-0.14504836,1.2398716,67017022
-0.2574646,-0.13052857,0.8494835,67017222
-0.5078938,-0.031883698,0.66057634,67017421
-0.3224295,-0.09834549,0.75996965,67017622
-0.31748977,-0.10298584,0.6644682,67017822
-0.25731492,-0.1607657,0.9253757,67018022
-0.4564009,-0.08053253,0.5438191,67018222
-0.14444962,-0.10523117,1.246907,67018421
-0.19669098,-0.00943039,0.6197113,67018622
-0.019609222,0.05373825,0.91265213,67018822
-0.055534516,-0.11690689,1.1985576,67019022
0.002694397,-0.103883974,0.53393966,67019222
0.23126908,-0.13382171,1.2091855,67019422
-0.09849518,0.020507354,0.69201094,67019621
0.11106903,-0.124690704,0.6734496,67019822
0.009131012,-0.17528549,0.64830184,67020022
-0.03517685,-0.18696122,0.968486,67020222
0.4710704,-0.14355148,1.4310242,67028222
0.17962646,-0.028740235,0.62839323,67028422,Bumper_9+
0.17079483,-0.14115646,1.1463162,67028622,Bumper_9+
0.20761825,-0.029488677,1.18778,67028823,Bumper_9+
-0.1594185,-0.084873505,0.11750565,67029023,Bumper_9+
0.42571473,-0.4737648,3.4789155,67029223,Bumper_9+
0.058079224,0.20926483,0.60579026,67029422,Bumper_9+
-0.6771918,0.03876938,-1.2292438,67029623,Bumper_9+
-1.1919713,-0.13052857,-0.026494903,67029823,Bumper_9+
-1.2302916,-0.07798782,1.035846,67030023,Bumper_9+
-0.4790039,-0.19040406,1.315165,67030222,Bumper_9+
-0.68527496,-0.08936416,1.2747492,67030422,Bumper_9+
-0.49861312,-0.14370117,0.54441786,67030623,Bumper_9+
-0.48753616,-0.1459465,0.83571213,67030823,Bumper_9+
-0.4288582,0.008232879,1.044977,67031023,Bumper_9+
0.04086502,0.1936972,0.6300398,67031223,Bumper_9+
0.32437545,-0.21555176,0.74036044,67031422,Bumper_9+
-0.1526825,-0.12499008,1.1734099,67031623,Bumper_9+
-0.5093907,-0.0059875487,0.93196195,67031823,Bumper_9+
-0.8412506,0.05882767,0.9764195,67032023,Bumper_9+
-0.77179503,-0.28425887,0.5351372,67032223,Bumper_9+
-0.7659572,-0.15881974,0.45625123,67032423,Bumper_9+
-0.4394861,0.04805008,0.84993255,67032623,Bumper_9+
-0.32272887,-0.04415817,0.7773335,67032823,Bumper_9+
-0.48514116,-0.032482453,0.7632628,67033023,Bumper_9+
-0.5348378,0.07813751,0.83795744,67033223,Bumper_9+
-0.46403503,-0.021106109,0.5733078,67033422,Bumper_9+
-0.24504043,-0.063767396,0.86071014,67033623,Bumper_9+
-0.24429199,0.064216465,0.8273296,67033823,Bumper_9+
0.22977218,0.11002121,0.7158115,67034022,Bumper_9+
-0.1101709,-0.11376343,1.4365627,67034223
0.104033664,0.02215393,0.7680528,67034423
0.067210235,-0.13262421,0.6888675,67034623
-0.22318588,0.19264938,0.889151,67034823
-0.23695725,0.09131012,0.8894504,67035023
-0.25956023,-0.023201752,0.7373666,67035223
-0.1910028,0.032332763,0.5053491,67035423
-0.15956818,0.17348923,0.96324694,67035623
-0.11630814,0.2615062,0.96429473,67035823
0.121547244,-0.05269043,1.1385324,67036023
-0.15462846,-0.40371048,0.83032334,67082825
0.17633331,-0.5008585,0.62330383,67083025
0.035625916,-0.27662477,0.43813887,67083225
0.28859985,-0.50355285,0.91759187,67083424
0.0968486,-0.46493316,0.98570025,67083625
-0.014220429,-0.23471192,0.10942245,67083825
0.067359924,-0.5292993,0.8535251,67084025
-0.24863297,-0.26794282,0.1472937,67084225
-0.05373825,-0.49157774,1.0280621,67084424
0.12858261,-0.49576905,0.68497556,67084825
-0.052391052,-0.5147795,0.8547226,67085024,Bumper_10+
-0.23516098,-0.3092569,0.13367203,67085225,Bumper_10+
-0.31195128,-0.49292496,1.3181589,67085424,Bumper_10+
-0.18247055,-0.49457154,1.036295,67085625,Bumper_10+
0.051043853,0.1818718,1.4374608,67085825,Bumper_10+
-0.75053924,-0.58483386,-1.4642551,67086025,Bumper_10+
-0.28246263,-0.12633727,2.0124152,67086225,Bumper_10+
-0.18875748,-0.055384826,0.9783655,67086425,Bumper_10+
0.09445358,-0.73048097,0.5480104,67086625,Bumper_10+
-1.0804532,0.50205594,1.4037808,67086826,Bumper_10+
-0.16570541,-0.4206253,0.823737,67087025,Bumper_10+
-0.6969507,-0.3293152,-0.28889924,67087225,Bumper_10+
0.0071850587,-0.4857399,1.1096425,67087424,Bumper_10+
-0.41164398,-0.32362702,0.7831714,67087625,Bumper_10+
-0.1896556,-0.515977,0.9515712,67087825,Bumper_10+
0.23007156,-0.3171904,0.4764592,67088025,Bumper_10+
0.23965164,-0.20237915,1.0515633,67088224,Bumper_10+
-0.16360977,-0.46074188,0.3875441,67088424
-0.05852829,-0.37257522,0.86954176,67088625
0.0676593,-0.2562671,0.7191046,67088825
0.07364685,-0.11585907,0.8821156,67089025
0.031434633,0.082628176,-0.17992584,67089225
-0.09894425,-0.253423,0.581391,67089424
-0.20342697,-0.42496628,1.4654526,67089625
0.12918137,-0.45864624,0.4619394,67089825
-0.017962646,-0.23261628,1.6384927,67090025
-0.22767654,0.14370117,0.8313711,67090225
-0.00583786,-0.04580475,-0.03891907,67090424
0.027393036,-0.28515702,0.5427713,67090625
-0.123493195,-0.14714402,0.48109955,67090825
-0.2309697,0.067509614,1.1505075,67091026
-0.033230897,-0.11855347,1.3998889,67091225
-0.19564316,0.1194516,0.18531464,67091425
-0.30461654,0.039068755,0.8481363,67091625
-0.22722748,0.103883974,0.8503816,67091825
-0.39248383,0.014968872,1.1014096,67092026
0.07200027,-0.25671616,0.9602531,67113826
-0.10837463,-0.13457017,1.8895208,67114026,Bumper_11+
0.41194335,-0.05852829,1.9633173,67114226,Bumper_11+
-0.58737856,0.5138814,-2.826123,67114425,Bumper_11+
-0.6629713,-0.25267455,-0.5141808,67114626,Bumper_11+
-1.5185921,-0.36928207,3.6658769,67114826,Bumper_11+
-0.520318,-0.42496628,0.69754946,67115026,Bumper_11+
-0.07888596,0.20387603,-0.27632537,67115226,Bumper_11+
-0.16615447,-0.5562433,0.6274951,67115426,Bumper_11+
-0.8186476,0.089214474,2.0784278,67115626,Bumper_11+
-0.9403446,-0.19968475,0.24474105,67115826,Bumper_11+
-0.83182025,-0.28096572,-0.6312373,67116026,Bumper_11+
-0.97851515,0.023950195,1.2407699,67116226,Bumper_11+
-0.6084846,-0.34248778,0.8080197,67116426,Bumper_11+
-0.90471864,-0.016465759,0.30850846,67116626,Bumper_11+
-0.5198689,-0.26509872,1.2732522,67116825,Bumper_11+
-0.6276448,-0.17453705,0.73063064,67117025,Bumper_11+
-0.64006895,-0.04565506,0.83825684,67117225
-0.49277526,-0.12753479,0.34143996,67117425
-0.359702,-0.18426682,1.0563533,67117625
-0.50639695,-0.10193802,0.39637575,67117825
-0.36524048,-0.09714798,0.6879694,67118026
-0.40026763,0.018262023,0.9316626,67118226
-0.45086244,-0.120050356,0.8431966,67118426
-0.35581008,-0.045954436,0.37781432,67118626
-0.19040406,-0.23111938,1.1991563,67118826
-0.3385959,-0.012573852,0.330363,67119026
-0.6803352,-0.19294876,0.7111711,67148427
-0.8020322,-0.09280701,0.67764086,67148628
-0.8472382,-0.14444962,0.7273375,67148828
-0.81535447,-0.13621673,0.6408174,67149028
-0.9409433,-0.21510269,0.35925293,67149227,Bumper_12+
-0.5986052,-0.2522255,0.82613206,67149428,Bumper_12+
-0.61881316,-0.26360184,0.72164935,67149628,Bumper_12+
-0.0038919067,-0.5439688,2.055825,67149828,Bumper_12+
0.7164102,0.17318985,0.81131285,67150027,Bumper_12+
-0.6951544,-0.6831793,-2.1713846,67150228,Bumper_12+
-0.084723815,0.6147716,2.4800427,67150429,Bumper_12+
0.05733078,-0.6593788,1.8708097,67150628,Bumper_12+
0.09535172,-0.10927276,0.2932402,67150828,Bumper_12+
-0.15956818,0.025297394,0.49472123,67151028,Bumper_12+
0.43963578,-0.09505234,0.8577164,67151227,Bumper_12+
-0.73078036,0.35775605,1.6175363,67151428,Bumper_12+
0.40026763,-0.46672943,2.095642,67151628,Bumper_12+
-0.6608757,0.11226654,-0.6116281,67151828,Bumper_12+
-0.08307724,-0.048499145,0.3543132,67152028,Bumper_12+
0.043110352,-0.42960662,1.6847465,67152228,Bumper_12+
-0.40041733,-0.04805008,0.3293152,67152428,Bumper_12+
-0.44382706,-0.12708573,0.6942563,67152628,Bumper_12+
-0.42766067,0.002095642,0.7789801,67152827
-0.6584807,-0.49172744,0.7104227,67153028
-0.14564712,-0.14714402,0.6369255,67153228
-0.39996827,-0.09565109,1.1085947,67153428
0.20836669,-0.19549347,0.64845157,67153628
-0.11526032,-0.37392244,0.8881032,67153828
0.18546432,-0.18726058,0.68527496,67154028
0.058079224,0.07095245,0.69994444,67154228
-0.013771363,-0.015417938,0.8421487,67154428
-0.05358856,-0.064964905,0.9644444,67154628
-0.05358856,-0.064964905,0.9644444,67154628
-0.038170625,0.045205995,0.6727011,67154828
0.18606308,-0.11271561,1.0412347,67155028
-0.10852432,0.124690704,0.9951306,67155228
0.025297394,-0.11975098,1.1527529,67155428
-0.11825409,-0.2854564,0.22617966,67155627
-0.43828857,-0.17064515,1.1765534,67155828
-0.15956818,0.02469864,0.8861572,67156028
-0.26255402,-0.021704864,1.1966116,67156229
-0.14564712,-0.058977354,0.7857161,67156429
0.09071136,-0.26794282,-0.012723541,67156628,Bumper_13+
-0.16226257,-0.44547364,1.3024416,67156828,Bumper_13+
-0.14280304,0.013172608,2.9303064,67157028,Bumper_13+
-0.529449,-0.12663665,-1.8537451,67157229,Bumper_13+
-0.253423,-0.3835025,0.5388794,67157429,Bumper_13+
-0.9122031,-0.48738647,1.8094373,67157629,Bumper_13+
-0.030237122,-0.2004332,0.105680235,67157828,Bumper_13+
-0.71191955,-0.08981323,1.0036628,67158029,Bumper_13+
-0.21405487,-0.36703673,0.39592665,67158229,Bumper_13+
-0.97776675,-0.041314088,0.053139497,67158428,Bumper_13+
-0.391436,0.00583786,0.91789126,67158627,Bumper_13+
-0.31913635,-0.39368135,0.83032334,67158829
-0.39428008,-0.104632415,0.9277707,67159029
0.40565643,-0.026195526,1.1190729,67159229
0.11585907,-0.08637039,0.6688092,67159428
0.2243834,-0.38664597,0.97177917,67159629
0.1498384,-0.14834152,0.66506696,67159828
-0.083975375,-0.123193815,0.97626984,67160028
0.034727782,-0.21585113,1.1564951,67160229
-0.35610947,-0.07738907,0.6692583,67160428
-0.32347733,-0.024099885,0.58213943,67160629
0.20222946,-0.15627502,0.8493338,68022594
0.042661287,-0.027243348,1.2567865,68022793
-0.0025447083,-0.4022136,1.7501606,68022993
-0.17932709,-0.23935227,0.09131012,68023194
0.11960129,-0.09565109,0.8810678,68023393
0.15911911,-0.20492385,0.57510406,68023594
0.2811154,-0.28425887,0.81984514,68023794
0.0035925293,-0.6737489,1.3745915,68023994
0.10208771,-0.3275189,0.44756928,68024194
0.37182677,0.024249572,0.8026309,68039794
0.1552272,-0.24983047,1.4223422,68039995,Bumper_14+
0.17992584,-0.102686465,0.7686516,68040195,Bumper_14+
-0.4406836,0.003143463,1.0047107,68040394,Bumper_14+
0.14010864,-0.37332368,3.2626154,68040595,Bumper_14+
-2.023492,0.07694,-2.3460712,68040795,Bumper_14+
-0.8704399,-0.6800358,-0.7526349,68040995,Bumper_14+
-0.92717195,-0.6062393,3.5582507,68041195,Bumper_14+
-0.90696394,-0.34862503,0.6322852,68041394,Bumper_14+
-0.2282753,-0.17304017,0.09011261,68041595,Bumper_14+
-0.6475534,-0.07634125,1.8779947,68041795,Bumper_14+
-0.40505767,-0.03517685,0.32721955,68041995,Bumper_14+
-1.1033555,-0.26644593,0.3091072,68042194,Bumper_14+
-0.6740483,-0.3927832,1.393602,68042394,Bumper_14+
-0.66132474,-0.17169297,0.5040019,68042594,Bumper_14+
-0.93914706,-0.021854553,0.36134857,68042794
-0.56178176,-0.12543915,0.74919206,68042995
-0.5474117,-0.32886612,1.2415183,68043195
-0.78152484,-0.25162673,0.21450394,68043394
-0.44262955,-0.066012725,0.5719606,68043595
-0.366438,-0.36718643,0.9397458,68043795
-0.3555107,0.009580079,0.66940796,68043995
-0.22333556,-0.05493576,0.7789801,68044195
-0.39502853,-0.22363494,0.5255571,68044396
-0.36808455,-0.05493576,0.5147795,68044595
-0.27557695,-0.28740233,0.6791377,68044795
-0.3332071,-0.20941453,0.75173676,68044995
-0.2802173,-0.1672023,1.2954062,68045195
-0.32542327,-0.05463638,0.5324428,68045394
-0.2613565,-0.15358062,1.1572435,68045595
-0.17393829,-0.24339385,0.56687117,68045795
-0.3556604,-0.13741425,0.5387297,68045995
-0.16016693,0.04655319,1.1455678,68046195
-0.08202942,-0.24489075,0.67389864,68046396
0.37018022,-0.1579216,1.2957056,68050794
-0.11750565,-0.122744754,0.63108766,68050995,Bumper_15+
0.18636246,-0.40371048,1.4557228,68051195,Bumper_15+
0.6167175,-0.2972818,2.6451495,68051394,Bumper_15+
-0.36703673,-0.123343505,-0.2639012,68051595,Bumper_15+
-1.5503261,-0.03727249,-2.6599686,68051795,Bumper_15+
-1.0484198,-0.357307,2.2191353,68051995,Bumper_15+
-1.2864249,-0.43574387,1.7069005,68052195,Bumper_15+
-1.3790822,-0.34203872,-0.064066775,68052395,Bumper_15+
-1.3331277,-0.20537293,0.72808594,68052595,Bumper_15+
-1.2096345,-0.4456233,0.31195128,68052795,Bumper_15+
-0.6848259,-0.51522857,0.47196853,68052995,Bumper_15+
-1.2461586,0.05718109,0.69320846,68053195,Bumper_15+
-0.12693603,-0.5824388,1.407523,68053394,Bumper_15+
-0.92747134,-0.43200165,0.11361374,68053595,Bumper_15+
-0.77014846,0.0073347474,0.6619235,68053795,Bumper_15+
-0.30057496,-0.26345214,0.91549623,68053995,Bumper_15+
-1.103655,-0.21779709,0.21465363,68054195,Bumper_15+
-0.39727387,-0.26105714,1.0181826,68054397,Bumper_15+
-0.66821045,-0.2772235,0.47556105,68054594,Bumper_15+
-0.6664142,-0.10987152,0.6861731,68054795,Bumper_15+
-0.26749375,-0.19399658,1.0249187,68054994,Bumper_15+
-0.5031038,-0.47047165,0.8346643,68055195,Bumper_15+
-0.4830455,0.1393602,0.7854167,68055396,Bumper_15+
0.7009923,-0.1776805,0.74634796,68055595,Bumper_15+
0.50759447,-0.0059875487,1.1573932,68055795,Bumper_15+
0.39981857,-0.28425887,1.0701246,68055995,Bumper_15+
0.48094985,-0.0067359926,0.75996965,68056194,Bumper_15+
0.25012985,-0.026644593,1.0488689,68056395,Bumper_15+
0.105979614,-0.19175126,0.8431966,68056595,Bumper_15+
-0.29817992,-0.22333556,0.47406417,68056795,Bumper_15+
-0.3171904,-0.2174977,1.1659255,68056995,Bumper_15+
-0.5134323,-0.15867004,0.5519023,68057195,Bumper_15+
-0.5391788,-0.19145188,0.62195665,68057395,Bumper_15+
-0.36748582,-0.21734802,0.6372249,68057595,Bumper_15+
-0.4816983,-0.25641677,1.0945239,68057795,Bumper_15+
-0.4815486,-0.199086,0.6120772,68057995,Bumper_15+
-0.060623933,-0.08741821,0.7810757,68058195,Bumper_15+
-0.37377274,-0.15552658,0.5366341,68058395,Bumper_15+
-0.27931917,-0.09086105,0.7623646,68058595
-0.24983047,-0.21869522,1.017584,68058795
-0.44113266,-0.16181351,0.64291304,68058995
-0.35506165,-0.18097366,0.68767,68059195
-0.21794678,-0.17887802,0.73063064,68059395
-0.20462447,-0.23471192,0.8481363,68059595
-0.13501923,-0.09220825,0.8890013,68059795
-0.17483643,-0.18800904,0.3222798,68059994
-0.09520203,-0.22647904,1.0617421,68060195
0.011076965,-0.083376616,0.9993219,68060394
0.035476226,-0.064815216,1.0344987,69104999
0.012723541,0.019459534,0.56342834,69105199
-0.1751358,0.19609222,0.60070086,69105399
-0.17543519,-0.3528163,1.1470647,69105599
0.11091934,-0.102387086,0.4725673,69105799
0.08008347,0.18561402,1.1460168,69105998
0.016765136,-0.10912308,0.4483177,69106199
-0.09714798,-0.23740631,0.8864566,69106399
-0.12588821,0.004191284,0.77448946,69106598
0.41763154,-0.011825409,0.5014572,69148801
0.044906616,0.19534378,1.1514057,69149000,Bumper_16+
-0.3359015,-0.088016964,0.9383986,69149201,Bumper_16+
-0.16211289,-0.09385483,0.9395961,69149402,Bumper_16+
-0.22109024,-0.02694397,0.82867676,69149601,Bumper_16+
0.057929534,-0.2549199,1.6790584,69149801,Bumper_16+
-0.43754014,-1.0578502,-1.1617341,69150001,Bumper_16+
-1.0350975,0.4736151,2.2345533,69150201,Bumper_16+
-0.3875441,-0.09220825,0.9375005,69150400,Bumper_16+
-0.25686586,0.13891113,0.26060808,69150601,Bumper_16+
-0.49382308,-0.29488677,1.5524217,69150801,Bumper_16+
-0.5105882,-0.66850984,0.8952882,69151001,Bumper_16+
-1.0822494,0.057779845,-0.23531067,69151201,Bumper_16+
-0.41658372,-0.3903882,1.3853691,69151400,Bumper_16+
-0.8243358,-0.07110214,0.48529083,69151600,Bumper_16+
-0.56911653,-0.2917433,0.631387,69151801,Bumper_16+
-0.56312895,-0.26105714,0.51043856,69152001,Bumper_16+
-0.2242337,-0.29653335,1.0984159,69152201,Bumper_16+
-0.055384826,-0.23201752,0.34682876,69152400,Bumper_16+
-0.004939728,-0.30850846,0.7354207,69152601,Bumper_16+
0.034129027,0.011825409,0.5043013,69152801,Bumper_16+
-0.003742218,-0.03772156,0.77673477,69153001
-0.027243348,-0.35595977,1.3382171,69153201
-0.08996292,-0.11705658,0.61761564,69153400
0.050145723,-0.087268524,0.9548643,69153601
0.30880782,-0.085023195,1.3232483,69153801
0.33365616,-0.30102402,1.0168355,69154001
0.1936972,-0.08173004,1.0484198,69154200
0.017663268,-0.008382568,0.805475,69154401
-0.034727782,-0.124541014,0.8797206,69154601
0.20537293,-0.15358062,0.6499484,69154801
