-0.11166778,-0.1965413,1.0147399,66235580
0.047601014,0.016765136,0.4074527,66235780
-0.040266264,-0.069455564,1.1575428,66235980
0.23037094,-0.13397141,1.3708493,66236180
0.13172607,0.13217515,0.4432283,66236380
-0.35072067,0.17199235,1.3205539,66236580
-0.41194335,-0.05763016,0.2891986,66236779
-0.2481839,-0.28605515,0.6200107,66236980
-0.37077895,-0.022004241,0.8026309,66237180
-0.82179105,-0.11915222,1.2156221,66358984
-0.5216652,0.029039612,0.40161484,66359184,BusyRoad_1+
-0.5525011,-0.09669891,1.1111394,66359385,BusyRoad_1+
-0.43484575,-0.09205856,0.29219237,66359584,BusyRoad_1+
-0.48005173,-0.104033664,1.1653267,66359784,BusyRoad_1+
-0.32871643,0.07679031,0.37871248,66359984,BusyRoad_1+
-0.22273682,-0.09235794,1.3391153,66360184,BusyRoad_1+
0.026644593,0.050594788,0.29907808,66360385,BusyRoad_1+
-0.19983444,-0.1776805,1.2476555,66360584,BusyRoad_1+
-0.27797195,0.001047821,0.5426216,66360784,BusyRoad_1+
-0.56746995,-0.24788453,1.2278966,66360984,BusyRoad_1+
-0.26090744,0.100291446,0.58198977,66361184,BusyRoad_1+
-0.20357665,0.14879058,0.65997756,66361386,BusyRoad_1+
-0.24893235,0.04924759,0.43334883,66361584,BusyRoad_1+
-0.12813355,-0.11555969,0.80936694,66361784,BusyRoad_1+
-0.42766067,-0.21809646,0.84589094,66361984,BusyRoad_1+
-0.20731887,0.17333955,0.62569886,66362184,BusyRoad_1+
-0.36389327,-0.15058686,1.5591577,66362387,BusyRoad_1+
-0.30476624,0.04445755,0.012723541,66362584,BusyRoad_1+
-0.3767665,-0.27617568,1.1288027,66362785,BusyRoad_1+
-0.22378464,0.017812958,0.45684996,66362984,BusyRoad_1+
-0.2201921,0.09909394,0.56178176,66363184,BusyRoad_1+
-0.36404297,-0.104033664,1.0388397,66363386,BusyRoad_1+
-0.45894563,-0.09370514,1.0439291,66363585,BusyRoad_1+
-0.4324507,-0.2520758,0.6373746,66363785,BusyRoad_1+
-0.32347733,-0.13142669,0.4604425,66363984,BusyRoad_1+
-0.1965413,-0.048499145,0.46643007,66364185,BusyRoad_1+
-0.33395553,0.16525635,0.83631086,66364387,BusyRoad_1+
-0.21106109,0.03517685,0.75937086,66364585,BusyRoad_1+
-0.47032195,-0.16286133,0.6927594,66364785,BusyRoad_1+
-0.30416748,0.0490979,1.0341994,66364984,BusyRoad_1+
-0.32542327,0.23411316,1.031505,66365183,BusyRoad_1+
-0.37362304,-0.10777588,0.96698916,66365385,BusyRoad_1+
-0.39353165,0.0071850587,0.76820254,66365585,BusyRoad_1+
-0.21944366,-0.07469467,0.53393966,66365785,BusyRoad_1+
-0.107027434,-0.012573852,0.9226813,66365984
-0.025147704,0.06661148,0.90950865,66366185
-0.083526306,-0.21046235,0.9880952,66366387
0.032033388,-0.024998017,0.6512956,66366585
0.010627899,0.032931518,1.0904824,66366785
-0.065713346,-0.09235794,1.1325449,66366984
0.03861969,-0.19235,1.2487034,66367184
0.20806733,0.003742218,0.631387,66367386
0.062869266,-0.017663268,0.9663904,66367585
-0.102536775,-0.122744754,1.1070977,66367785
-0.22857468,0.024399262,0.15223342,66465788
-0.3516188,0.07095245,1.9166144,66465987
-0.25447083,0.22543122,1.1259586,66466188
0.46238846,-0.29548553,1.0553055,66466387
0.59007293,-0.14968872,0.5590874,66466587
0.5682184,0.11511063,1.4124627,66466788
0.43304947,0.07200027,1.1963123,66466988
0.22617966,0.104183346,0.7607181,66467188
0.38724473,0.044008482,0.91774154,66467390
-0.23980133,0.2586621,0.94393706,66517790
-0.669857,0.22109024,0.24548951,66517990,BusyRoad_2+
-0.65608567,0.070503384,0.37212616,66518190,BusyRoad_2+
-0.6182144,0.12484039,0.8168514,66518390,BusyRoad_2+
-0.51837206,-0.13427079,0.17872833,66518589,BusyRoad_2+
-0.55414766,0.15388,1.5838563,66518790,BusyRoad_2+
-0.53783154,0.051193543,0.31763947,66518990,BusyRoad_2+
-0.5689668,0.19743942,0.63108766,66519190,BusyRoad_2+
-0.25956023,0.28246263,1.2451108,66519390,BusyRoad_2+
-0.4540059,0.2574646,0.31359786,66519590,BusyRoad_2+
-0.51268387,0.15073654,1.2504996,66519790,BusyRoad_2+
-0.23441254,0.10897339,0.74380326,66519990
0.10074051,0.18591338,0.80757064,66520190
0.022453308,0.0050894166,0.1910028,66520390
0.084574126,0.14025833,0.8903485,66520590
-0.1580713,-0.023052063,0.48559022,66520790
-0.19279908,-0.07020401,1.6163388,66520990
-0.20402573,-0.1484912,0.7988887,66521190
-0.20896545,0.119002536,1.323847,66521389
-0.1607657,0.029638367,-0.17229171,66521590
-0.14819184,-0.02350113,0.29668304,66521790
