-0.1751358,0.040565643,1.6486716,66521990
0.06316864,0.064815216,1.1596385,66522190
0.01871109,0.012723541,0.47331575,66522389
0.1101709,-0.11106903,0.65099627,66522590
-0.060773622,-0.16750167,1.1003618,66522790
-0.036673736,-0.054037627,0.4643344,66522990
-0.28051665,-0.011825409,1.3789325,66523190
-0.24459137,-0.061372377,0.9244775,66523389
-0.106728055,-0.021255799,0.3091072,66523590
-0.01886078,-0.087268524,1.287772,66539789
-0.19953507,0.14429992,0.7890093,66539990,Junction_1+
-0.08173004,-0.30296996,0.3713777,66540191,Junction_1+
-0.11915222,-0.06795868,1.4218931,66540390,Junction_1+
0.021555176,-0.09190887,0.6481522,66540591,Junction_1+
-0.036823425,-0.010029145,0.9500743,66540791,Junction_1+
-0.0796344,-0.09759705,1.1311977,66540990,Junction_1+
0.08981323,-0.18202148,0.6445596,66541191,Junction_1+
0.01751358,-0.0823288,1.1662248,66541390,Junction_1+
-0.016166382,-0.19863693,0.8710387,66541590,Junction_1+
-0.0199086,-0.22079086,0.83810717,66541791,Junction_1+
0.0011975098,-0.02679428,1.0424323,66541990,Junction_1+
0.060623933,0.05583389,0.9457333,66542191,Junction_1+
0.00703537,-0.087268524,0.94423646,66542390,Junction_1+
-0.020507354,-0.07694,0.868494,66542590,Junction_1+
-0.052989807,-0.048499145,0.9689351,66542791,Junction_1+
-1.0553055,0.00703537,0.89992857,66542990,Junction_1+
-1.053659,-0.08217911,0.6303392,66543191,Junction_1+
-0.5264552,-0.023950195,0.85277665,66543391,Junction_1+
-0.6408174,0.023650818,0.6911128,66543590,Junction_1+
-0.48080018,-0.01407074,0.834814,66543790,Junction_1+
-0.59351575,-0.01871109,0.8027806,66543990,Junction_1+
-0.33425492,0.016016694,0.8833131,66544191,Junction_1+
-0.3412903,-0.026345216,0.8147557,66544393,Junction_1+
-0.2800676,-0.008532257,0.8352631,66544590,Junction_1+
-0.31105316,-0.003293152,0.80652285,66544790,Junction_1+
-0.28425887,-0.015417938,0.837209,66544990,Junction_1+
-0.21704865,-0.04924759,0.8518785,66545191,Junction_1+
-0.17259109,-0.033081207,0.85053134,66545390,Junction_1+
-0.18007553,-0.03966751,0.8265811,66545591,Junction_1+
-0.14804214,-0.017663268,0.84110093,66545790,Junction_1+
-0.15313156,-0.028440857,0.82238984,66545990,Junction_1+
-0.15642472,-0.031135254,0.8345146,66546191,Junction_1+
-0.15178436,-0.026045837,0.839604,66546391,Junction_1+
-0.19803818,-0.03847,0.84454376,66546591,Junction_1+
-0.13322297,-0.028291168,0.8643027,66546791,Junction_1+
-0.13262421,-0.028440857,0.83511335,66546990,Junction_1+
-0.09475296,-0.015567627,0.8243358,66547191,Junction_1+
-0.12843293,-0.028291168,0.82179105,66547390,Junction_1+
-0.09939331,-0.051941987,0.84993255,66547590,Junction_1+
-0.10178833,-0.044008482,0.87627774,66547790,Junction_1+
-0.056732025,-0.051642608,0.8662486,66547990,Junction_1+
-0.0755928,-0.052391052,0.8454419,66548190,Junction_1+
-0.07439529,-0.022752685,0.83002394,66548390,Junction_1+
-0.13636643,-0.012274475,0.8202942,66548591,Junction_1+
-0.1207988,-0.033081207,0.8414003,66548791,Junction_1+
-0.09924362,-0.03607498,0.8508307,66548991,Junction_1+
-0.07634125,-0.035775606,0.85532135,66549191,Junction_1+
-0.07948471,-0.024099885,0.8430469,66549391,Junction_1+
-0.09879456,-0.024249572,0.82837737,66549591,Junction_1+
-0.083675995,-0.014819183,0.8267308,66549791,Junction_1+
-0.09774674,-0.033380583,0.84514254,66549991,Junction_1+
-0.11960129,-0.041763153,0.8813672,66550191,Junction_1+
-0.11541,-0.05493576,0.8759784,66550390,Junction_1+
-0.03173401,-0.03487747,0.8518785,66550591,Junction_1+
-0.0889151,-0.034578096,0.8205936,66550791,Junction_1+
-0.10837463,-0.030536499,0.79993653,66550991,Junction_1+
-0.09879456,-0.015567627,0.8267308,66551191,Junction_1+
-0.105530545,-0.03847,0.85921323,66551391,Junction_1+
-0.11750565,-0.04819977,0.87238586,66551591,Junction_1+
-0.062869266,-0.033679962,0.848286,66551791,Junction_1+
-0.07334747,-0.014819183,0.8288264,66551991,Junction_1+
-0.08786728,-0.013172608,0.8244855,66552191,Junction_1+
-0.11331436,-0.019160157,0.82074326,66552392,Junction_1+
-0.07140152,-0.050145723,0.8243358,66552591,Junction_1+
-0.07858658,-0.05508545,0.8532257,66552791,Junction_1+
-0.15702347,-0.054486696,0.88316345,66552991,Junction_1+
-0.09310638,-0.045205995,0.87118834,66553191,Junction_1+
-0.104931794,-0.048948213,0.83376616,66553391,Junction_1+
-0.09624985,-0.029937744,0.8018825,66553591,Junction_1+
-0.052091673,-0.016615449,0.81670165,66553791,Junction_1+
-0.060324553,-0.025896149,0.83406556,66553991,Junction_1+
-0.09879456,-0.018262023,0.87912184,66554191,Junction_1+
-0.13277389,-0.03397934,0.8906479,66554392,Junction_1+
-0.123044126,-0.035775606,0.8508307,66554591,Junction_1+
-0.09460327,-0.022004241,0.8168514,66554791,Junction_1+
-0.086071014,-0.011825409,0.8184979,66554991,Junction_1+
-0.066761166,-0.022303618,0.848286,66555191,Junction_1+
-0.106728055,-0.0504451,0.8425978,66555391,Junction_1+
-0.11915222,-0.062270507,0.87493056,66555591,Junction_1+
-0.05733078,-0.042062532,0.86295545,66555791,Junction_1+
-0.051343232,-0.030386811,0.839604,66555991,Junction_1+
-0.1101709,-0.016765136,0.8291258,66556191,Junction_1+
-0.10103989,-0.014669495,0.8056247,66556392,Junction_1+
-0.07753876,-0.029788055,0.81640226,66556590,Junction_1+
-0.15028748,-0.045056306,0.8837622,66556791,Junction_1+
-0.07574249,-0.02454895,0.8735834,66556991,Junction_1+
-0.052391052,-0.024249572,0.8625064,66557191,Junction_1+
-0.044008482,-0.0022453307,0.8493338,66557391,Junction_1+
-0.11840378,-0.023950195,0.8143066,66557591,Junction_1+
-0.07259903,-0.020806732,0.80592406,66557791,Junction_1+
-0.015717316,-0.01886078,0.85666853,66557991,Junction_1+
-0.106877744,-0.026494903,0.8268805,66558191,Junction_1+
-0.16974701,-0.059276734,0.84873503,66558390,Junction_1+
-0.16899857,-0.11615845,0.8741821,66558591,Junction_1+
-0.09400452,-0.07933502,0.8583151,66558791,Junction_1+
-0.03397934,-0.022004241,0.83541274,66558991,Junction_1+
0.11750565,0.05478607,0.8327184,66559191,Junction_1+
-0.05358856,0.07753876,0.81161225,66559392,Junction_1+
-0.11241623,0.014519806,0.8424481,66559591,Junction_1+
-0.11047027,-0.09535172,0.830473,66559791,Junction_1+
-0.08008347,-0.09669891,0.86325485,66559991,Junction_1+
-0.03847,-0.041314088,0.8571176,66560191,Junction_1+
-0.085921325,0.0,0.8244855,66560390,Junction_1+
-0.10957214,-0.020657044,0.8196954,66560591,Junction_1+
-0.09999207,-0.031434633,0.82238984,66560791,Junction_1+
-0.10822494,-0.033081207,0.82583266,66560991,Junction_1+
-0.09580078,-0.06885681,0.8298743,66561191,Junction_1+
-0.122295685,-0.0490979,0.8634045,66561390,Junction_1+
-0.17244141,-0.03847,0.8132588,66561591,Junction_1+
-0.05852829,-0.005388794,0.8455916,66561791,Junction_1+
-0.066162415,-0.025447082,0.8399034,66561991,Junction_1+
-0.09145981,-0.013771363,0.8336165,66562191,Junction_1+
-0.02469864,-0.0092807,0.8214917,66562390,Junction_1+
-0.15283218,-0.040565643,0.82837737,66562591,Junction_1+
-0.12843293,-0.010478211,0.8503816,66562791,Junction_1+
-0.15687378,-0.019160157,0.8589139,66562991,Junction_1+
-0.13891113,-0.010029145,0.830473,66563191,Junction_1+
-0.13187577,0.016166382,0.8294252,66563391,Junction_1+
-0.122445375,0.0014968872,0.8243358,66563591,Junction_1+
-0.16735199,-0.009580079,0.8081694,66563791,Junction_1+
-0.20537293,0.0022453307,0.7777826,66563991,Junction_1+
-0.21600083,-0.006586304,0.8152048,66564191,Junction_1+
-0.2335144,-0.015118561,0.82837737,66564391,Junction_1+
-0.17618363,-0.001047821,0.8244855,66564591,Junction_1+
-0.17289047,2.9937745E-4,0.8370593,66564791,Junction_1+
-0.12723541,0.03173401,0.85277665,66564991,Junction_1+
-0.13965958,-0.0068856813,0.8222401,66565191,Junction_1+
-0.14953904,-0.030686188,0.8168514,66565391,Junction_1+
-0.1405577,-0.04550537,0.8158035,66565592,Junction_1+
-0.1472937,-0.04670288,0.81535447,66565791,Junction_1+
-0.16555573,-0.021106109,0.82837737,66565991,Junction_1+
-0.14654526,-0.025596771,0.8503816,66566191,Junction_1+
-0.17064515,0.020806732,0.8333171,66566391,Junction_1+
-0.17723145,-0.006286926,0.8282277,66566591,Junction_1+
-0.17603393,-0.022902375,0.7887099,66566791,Junction_1+
-0.1580713,-0.034278717,0.8014334,66566991,Junction_1+
-0.20941453,-0.04011658,0.7864645,66567191,Junction_1+
-0.15013778,-0.051642608,0.83286804,66567391,Junction_1+
-0.13486953,-0.024099885,0.8493338,66567591,Junction_1+
-0.09385483,-0.027393036,0.8586145,66567791,Junction_1+
-0.11555969,-0.04326004,0.83032334,66567991,Junction_1+
-0.09295669,-0.048499145,0.8292755,66568191,Junction_1+
-0.08771759,-0.046403505,0.8321196,66568390,Junction_1+
-0.17573456,-0.03876938,0.8276289,66568591,Junction_1+
-0.17274079,-0.008532257,0.855471,66568791,Junction_1+
-0.11361374,0.0019459534,0.823737,66568991,Junction_1+
-0.14025833,-0.022602998,0.8282277,66569192,Junction_1+
-0.14040802,-0.019758912,0.80876815,66569391,Junction_1+
-0.14923966,-0.008981323,0.83556247,66569591,Junction_1+
-0.0981958,0.008232879,0.77972853,66569791,Junction_1+
-0.20866607,-0.015417938,0.85127974,66569991,Junction_1+
-0.1261876,-0.0076341247,0.84484315,66570191,Junction_1+
-0.17244141,-0.025297394,0.85666853,66570391,Junction_1+
-0.15492782,-0.0086819455,0.8370593,66570591,Junction_1+
-0.1101709,-0.041912843,0.8060738,66570791,Junction_1+
-0.12903167,-0.050894164,0.8478369,66570991,Junction_1+
-0.14025833,-0.0040415954,0.83256865,66571191,Junction_1+
-0.1607657,0.0061372374,0.8532257,66571391,Junction_1+
-0.17633331,0.009580079,0.83316743,66571592,Junction_1+
-0.14938934,0.055235136,0.82298857,66571791,Junction_1+
-0.20402573,-0.011076965,0.7978409,66571991,Junction_1+
-0.15313156,-0.006586304,0.8081694,66572191,Junction_1+
-0.16839981,0.0077838134,0.8390053,66572391,Junction_1+
-0.15358062,-2.9937745E-4,0.84858537,66572592,Junction_1+
-0.14579682,-0.024998017,0.8559201,66572792,Junction_1+
-0.12708573,-0.0023950196,0.8228389,66572991,Junction_1+
-0.13277389,-0.015567627,0.8177495,66573191,Junction_1+
-0.14250366,0.0019459534,0.82358736,66573391,Junction_1+
-0.14699432,0.012723541,0.83661026,66573591,Junction_1+
-0.15837067,0.014220429,0.83915496,66573792,Junction_1+
-0.13771363,0.020806732,0.84080154,66573991,Junction_1+
-0.13217515,0.010777588,0.821342,66574192,Junction_1+
-0.15148498,0.01751358,0.80218184,66574391,Junction_1+
-0.1553769,0.0017962647,0.7858658,66574592,Junction_1+
-0.16420853,-8.9813233E-4,0.82717985,66574792,Junction_1+
-0.1619632,0.0017962647,0.8583151,66574991,Junction_1+
-0.138013,0.006586304,0.8571176,66575192,Junction_1+
-0.12513977,0.01886078,0.8544232,66575391,Junction_1+
-0.15163468,0.036673736,0.80397815,66575592,Junction_1+
-0.14699432,-0.018411713,0.80652285,66575792,Junction_1+
-0.14819184,-0.007484436,0.82209045,66575991,Junction_1+
-0.1405577,0.01871109,0.8509804,66576192,Junction_1+
-0.14310242,0.0185614,0.855471,66576391,Junction_1+
-0.13711487,0.015567627,0.8346643,66576592,Junction_1+
-0.15447876,0.019459534,0.81011534,66576791,Junction_1+
-0.14025833,-0.0022453307,0.79260176,66576991,Junction_1+
-0.19175126,0.011526031,0.7937993,66577192,Junction_1+
-0.13247451,-0.0086819455,0.81565386,66577393,Junction_1+
-0.16615447,-0.008532257,0.8643027,66577591,Junction_1+
-0.14714402,-0.001646576,0.85786605,66577791,Junction_1+
-0.12723541,0.009131012,0.8336165,66577991,Junction_1+
-0.13172607,-0.004939728,0.8196954,66578192,Junction_1+
-0.13322297,0.003143463,0.8152048,66578391,Junction_1+
-0.1580713,0.013172608,0.82598233,66578591,Junction_1+
-0.15612534,0.019459534,0.84738785,66578792,Junction_1+
-0.14160553,0.022004241,0.8446934,66578991,Junction_1+
-0.15088624,0.01886078,0.8216414,66579191,Junction_1+
-0.13457017,0.017962646,0.8149054,66579393,Junction_1+
-0.17453705,-0.002694397,0.803529,66579592,Junction_1+
-0.16136444,4.4906617E-4,0.8066725,66579792,Junction_1+
-0.15777192,0.0023950196,0.848286,66579991,Junction_1+
-0.1924997,-0.002694397,0.86669767,66580192,Junction_1+
-0.1459465,0.0023950196,0.8626561,66580391,Junction_1+
-0.120050356,-7.484436E-4,0.8265811,66580592,Junction_1+
-0.14400055,-0.0017962647,0.8241861,66580792,Junction_1+
-0.16510665,1.4968873E-4,0.81191164,66580992,Junction_1+
-0.16450791,0.01407074,0.82807803,66581192,Junction_1+
-0.16405883,0.0291893,0.8421487,66581392,Junction_1+
-0.11526032,0.010478211,0.8523276,66581592,Junction_1+
-0.1194516,0.026494903,0.81924635,66581792,Junction_1+
-0.13786331,-0.009879456,0.80727124,66581992,Junction_1+
-0.16570541,0.004191284,0.80053526,66582191,Junction_1+
-0.17154327,0.0059875487,0.8250842,66582391,Junction_1+
-0.15837067,0.0025447083,0.843945,66582592,Junction_1+
-0.12753479,-0.010777588,0.87552935,66582792,Junction_1+
-0.14235397,0.0073347474,0.8376581,66582991,Junction_1+
-0.1472937,2.9937745E-4,0.8117619,66583192,Junction_1+
-0.12933105,4.4906617E-4,0.81310916,66583391,Junction_1+
-0.14025833,-0.0043409728,0.8161029,66583592,Junction_1+
-0.18336868,0.013172608,0.8455916,66583792,Junction_1+
-0.1565744,0.0067359926,0.866548,66583992,Junction_1+
-0.17708176,0.02933899,0.8321196,66584192,Junction_1+
-0.12528946,0.023950195,0.8107141,66584391,Junction_1+
-0.14549744,0.02215393,0.8190967,66584591,Junction_1+
-0.15597564,0.0086819455,0.8114626,66584792,Junction_1+
-0.15492782,0.016465759,0.82598233,66584992,Junction_1+
-0.15582596,-0.0022453307,0.8650511,66585191,Junction_1+
-0.14879058,-5.987549E-4,0.864602,66585392,Junction_1+
-0.1405577,0.02005829,0.8268805,66585592,Junction_1+
-0.14025833,0.0014968872,0.8159532,66585792,Junction_1+
-0.16226257,0.010627899,0.809816,66585991,Junction_1+
-0.14534774,0.0055384827,0.8467891,66586191,Junction_1+
-0.1737886,-0.012274475,0.84169966,66586392,Junction_1+
-0.107027434,-0.020507354,0.85367477,66586592,Junction_1+
-0.1353186,0.019609222,0.8288264,66586792,Junction_1+
-0.13232483,-0.0068856813,0.82598233,66586992,Junction_1+
-0.19728974,-0.0028440857,0.78751236,66587192,Junction_1+
-0.16944763,0.003293152,0.80397815,66587392,Junction_1+
-0.16091537,-0.01287323,0.82463515,66587592,Junction_1+
-0.199086,-0.0014968872,0.86834425,66587792,Junction_1+
-0.14953904,-0.032332763,0.87118834,66587992,Junction_1+
-0.14355148,-0.03382965,0.8418494,66588192,Junction_1+
-0.11061996,0.009580079,0.8364606,66588392,Junction_1+
-0.067359924,-0.00583786,0.8244855,66588592,Junction_1+
-0.05583389,-0.0061372374,0.8370593,66588792,Junction_1+
-0.13786331,0.0035925293,0.83885556,66588992,Junction_1+
-0.17064515,-0.0055384827,0.83690965,66589192,Junction_1+
-0.14444962,0.051642608,0.84963316,66589391,Junction_1+
-0.16271164,0.061821442,0.832419,66589592,Junction_1+
-0.10523117,0.008382568,0.82897615,66589792,Junction_1+
-0.053139497,-0.0071850587,0.83945435,66589992,Junction_1+
-0.22258712,-0.12798385,0.791554,66590191,Junction_1+
-0.21734802,-0.07095245,0.8095166,66590391,Junction_1+
-0.20492385,0.006436615,0.83152086,66590591,Junction_1+
-0.15208374,0.00943039,0.8631052,66590792,Junction_1+
-0.15747254,-0.011076965,0.8253836,66590991,Junction_1+
-0.19264938,-0.019309845,0.8403525,66591192,Junction_1+
-0.18022522,-0.016166382,0.816552,66591392,Junction_1+
-0.22722748,-0.02799179,0.8177495,66591591,Junction_1+
-0.17992584,-0.05598358,0.7899074,66591792,Junction_1+
-0.19699036,0.0068856813,0.8089178,66591992,Junction_1+
-0.22198838,0.001646576,0.8202942,66592192,Junction_1+
-0.14639556,0.008532257,0.839604,66592392,Junction_1+
-0.16540603,0.013022918,0.83032334,66592592,Junction_1+
-0.18232086,-2.9937745E-4,0.796344,66592792,Junction_1+
-0.1936972,-0.006286926,0.7662566,66592992,Junction_1+
-0.17992584,0.006436615,0.800685,66593191,Junction_1+
-0.1607657,0.01751358,0.8378078,66593391,Junction_1+
-0.16630417,-0.020207977,0.8503816,66593592,Junction_1+
-0.19220032,-0.009580079,0.83795744,66593792,Junction_1+
-0.19594254,-0.010478211,0.81730044,66593992,Junction_1+
-0.1936972,-0.02005829,0.7981403,66594191,Junction_1+
-0.18546432,-0.0047900393,0.7966434,66594392,Junction_1+
-0.19264938,-0.002694397,0.791554,66594592,Junction_1+
-0.17333955,0.0044906614,0.8403525,66594792,Junction_1+
-0.1884581,0.014519806,0.83541274,66594992,Junction_1+
-0.20207977,0.018411713,0.81011534,66595192,Junction_1+
-0.18995498,-0.013322297,0.8026309,66595392,Junction_1+
-0.19040406,8.9813233E-4,0.8026309,66595592,Junction_1+
-0.20207977,-0.016316071,0.8042775,66595792,Junction_1+
-0.21031265,-0.0035925293,0.8231383,66595992,Junction_1+
-0.19953507,-0.009729767,0.8440947,66596192,Junction_1+
-0.1776805,0.0059875487,0.85023195,66596394,Junction_1+
-0.17348923,0.0028440857,0.82598233,66596592,Junction_1+
-0.18262024,-0.003143463,0.81819856,66596791,Junction_1+
-0.18696122,-0.009131012,0.79993653,66596991,Junction_1+
-0.2004332,0.0052391053,0.80472654,66597191,Junction_1+
-0.20118164,0.014370117,0.8219408,66597392,Junction_1+
-0.19010468,0.00583786,0.8387059,66597591,Junction_1+
-0.1818718,0.020207977,0.83556247,66597792,Junction_1+
-0.17962646,0.004939728,0.818947,66597992,Junction_1+
-0.18411712,-0.00583786,0.7955955,66598192,Junction_1+
-0.20657043,-0.008981323,0.79170364,66598393,Junction_1+
-0.22049148,-0.0086819455,0.80337936,66598592,Junction_1+
-0.199086,0.007484436,0.84169966,66598791,Junction_1+
-0.17468673,0.008981323,0.8478369,66598992,Junction_1+
-0.16750167,0.0086819455,0.8285271,66599192,Junction_1+
-0.18770966,-8.9813233E-4,0.83571213,66599392,Junction_1+
-0.20522323,-0.0023950196,0.8135582,66599592,Junction_1+
-0.19324814,0.008831634,0.8095166,66599793,Junction_1+
-0.18636246,0.00943039,0.8161029,66599992,Junction_1+
-0.19714004,0.010927277,0.83945435,66600192,Junction_1+
-0.19055374,0.02469864,0.8387059,66600392,Junction_1+
-0.18486556,0.0086819455,0.82613206,66600592,Junction_1+
-0.19743942,0.0017962647,0.8089178,66600792,Junction_1+
-0.20133133,-0.0028440857,0.7934999,66600992,Junction_1+
-0.19833755,-0.028889922,0.7952962,66601191,Junction_1+
-0.20582199,-0.008083191,0.8057744,66601392,Junction_1+
-0.20941453,0.00703537,0.8295749,66601592,Junction_1+
-0.19010468,-0.017663268,0.8545729,66601792,Junction_1+
-0.18112335,-0.0038919067,0.8457413,66601992,Junction_1+
-0.18471588,0.0043409728,0.8322693,66602192,Junction_1+
-0.21046235,-0.026345216,0.80113405,66602393,Junction_1+
-0.22662872,-0.003143463,0.7955955,66602592,Junction_1+
-0.29653335,-0.030386811,0.77987826,66602792,Junction_1+
-0.21600083,-0.010478211,0.82268924,66602992,Junction_1+
-0.17079483,-0.014968872,0.8656499,66603192,Junction_1+
-0.13382171,-0.0013471985,0.8560698,66603391,Junction_1+
-0.15852036,-0.014519806,0.8378078,66603592,Junction_1+
-0.17274079,0.025447082,0.83316743,66603791,Junction_1+
-0.2508783,-0.02469864,0.80502594,66603992,Junction_1+
-0.19893631,-0.023950195,0.8060738,66604192,Junction_1+
-0.18666184,-0.003143463,0.8222401,66604392,Junction_1+
-0.18935624,-0.0119750975,0.84484315,66604593,Junction_1+
-0.17079483,-0.00464035,0.85397416,66604792,Junction_1+
-0.1552272,-0.0059875487,0.84708846,66604992,Junction_1+
-0.14699432,-0.014220429,0.82268924,66605192,Junction_1+
-0.14908996,-0.01751358,0.8137079,66605394,Junction_1+
-0.14804214,0.0056881714,0.81565386,66605593,Junction_1+
-0.13142669,0.028590545,0.8114626,66605793,Junction_1+
-0.17558487,-0.020507354,0.81310916,66605991,Junction_1+
-0.18112335,0.0124241635,0.8551717,66606192,Junction_1+
-0.1407074,0.012124786,0.85217786,66606393,Junction_1+
-0.15088624,0.0050894166,0.82583266,66606593,Junction_1+
-0.16555573,8.9813233E-4,0.82777864,66606793,Junction_1+
-0.16989669,-0.014819183,0.8027806,66606992,Junction_1+
-0.17094451,-0.027093658,0.80652285,66607193,Junction_1+
-0.16974701,-0.012573852,0.81984514,66607395,Junction_1+
-0.17004639,-0.00943039,0.85023195,66607592,Junction_1+
-0.16181351,-0.012274475,0.8602611,66607793,Junction_1+
-0.15043716,-0.012124786,0.83915496,66607992,Junction_1+
-0.14879058,-0.0119750975,0.823737,66608192,Junction_1+
-0.12903167,-0.024848327,0.8184979,66608393,Junction_1+
-0.1353186,-0.015268249,0.8120613,66608592,Junction_1+
-0.17363891,0.0022453307,0.8042775,66608791,Junction_1+
-0.17618363,-0.008232879,0.82089293,66608992,Junction_1+
-0.17274079,0.013022918,0.8427475,66609192,Junction_1+
-0.15896942,0.007933502,0.8557704,66609392,Junction_1+
-0.16316071,0.0038919067,0.8409512,66609592,Junction_1+
-0.19564316,0.00943039,0.80742097,66609792,Junction_1+
-0.1751358,-0.002694397,0.8205936,66609993,Junction_1+
-0.1672023,-0.017962646,0.80367875,66610192,Junction_1+
-0.17693207,-0.011076965,0.8068222,66610392,Junction_1+
-0.19264938,-0.008232879,0.82613206,66610593,Junction_1+
-0.18157242,-0.010178833,0.8569679,66610792,Junction_1+
-0.16585511,-0.0077838134,0.86190766,66610992,Junction_1+
-0.15492782,-0.004191284,0.8295749,66611193,Junction_1+
-0.1579216,-0.016914826,0.81415695,66611395,Junction_1+
-0.17543519,-0.019459534,0.81445634,66611593,Junction_1+
-0.17139359,-0.009131012,0.8201445,66611792,Junction_1+
-0.17259109,-0.0052391053,0.8147557,66611992,Junction_1+
-0.17558487,-0.008532257,0.81295943,66612192,Junction_1+
-0.15358062,0.012274475,0.8428972,66612392,Junction_1+
-0.12499008,-0.002095642,0.85367477,66612592,Junction_1+
-0.12798385,-0.00464035,0.83346677,66612792,Junction_1+
-0.14938934,-0.013322297,0.8159532,66612992,Junction_1+
-0.16136444,-0.012124786,0.81011534,66613193,Junction_1+
-0.1513353,-0.0185614,0.79709244,66613392,Junction_1+
-0.18082398,-0.015567627,0.8244855,66613593,Junction_1+
-0.1778302,-0.015567627,0.8544232,66613792,Junction_1+
-0.16750167,-0.0059875487,0.8668474,66613992,Junction_1+
-0.16795075,-0.011825409,0.84364563,66614193,Junction_1+
-0.1633104,-0.020806732,0.8018825,66614392,Junction_1+
-0.15867004,-0.014220429,0.8018825,66614593,Junction_1+
-0.15867004,0.0013471985,0.8228389,66614792,Junction_1+
-0.1685495,-2.9937745E-4,0.823737,66614993,Junction_1+
-0.15432908,-0.010328522,0.864602,66615192,Junction_1+
-0.15732284,0.014669495,0.843945,66615394,Junction_1+
-0.16211289,0.0034428407,0.823737,66615593,Junction_1+
-0.1594185,-0.008981323,0.81041473,66615793,Junction_1+
-0.1845662,-0.012573852,0.7918533,66615993,Junction_1+
-0.1896556,-0.022004241,0.8241861,66616192,Junction_1+
-0.18726058,-0.0124241635,0.859812,66616393,Junction_1+
-0.1607657,-0.02005829,0.8547226,66616593,Junction_1+
-0.15417938,-0.018411713,0.82238984,66616793,Junction_1+
-0.16525635,-0.016765136,0.8228389,66616993,Junction_1+
-0.16585511,-0.0014968872,0.80772036,66617193,Junction_1+
-0.1737886,-0.012723541,0.82897615,66617393,Junction_1+
-0.18082398,-0.0025447083,0.84604067,66617593,Junction_1+
-0.1553769,-0.002694397,0.83631086,66617793,Junction_1+
-0.1633104,0.013022918,0.8267308,66617993,Junction_1+
-0.18935624,-0.016166382,0.8161029,66618193,Junction_1+
-0.15642472,-0.005388794,0.80742097,66618392,Junction_1+
-0.16974701,-0.01886078,0.8243358,66618593,Junction_1+
-0.17932709,-0.002095642,0.83182025,66618793,Junction_1+
-0.16929795,-0.01751358,0.8551717,66618993,Junction_1+
-0.15732284,-0.009879456,0.8440947,66619193,Junction_1+
-0.15881974,-0.016914826,0.821342,66619396,Junction_1+
-0.1619632,-0.024249572,0.8140073,66619593,Junction_1+
-0.16435821,-0.0061372374,0.8092172,66619793,Junction_1+
-0.17109421,-0.011526031,0.8247849,66619993,Junction_1+
-0.17109421,-0.002694397,0.85427356,66620193,Junction_1+
-0.16974701,0.007484436,0.84065187,66620394,Junction_1+
-0.1607657,0.0014968872,0.8228389,66620593,Junction_1+
-0.16884887,-0.010178833,0.8150551,66620793,Junction_1+
-0.17019607,-0.001646576,0.7908055,66620993,Junction_1+
-0.18905686,-0.019459534,0.8105644,66621193,Junction_1+
-0.1805246,-0.014669495,0.85247725,66621394,Junction_1+
-0.16435821,-0.0055384827,0.8571176,66621593,Junction_1+
-0.1619632,1.4968873E-4,0.84334624,66621793,Junction_1+
-0.15477814,-0.013022918,0.82238984,66621993,Junction_1+
-0.15612534,-0.006586304,0.8211923,66622193,Junction_1+
-0.15822098,-0.033230897,0.80772036,66622392,Junction_1+
-0.1751358,-0.018112335,0.82837737,66622593,Junction_1+
-0.17094451,0.00703537,0.8551717,66622793,Junction_1+
-0.15852036,-0.0076341247,0.8457413,66622993,Junction_1+
-0.15028748,0.0029937744,0.8268805,66623193,Junction_1+
-0.17169297,-0.008083191,0.80397815,66623394,Junction_1+
-0.16810043,-0.017214203,0.79544586,66623593,Junction_1+
-0.19444565,-0.0068856813,0.8120613,66623793,Junction_1+
-0.18935624,-0.021555176,0.8520282,66623993,Junction_1+
-0.17363891,-0.0052391053,0.86295545,66624193,Junction_1+
-0.1499881,-0.019010467,0.83511335,66624394,Junction_1+
-0.1484912,-0.015717316,0.825683,66624593,Junction_1+
-0.15492782,-0.0014968872,0.81445634,66624793,Junction_1+
-0.15762222,-0.01407074,0.8114626,66624992,Junction_1+
-0.17797989,-0.0017962647,0.84963316,66625193,Junction_1+
-0.17663269,0.011076965,0.86894304,66625394,Junction_1+
-0.15417938,-0.003143463,0.83975375,66625593,Junction_1+
-0.16151413,-0.013771363,0.8171507,66625793,Junction_1+
-0.17109421,-0.002095642,0.81266004,66625993,Junction_1+
-0.16914825,-0.023950195,0.80772036,66626193,Junction_1+
-0.18950592,-0.014519806,0.8244855,66626395,Junction_1+
-0.18905686,-0.003143463,0.86609894,66626593,Junction_1+
-0.13965958,-0.018112335,0.8696915,66626793,Junction_1+
-0.15837067,-0.020806732,0.839604,66626993,Junction_1+
-0.16675323,-0.008831634,0.81310916,66627192,Junction_1+
-0.16570541,-0.028590545,0.8017328,66627393,Junction_1+
-0.17663269,-0.030835876,0.8253836,66627593,Junction_1+
-0.18905686,0.036524046,0.8150551,66627793,Junction_1+
-0.18950592,0.04790039,0.83975375,66627993,Junction_1+
-0.18381774,0.048648834,0.8623567,66628193,Junction_1+
-0.122595064,0.02814148,0.8437953,66628395,Junction_1+
-0.18696122,0.017812958,0.81415695,66628593,Junction_1+
-0.12409195,0.001047821,0.8069719,66628793,Junction_1+
-0.18381774,-0.016465759,0.8147557,66628993,Junction_1+
-0.1977388,-0.03772156,0.83825684,66629193,Junction_1+
-0.1619632,-0.03742218,0.861758,66629393,Junction_1+
-0.10777588,-0.021106109,0.8544232,66629593,Junction_1+
-0.17483643,-0.044906616,0.8276289,66629793,Junction_1+
-0.12543915,-0.020657044,0.8211923,66629993,Junction_1+
-0.08786728,-0.033230897,0.79574525,66630193,Junction_1+
-0.18501526,-0.032931518,0.8193961,66630393,Junction_1+
-0.1938469,-0.025447082,0.8490344,66630592,Junction_1+
-0.14310242,-0.041463777,0.8535251,66630793,Junction_1+
-0.17019607,-0.041763153,0.82867676,66630992,Junction_1+
-0.12723541,-0.057779845,0.8125104,66631193,Junction_1+
-0.14100677,-0.039517824,0.8081694,66631397,Junction_1+
-0.14609618,-0.054187316,0.80307996,66631593,Junction_1+
-0.16375946,-0.060174868,0.8500822,66631793,Junction_1+
-0.16151413,-0.040266264,0.8728349,66631993,Junction_1+
-0.09834549,-0.062420197,0.8785231,66632193,Junction_1+
-0.10777588,-0.042361908,0.8503816,66632395,Junction_1+
-0.14175522,-0.042960662,0.8316705,66632593,Junction_1+
-0.1459465,-0.04924759,0.80113405,66632793,Junction_1+
-0.13561799,-0.05957611,0.8481363,66632992,Junction_1+
-0.104333036,-0.031883698,0.8734337,66633193,Junction_1+
-0.103135526,-0.043858796,0.85816544,66633393,Junction_1+
-0.11331436,-0.035775606,0.8560698,66633593,Junction_1+
-0.13232483,-0.045954436,0.8057744,66633793,Junction_1+
-0.1300795,-0.042062532,0.7966434,66633992,Junction_1+
-0.13127701,-0.0490979,0.8174501,66634193,Junction_1+
-0.13950989,-0.04700226,0.8339159,66634393,Junction_1+
-0.12678635,-0.053139497,0.8822653,66634593,Junction_1+
-0.102387086,-0.04939728,0.8589139,66634793,Junction_1+
-0.11705658,-0.060923308,0.8457413,66634993,Junction_1+
-0.13457017,-0.045205995,0.8342152,66635193,Junction_1+
-0.12798385,-0.0411644,0.81804883,66635393,Junction_1+
-0.12798385,-0.050744478,0.8171507,66635594,Junction_1+
-0.13412109,-0.03757187,0.8333171,66635794,Junction_1+
-0.1181044,-0.04700226,0.8668474,66635993,Junction_1+
-0.12543915,-0.04655319,0.8626561,66636193,Junction_1+
-0.11690689,-0.028291168,0.8421487,66636392,Junction_1+
-0.1088237,-0.04565506,0.8241861,66636593,Junction_1+
-0.08307724,-0.062869266,0.81700104,66636794,Junction_1+
-0.061072998,-0.062719576,0.8086185,66636994,Junction_1+
-0.09086105,-0.060623933,0.8199948,66637193,Junction_1+
-0.16825013,-0.029937744,0.78526706,66637397,Junction_1+
-0.13307327,-0.062869266,0.8705896,66637593,Junction_1+
-0.16346008,-0.06451584,0.8643027,66637794,Junction_1+
-0.11840378,-0.047451325,0.8884026,66637992,Junction_1+
-0.13591737,-0.042960662,0.8358618,66638193,Junction_1+
-0.121996306,-0.033081207,0.84888476,66638395,Junction_1+
-0.14834152,-0.054337006,0.80846876,66638593,Junction_1+
-0.13876145,-0.051193543,0.79769117,66638794,Junction_1+
-0.14684464,-0.022004241,0.7818242,66638993,Junction_1+
-0.14415024,-0.035775606,0.8086185,66639193,Junction_1+
-0.123642884,-0.045954436,0.8414003,66639397,Junction_1+
-0.121098176,-0.053289186,0.8728349,66639594,Junction_1+
-0.11211685,-0.0398172,0.87657714,66639794,Junction_1+
-0.13022919,-0.03622467,0.8467891,66639993,Junction_1+
-0.11840378,-0.036973115,0.8508307,66640193,Junction_1+
-0.13292359,-0.05882767,0.82044387,66640395,Junction_1+
-0.13786331,-0.05493576,0.79679304,66640594,Junction_1+
-0.14265335,-0.03966751,0.7955955,66640793,Junction_1+
-0.15462846,-0.050594788,0.81445634,66640993,Junction_1+
-0.1393602,-0.05718109,0.8472382,66641193,Junction_1+
-0.12978011,-0.07095245,0.8833131,66641397,Junction_1+
-0.11870316,-0.05987549,0.8825647,66641593,Junction_1+
-0.11346405,-0.043858796,0.86579955,66641794,Junction_1+
-0.11466156,-0.02933899,0.8424481,66641994,Junction_1+
-0.12484039,-0.054187316,0.8219408,66642194,Junction_1+
-0.13397141,-0.0490979,0.8199948,66642395,Junction_1+
-0.14579682,-0.04805008,0.8105644,66642594,Junction_1+
-0.13636643,-0.039218444,0.79260176,66642794,Junction_1+
-0.13486953,-0.032632142,0.82747924,66642994,Junction_1+
-0.13157639,-0.045205995,0.85217786,66643194,Junction_1+
-0.13157639,-0.06451584,0.87238586,66643397,Junction_1+
-0.11915222,-0.037871245,0.86579955,66643594,Junction_1+
-0.11915222,-0.034428407,0.8596623,66643794,Junction_1+
-0.11840378,-0.026195526,0.8478369,66643994,Junction_1+
-0.12528946,-0.04939728,0.8199948,66644194,Junction_1+
-0.14310242,-0.05643265,0.80846876,66644394,Junction_1+
-0.13651611,-0.055235136,0.79769117,66644594,Junction_1+
-0.14385086,-0.048648834,0.7946974,66644794,Junction_1+
-0.14654526,-0.03891907,0.8244855,66644994,Junction_1+
-0.13965958,-0.054337006,0.8428972,66645193,Junction_1+
-0.11930191,-0.07723938,0.8710387,66645393,Junction_1+
-0.11301498,-0.053289186,0.88031936,66645593,Junction_1+
-0.11630814,-0.04086502,0.8637039,66645794,Junction_1+
-0.10927276,-0.03757187,0.8454419,66645994,Junction_1+
-0.11600876,-0.04326004,0.8349637,66646194,Junction_1+
-0.12828323,-0.049846344,0.8222401,66646394,Junction_1+
-0.1260379,-0.04790039,0.80502594,66646594,Junction_1+
-0.14295273,-0.03742218,0.7969428,66646794,Junction_1+
-0.14953904,-0.032332763,0.8240364,66646994,Junction_1+
-0.12798385,-0.042810973,0.8452922,66647194,Junction_1+
-0.12678635,-0.07319778,0.8637039,66647394,Junction_1+
-0.11406281,-0.046253815,0.8753796,66647594,Junction_1+
-0.13471985,-0.028590545,0.85906357,66647794,Junction_1+
-0.121547244,-0.03278183,0.8414003,66647994,Junction_1+
-0.10807525,-0.03966751,0.82747924,66648194,Junction_1+
-0.14953904,-0.06256989,0.80367875,66648395,Junction_1+
-0.14085709,-0.06346802,0.8063731,66648594,Junction_1+
-0.13771363,-0.04550537,0.8002359,66648794,Junction_1+
-0.16091537,-0.042511597,0.8253836,66648994,Junction_1+
-0.12918137,-0.04954697,0.852627,66649194,Junction_1+
-0.10927276,-0.067509614,0.8716374,66649397,Junction_1+
-0.1540297,-0.07080276,0.8878038,66649594,Junction_1+
-0.121098176,-0.057929534,0.88091815,66649794,Junction_1+
-0.10762619,-0.038320314,0.8529263,66649994,Junction_1+
-0.11615845,-0.029788055,0.83795744,66650194,Junction_1+
-0.11825409,-0.04819977,0.83376616,66650394,Junction_1+
-0.13247451,-0.058228914,0.81295943,66650594,Junction_1+
-0.13950989,-0.051792298,0.8015831,66650794,Junction_1+
-0.13112731,-0.04580475,0.8083191,66650994,Junction_1+
-0.14010864,-0.033230897,0.8063731,66651194,Junction_1+
-0.13681549,-0.03966751,0.84169966,66651396,Junction_1+
-0.13292359,-0.04550537,0.8518785,66651594,Junction_1+
-0.123493195,-0.051792298,0.8559201,66651794,Junction_1+
-0.11855347,-0.05493576,0.8782237,66651994,Junction_1+
-0.11795471,-0.038020935,0.8653505,66652194,Junction_1+
-0.11960129,-0.039218444,0.8425978,66652395,Junction_1+
-0.11660752,-0.03996689,0.8360115,66652594,Junction_1+
-0.11765534,-0.04805008,0.8186476,66652794,Junction_1+
-0.13352233,-0.0597258,0.8083191,66652994,Junction_1+
-0.13621673,-0.05598358,0.8026309,66653194,Junction_1+
-0.14250366,-0.051792298,0.80622345,66653398,Junction_1+
-0.14010864,-0.052391052,0.8095166,66653594,Junction_1+
-0.14010864,-0.04700226,0.8241861,66653794,Junction_1+
-0.14100677,-0.050594788,0.83661026,66653994,Junction_1+
-0.1088237,-0.05598358,0.87552935,66654193,Junction_1+
-0.11555969,-0.06301895,0.88031936,66654396,Junction_1+
-0.09460327,-0.056881715,0.8744815,66654594,Junction_1+
-0.104183346,-0.048499145,0.85532135,66654794,Junction_1+
-0.11885285,-0.04101471,0.8358618,66654994,Junction_1+
-0.10867401,-0.040415954,0.830473,66655193,Junction_1+
-0.123642884,-0.044008482,0.8292755,66655397,Junction_1+
-0.13995895,-0.050744478,0.79963714,66655594,Junction_1+
-0.15432908,-0.04700226,0.8051756,66655794,Junction_1+
-0.14175522,-0.042810973,0.8003856,66655994,Junction_1+
-0.13786331,-0.045954436,0.81310916,66656194,Junction_1+
-0.120948486,-0.04565506,0.8378078,66656394,Junction_1+
-0.120948486,-0.040266264,0.848286,66656594,Junction_1+
-0.11720627,-0.05149292,0.8551717,66656794,Junction_1+
-0.11361374,-0.051941987,0.86699706,66656994,Junction_1+
-0.11421249,-0.04011658,0.859812,66657194,Junction_1+
-0.11181747,-0.035625916,0.8650511,66657396,Junction_1+
-0.09430389,-0.036524046,0.83286804,66657594,Junction_1+
-0.11765534,-0.038320314,0.82717985,66657793,Junction_1+
-0.11496094,-0.0490979,0.81789917,66657993,Junction_1+
-0.12484039,-0.060773622,0.80876815,66658194,Junction_1+
-0.11376343,-0.05867798,0.82089293,66658395,Junction_1+
-0.13891113,-0.05269043,0.8086185,66658594,Junction_1+
-0.13771363,-0.043559417,0.8402028,66658794,Junction_1+
-0.14819184,-0.03397934,0.8319699,66658994,Junction_1+
-0.14160553,-0.036673736,0.8517288,66659194,Junction_1+
-0.13127701,-0.05987549,0.8577164,66659394,Junction_1+
-0.12843293,-0.069305874,0.8750803,66659593,Junction_1+
-0.13217515,-0.056732025,0.8693921,66659794,Junction_1+
-0.122295685,-0.04819977,0.8614586,66659994,Junction_1+
-0.13097763,-0.039517824,0.8418494,66660193,Junction_1+
-0.11570938,-0.030087434,0.8497829,66660394,Junction_1+
-0.11541,-0.03876938,0.8183482,66660594,Junction_1+
-0.119900666,-0.05733078,0.8171507,66660794,Junction_1+
-0.13636643,-0.064964905,0.812211,66660994,Junction_1+
-0.14400055,-0.067210235,0.8123607,66661194,Junction_1+
-0.13965958,-0.060025178,0.81191164,66661396,Junction_1+
-0.13082795,-0.036973115,0.8402028,66661594,Junction_1+
-0.13052857,-0.02814148,0.84169966,66661794,Junction_1+
-0.12918137,-0.03637436,0.848286,66661994,Junction_1+
-0.12064911,-0.035476226,0.8649014,66662194,Junction_1+
-0.11780503,-0.051941987,0.8637039,66662395,Junction_1+
-0.12394226,-0.05733078,0.8490344,66662594,Junction_1+
-0.12663665,-0.059276734,0.8464897,66662794,Junction_1+
-0.1261876,-0.04445755,0.8360115,66662994,Junction_1+
-0.13112731,-0.034578096,0.8361612,66663194,Junction_1+
-0.12933105,-0.030087434,0.8478369,66663397,Junction_1+
-0.12888199,-0.035625916,0.8295749,66663594,Junction_1+
-0.13172607,-0.040415954,0.8231383,66663794,Junction_1+
-0.14160553,-0.05583389,0.82209045,66663993,Junction_1+
-0.14295273,-0.068258055,0.8294252,66664193,Junction_1+
-0.14504836,-0.051792298,0.8294252,66664395,Junction_1+
-0.13711487,-0.04445755,0.83571213,66664594,Junction_1+
-0.13726455,-0.034727782,0.83092207,66664794,Junction_1+
-0.121996306,-0.035625916,0.8580158,66664994,Junction_1+
-0.122894436,-0.05254074,0.873284,66665194,Junction_1+
-0.12409195,-0.05957611,0.8659493,66665396,Junction_1+
-0.13082795,-0.063917086,0.8674461,66665594,Junction_1+
-0.11735596,-0.06301895,0.87298465,66665794,Junction_1+
-0.123642884,-0.050145723,0.859812,66665994,Junction_1+
-0.12992981,-0.03487747,0.8402028,66666194,Junction_1+
-0.14010864,-0.024998017,0.83795744,66666395,Junction_1+
-0.119002536,-0.03637436,0.8346643,66666594,Junction_1+
-0.11496094,-0.041314088,0.8265811,66666794,Junction_1+
-0.11855347,-0.05957611,0.8240364,66666994,Junction_1+
-0.1366658,-0.062869266,0.8190967,66667194,Junction_1+
-0.1366658,-0.060324553,0.8253836,66667396,Junction_1+
-0.13726455,-0.053289186,0.8174501,66667595,Junction_1+
-0.1181044,-0.031883698,0.83511335,66667795,Junction_1+
-0.12484039,-0.027093658,0.8346643,66667994,Junction_1+
-0.12992981,-0.04011658,0.834814,66668194,Junction_1+
-0.12513977,-0.032632142,0.8478369,66668396,Junction_1+
-0.11511063,-0.029638367,0.85367477,66668594,Junction_1+
-0.1181044,-0.056582335,0.84768724,66668794,Junction_1+
-0.11705658,-0.063917086,0.8387059,66668994,Junction_1+
-0.1300795,-0.051941987,0.84858537,66669195,Junction_1+
-0.13427079,-0.069305874,0.83855623,66669397,Junction_1+
-0.13187577,-0.05763016,0.83316743,66669594,Junction_1+
-0.14370117,-0.04415817,0.84708846,66669795,Junction_1+
-0.13457017,-0.03891907,0.8418494,66669994,Junction_1+
-0.13292359,-0.028440857,0.8520282,66670195,Junction_1+
-0.12573853,-0.017663268,0.8393047,66670396,Junction_1+
-0.11870316,-0.03517685,0.8316705,66670595,Junction_1+
-0.12753479,-0.023201752,0.8409512,66670795,Junction_1+
-0.12409195,-0.018262023,0.83286804,66670994,Junction_1+
-0.13606705,-0.041763153,0.82044387,66671195,Junction_1+
-0.13037887,-0.025596771,0.821342,66671394,Junction_1+
-0.12663665,-0.034727782,0.8120613,66671594,Junction_1+
-0.120349735,-0.04086502,0.8193961,66671794,Junction_1+
-0.12558883,-0.042511597,0.82179105,66671994,Junction_1+
-0.120948486,-0.0477507,0.81804883,66672195,Junction_1+
-0.11765534,-0.05852829,0.81041473,66672395,Junction_1+
-0.12963043,-0.05628296,0.8095166,66672595,Junction_1+
-0.13232483,-0.06316864,0.821342,66672795,Junction_1+
-0.14519806,-0.07155121,0.7955955,66672994,Junction_1+
-0.22977218,-0.0676593,0.7960446,66673195,Junction_1+
-0.16121475,-0.050894164,0.8216414,66673396,Junction_1+
-0.15837067,-0.04805008,0.7997868,66673595,Junction_1+
-0.14759308,-0.062270507,0.8367599,66673795,Junction_1+
-0.122445375,-0.062120818,0.88196594,66673994,Junction_1+
-0.10523117,-0.05957611,0.87747526,66674195,Junction_1+
-0.11256592,-0.060623933,0.86639833,66674396,Junction_1+
-0.10717712,-0.031135254,0.85307604,66674595,Junction_1+
-0.08652008,-0.04430786,0.82807803,66674795,Junction_1+
-0.08771759,-0.05493576,0.82493454,66674995,Junction_1+
-0.07753876,-0.0490979,0.83316743,66675195,Junction_1+
-0.09116043,-0.046104126,0.8680449,66675396,Junction_1+
-0.18681152,-0.048948213,0.85127974,66675595,Junction_1+
-0.12633727,-0.033679962,0.84155,66675795,Junction_1+
-0.15896942,-0.05269043,0.8032297,66675995,Junction_1+
-0.13277389,-0.059127044,0.81445634,66676195,Junction_1+
-0.15208374,-0.054187316,0.80996567,66676396,Junction_1+
-0.13172607,-0.05478607,0.8662486,66676595,Junction_1+
-0.11975098,-0.059276734,0.8659493,66676795,Junction_1+
-0.12558883,-0.04086502,0.8587642,66676995,Junction_1+
-0.13022919,-0.04086502,0.81804883,66677195,Junction_1+
-0.13142669,-0.04670288,0.81550413,66677397,Junction_1+
-0.14579682,-0.046403505,0.7952962,66677595,Junction_1+
-0.13082795,-0.052840117,0.84169966,66677795,Junction_1+
-0.11645783,-0.04924759,0.8702902,66677995,Junction_1+
-0.10208771,-0.04011658,0.8626561,66678194,Junction_1+
-0.11720627,-0.03891907,0.83825684,66678394,Junction_1+
-0.121996306,-0.054037627,0.8175998,66678595,Junction_1+
-0.13471985,-0.050894164,0.787662,66678795,Junction_1+
-0.14609618,-0.05613327,0.8193961,66678994,Junction_1+
-0.12843293,-0.07110214,0.873284,66679195,Junction_1+
-0.11301498,-0.055534516,0.8866063,66679394,Junction_1+
-0.11241623,-0.047301635,0.8466394,66679595,Junction_1+
-0.11750565,-0.04819977,0.8201445,66679795,Junction_1+
-0.11720627,-0.04565506,0.7969428,66679995,Junction_1+
-0.15388,-0.036973115,0.80652285,66680195,Junction_1+
-0.1260379,-0.041912843,0.8523276,66680395,Junction_1+
-0.1088237,-0.0504451,0.88451064,66680595,Junction_1+
-0.1074765,-0.041912843,0.8668474,66680795,Junction_1+
-0.11600876,-0.041912843,0.8361612,66680994,Junction_1+
-0.120050356,-0.05867798,0.81550413,66681195,Junction_1+
-0.13576767,-0.05269043,0.8029303,66681397,Junction_1+
-0.1513353,-0.05463638,0.81280977,66681595,Junction_1+
-0.13442047,-0.05987549,0.8710387,66681795,Junction_1+
-0.103434905,-0.064665526,0.90531737,66681995,Junction_1+
-0.1115181,-0.044607237,0.87687653,66682195,Junction_1+
-0.11181747,-0.0411644,0.84484315,66682395,Junction_1+
-0.12528946,-0.061522063,0.80772036,66682595,Junction_1+
-0.12783417,-0.04101471,0.79170364,66682795,Junction_1+
-0.14953904,-0.04430786,0.8041278,66682994,Junction_1+
-0.11780503,-0.05598358,0.8677455,66683195,Junction_1+
-0.10538086,-0.04550537,0.8864566,66683394,Junction_1+
-0.1074765,-0.044008482,0.86415297,66683594,Junction_1+
-0.1181044,-0.041613463,0.8409512,66683795,Junction_1+
-0.13412109,-0.05718109,0.80592406,66683995,Junction_1+
-0.14295273,-0.054037627,0.79170364,66684194,Junction_1+
-0.14968872,-0.053438872,0.8319699,66684395,Junction_1+
-0.13202545,-0.068258055,0.88346285,66684595,Junction_1+
-0.09864487,-0.06451584,0.90277267,66684794,Junction_1+
-0.10208771,-0.042062532,0.86609894,66684995,Junction_1+
-0.1128653,-0.0477507,0.8307724,66685195,Junction_1+
-0.13576767,-0.057779845,0.8057744,66685396,Junction_1+
-0.14624588,-0.04685257,0.7873627,66685595,Junction_1+
-0.13382171,-0.042960662,0.82598233,66685795,Junction_1+
-0.12394226,-0.062120818,0.873284,66685995,Junction_1+
-0.101189576,-0.041613463,0.8894504,66686195,Junction_1+
-0.11376343,-0.034727782,0.8677455,66686397,Junction_1+
-0.121996306,-0.05358856,0.8190967,66686595,Junction_1+
-0.14295273,-0.056582335,0.7924521,66686796,Junction_1+
-0.15627502,-0.051343232,0.79320055,66686995,Junction_1+
-0.13995895,-0.05718109,0.84514254,66687196,Junction_1+
-0.11526032,-0.07409592,0.8912466,66687395,Junction_1+
-0.104931794,-0.051941987,0.88001996,66687595,Junction_1+
-0.11076965,-0.04805008,0.8424481,66687796,Junction_1+
-0.13082795,-0.0597258,0.8262817,66687995,Junction_1+
-0.13861175,-0.048798524,0.79170364,66688195,Junction_1+
-0.14115646,-0.03891907,0.78661424,66688395,Junction_1+
-0.13157639,-0.04790039,0.85427356,66688595,Junction_1+
-0.11136841,-0.053139497,0.8991802,66688795,Junction_1+
-0.1115181,-0.040565643,0.89079756,66688995,Junction_1+
-0.11570938,-0.03996689,0.8430469,66689195,Junction_1+
-0.13546829,-0.056732025,0.8063731,66689395,Junction_1+
-0.14040802,-0.05957611,0.7961943,66689595,Junction_1+
-0.15373032,-0.055384826,0.8018825,66689795,Junction_1+
-0.12843293,-0.06556366,0.864602,66689995,Junction_1+
-0.11331436,-0.064216465,0.8861572,66690195,Junction_1+
-0.11121872,-0.058977354,0.85921323,66690395,Junction_1+
-0.12064911,-0.050594788,0.83855623,66690595,Junction_1+
-0.13756393,-0.060623933,0.80367875,66690795,Junction_1+
-0.13846207,-0.04655319,0.79574525,66690994,Junction_1+
-0.13576767,-0.041613463,0.8202942,66691195,Junction_1+
-0.12858261,-0.07259903,0.864602,66691396,Junction_1+
-0.11780503,-0.03637436,0.87433183,66691595,Junction_1+
-0.11211685,-0.039517824,0.8650511,66691795,Junction_1+
-0.12528946,-0.054337006,0.825683,66691995,Junction_1+
-0.13067825,-0.07409592,0.7934999,66692195,Junction_1+
-0.13232483,-0.016615449,0.803529,66692396,Junction_1+
-0.15911911,-0.049846344,0.8384065,66692596,Junction_1+
-0.14489868,-0.048948213,0.85756665,66692795,Junction_1+
-0.14310242,-0.051792298,0.8430469,66692996,Junction_1+
-0.14953904,-0.04700226,0.8464897,66693196,Junction_1+
-0.15208374,-0.05358856,0.81730044,66693395,Junction_1+
-0.14370117,-0.04565506,0.8108638,66693595,Junction_1+
-0.15073654,-0.060923308,0.83915496,66693795,Junction_1+
-0.14549744,-0.054037627,0.8111632,66693995,Junction_1+
-0.15283218,-0.05358856,0.8342152,66694195,Junction_1+
-0.14804214,-0.044607237,0.8184979,66694395,Junction_1+
-0.16031662,-0.062869266,0.8238867,66694595,Junction_1+
-0.16735199,-0.047451325,0.8015831,66694795,Junction_1+
-0.1818718,-0.04565506,0.8243358,66694995,Junction_1+
-0.17318985,-0.043559417,0.8089178,66695196,Junction_1+
-0.19399658,-0.05269043,0.81804883,66695397,Junction_1+
-0.18232086,-0.042511597,0.8020322,66695596,Junction_1+
-0.1871109,-0.049846344,0.8491841,66695796,Junction_1+
-0.1685495,-0.035625916,0.8352631,66695995,Junction_1+
-0.23965164,-0.07155121,0.80652285,66696196,Junction_1+
-0.3186873,-0.028889922,0.7994875,66696395,Junction_1+
-0.35506165,-0.013771363,0.7882608,66696596,Junction_1+
-0.3293152,-0.03607498,0.7924521,66696795,Junction_1+
-0.40161484,-0.051043853,0.7282356,66696995,Junction_1+
-0.352966,-0.047151946,0.7589218,66697195,Junction_1+
-0.32018417,-0.028590545,0.8319699,66697397,Junction_1+
-0.32168105,-0.07589218,0.757874,66697595,Junction_1+
-0.24773483,-0.02454895,0.8412506,66697795,Junction_1+
-0.09864487,0.044008482,0.79140425,66697995,Junction_1+
-0.2507286,-0.030536499,0.7694,66698196,Junction_1+
-0.29578492,-0.066461794,0.8068222,66698395,Junction_1+
-0.38978943,-0.03847,0.7167096,66698596,Junction_1+
-0.23905289,-0.0490979,0.6993457,66698796,Junction_1+
-0.26569748,-0.027093658,0.8696915,66698995,Junction_1+
-0.19474502,-0.060025178,0.8678952,66699196,Junction_1+
-0.22797592,-0.0676593,0.7550299,66699396,Junction_1+
-0.20657043,-0.06975494,0.80248123,66699596,Junction_1+
0.03847,-0.13127701,0.9782158,66699796,Junction_1+
0.0068856813,-0.047301635,0.91609496,66699995,Junction_1+
0.10777588,-0.04445755,0.89424044,66700196,Junction_1+
0.029638367,-0.069305874,0.6737489,66700395,Junction_1+
-0.001047821,-0.11735596,1.0617421,66700596,Junction_1+
0.030237122,-0.063917086,0.57794815,66700795,Junction_1+
-0.10044113,-0.09175918,0.87268525,66700995,Junction_1+
-4.4906617E-4,-0.11271561,1.0928774,66701195,Junction_1+
0.010627899,-0.0119750975,0.81819856,66701397,Junction_1+
-0.030835876,-0.084873505,0.5842351,66701596,Junction_1+
-0.105979614,-0.120349735,0.97492266,66701796,Junction_1+
-0.021854553,-0.13681549,1.1526031,66701996,Junction_1+
0.122744754,-0.17034577,0.8693921,66702196,Junction_1+
-0.08322693,-0.07319778,0.77703416,66702395,Junction_1+
-0.16645385,0.11061996,0.8202942,66702596,Junction_1+
-0.11256592,-0.14609618,0.852627,66702796,Junction_1+
0.04430786,-0.22213806,1.1317964,66702996,Junction_1+
-0.0055384827,-0.07798782,0.472717,66703196,Junction_1+
-0.07574249,-0.11406281,1.3424084,66703397,Junction_1+
-0.083376616,0.01751358,0.42840913,66703596,Junction_1+
-0.12558883,0.038320314,1.257984,66703796,Junction_1+
-0.09505234,-0.09789643,0.8940907,66703996,Junction_1+
-0.5354366,0.17468673,0.47151947,66704196,Junction_1+
-0.66671354,4.4906617E-4,0.96264815,66704395,Junction_1+
-0.20447479,-0.24743545,0.6635701,66704596,Junction_1+
-0.26539811,0.12169693,0.80846876,66704796,Junction_1+
-0.14310242,0.119900666,0.7592212,66704996,Junction_1+
-0.07918534,0.09325607,0.7990384,66705196,Junction_1+
0.11226654,-0.16630417,0.85053134,66705398,Junction_1+
0.053289186,0.042361908,1.1268567,66705595
-0.049996033,0.07783814,0.83571213,66705796
0.039068755,0.006286926,0.8490344,66705996
-0.040565643,-0.032033388,1.0458751,66706196
-0.21270767,0.18471588,0.77074724,66706396
-0.25506958,0.025147704,0.7738907,66706596
-0.23067032,-0.017962646,0.67449737,66706796
-0.16375946,-0.06316864,0.73212755,66706995
-0.07259903,-0.09190887,0.7424561,66707196
-0.25731492,-0.034428407,0.56312895,66707395
