-0.0019459534,-0.07065307,1.0115963,67254633
0.012723541,0.12409195,1.3001962,67254833
0.11256592,0.23022126,1.0475217,67255033
0.1115181,0.08666977,1.074765,67255233
0.14789246,-0.18291962,0.94812834,67255432
0.30686188,-0.5658234,0.6132747,67255633
-0.103734285,-0.93061477,0.7214996,67255833,Pothhole_3+
-0.2787204,-0.81954575,0.8282277,67256033,Pothhole_3+
-0.065863036,-0.85756665,0.7250922,67256233,Pothhole_3+
-0.06451584,-0.79065585,0.87373304,67256432,Pothhole_3+
-7.484436E-4,-0.84843564,0.45325744,67256633,Pothhole_3+
-0.09250763,-0.8032297,0.97597045,67256833,Pothhole_3+
-0.3635939,-0.41718248,0.4297563,67257033,Pothhole_3+
-0.24504043,-0.5292993,0.6439609,67257233
-0.38095778,-0.40969804,0.7391629,67257433
-0.32976425,-0.3528163,0.8626561,67257633
-0.23246658,-0.4327501,0.89648575,67257834
-0.3598517,-0.26210496,0.28440857,67258033
-0.26569748,-0.43903702,0.898282,67258233
-0.30102402,-0.13022919,0.41688308,67258432
-0.18860778,-0.05987549,1.0092014,67258633
-0.3598517,-0.07858658,0.24698639,67258834
-0.17468673,-0.2163002,0.7018904,67259033
-0.3213817,0.11226654,0.11660752,67431440
-0.2296225,-0.010029145,1.4203963,67431641
-0.3170407,0.09220825,0.0,67431840
-0.3412903,-0.31674135,1.1455678,67432040
-0.20522323,-0.343835,0.27108628,67432240
0.009879456,-0.26629624,0.506846,67432440
-0.1181044,-0.086819455,0.9794133,67432641
-0.0796344,-0.08202942,0.6700067,67432840
-0.033081207,0.016166382,1.1753558,67433041
-0.122744754,0.2335144,0.929567,67433240
0.066761166,0.318837,0.26105714,67433440,Pothhole_4+
-0.25911117,0.088016964,1.1307486,67433641,Pothhole_4+
-0.12558883,0.15088624,0.8069719,67433841,Pothhole_4+
-0.023950195,0.24399261,-0.38320312,67434041,Pothhole_4+
-0.01167572,-1.2102333,1.9332298,67434241,Pothhole_4+
-0.7191046,0.39517823,1.7919236,67434440,Pothhole_4+
0.20357665,0.29144394,0.866548,67434641,Pothhole_4+
-0.705932,-0.059276734,0.5906717,67434841,Pothhole_4+
-0.060324553,-0.121547244,-0.32886612,67435041,Pothhole_4+
-0.23725662,-0.12693603,1.1308982,67435241,Pothhole_4+
-0.3504213,-0.11750565,0.2853067,67435440,Pothhole_4+
-0.4020639,-0.10657837,1.3624667,67435641,Pothhole_4+
-0.14609618,0.09744736,1.1070977,67435841,Pothhole_4+
-0.40670425,-0.73332506,0.572709,67436041
-0.4300557,-0.22588028,0.7949968,67436241
-0.07274872,-0.5213658,-0.0086819455,67436440
-0.07155121,-0.33694932,1.0310559,67436641
0.4324507,0.15043716,1.0071057,67436840
0.008532257,-0.048948213,0.2535727,67437041
-0.05478607,0.28710297,1.8103354,67437241
0.104333036,0.12903167,0.47032195,67437440
0.25282425,0.16256195,1.1466156,67437641
-0.6227051,-0.18741028,1.0026151,68006194
-0.3875441,-0.20073257,0.5303471,68006393
-0.44786865,-0.09205856,0.5492079,68006594
-0.4315526,-0.25791368,0.70653075,68006793
-0.3186873,-0.17064515,1.1211685,68006993
-0.4315526,-0.1074765,0.42287064,68007194
-0.29623398,-0.2612068,1.1665242,68007393
-0.38140687,-0.26464966,0.52765274,68007594
-0.15283218,-0.106877744,0.7764354,68007793
0.19309846,-0.1525328,0.50519943,68018594
-0.3412903,-0.14400055,0.6084846,68018793,Pothhole_6+
-0.26195526,-0.36434233,1.1774515,68018994,Pothhole_6+
0.45505372,0.048798524,0.76640624,68019194,Pothhole_6+
0.17977615,-0.124690704,1.7067508,68019394,Pothhole_6+
-0.14564712,-0.07723938,-0.026195526,68019594,Pothhole_6+
-0.5372328,-0.5903723,0.41239244,68019794,Pothhole_6+
0.043709107,-0.5366341,0.030985566,68019994,Pothhole_6+
-0.2522255,-0.732876,1.2186159,68020194,Pothhole_6+
-0.14444962,-0.56746995,0.6224057,68020395,Pothhole_6+
-0.1871109,-0.6661148,0.7183562,68020594
-0.085023195,-0.68961596,0.98944247,68020794
0.052989807,-0.68123335,1.1716136,68020994
-0.20507355,-0.49038026,0.42646316,68021194
-0.0504451,-0.45849654,0.7529343,68021393
-0.34742752,-0.31255004,0.5105882,68021594
-0.18755996,-0.4369414,0.7177574,68021793
0.11376343,-0.49816406,0.99303496,68021994
-0.04954697,-0.3225792,0.9837543,68022194
-0.029488677,-0.22109024,1.0440788,68022397
-0.22543122,-0.36658767,0.90157515,68604689
-0.21929398,-0.54756135,0.73063064,68604889
-0.58962387,-0.043559417,1.1533515,68605089
-0.327968,0.3595523,0.81535447,68605289
0.050894164,-0.5233118,1.007405,68605488
-0.27033782,-0.4685257,-0.0755928,68605688
-0.37541932,-0.17199235,1.6155903,68605889
-0.6123766,-0.24788453,1.1211685,68606089
0.96145064,-0.21106109,1.0201286,68606289
-0.015417938,-0.23516098,0.5272037,68623088
-0.52570677,0.2841092,1.0289602,68623289,Pothhole_7+
-0.17169297,0.20612137,-0.0035925293,68623488,Pothhole_7+
-0.22273682,-0.2906955,0.5011578,68623689,Pothhole_7+
0.120948486,-0.33455428,1.4778768,68623889,Pothhole_7+
-0.19459534,-0.21046235,0.40116578,68624089,Pothhole_7+
0.56746995,0.09190887,0.5186714,68624289,Pothhole_7+
-0.07334747,0.05029541,1.75525,68624488
0.21809646,0.029937744,0.5360353,68624689
0.1261876,-0.00703537,0.16390915,68624889
0.30970597,-0.2201921,0.7271878,68625089
0.5502557,-0.48469207,2.2246737,68625289
0.27168503,-0.06990463,0.8759784,68625489
-0.07544312,-0.17274079,0.44906616,68625689
0.088016964,0.05373825,0.2269281,68625889
-0.16555573,-0.030087434,1.2942086,68626090
-0.11256592,-0.12543915,0.9744736,68626290
