0.2257306,-0.24623795,0.6116281,65826515
0.20118164,-0.3092569,0.9421408,65826715
0.15627502,-0.48648834,0.9837543,65826915
0.0011975098,-0.2586621,0.74634796,65827115
-0.03278183,-0.20387603,1.1943663,65827315
-0.0073347474,-0.29234207,0.79454774,65827515
-0.29503646,-0.23246658,0.6450087,65827715
-0.050744478,-0.40535706,0.8399034,65827915
-0.09610016,-0.123193815,0.49292496,65828115
-0.14684464,0.51837206,1.2850777,66028772
-0.19474502,0.04819977,0.7930508,66028973,Turn_1+
-0.40116578,0.24264541,0.27408004,66029173,Turn_1+
-0.3143463,0.3860472,0.6638695,66029372,Turn_1+
-0.34158966,0.39877075,0.3490741,66029574,Turn_1+
-0.72494245,0.25806335,0.893492,66029773,Turn_1+
-0.4044589,0.103883974,0.8798703,66029973,Turn_1+
-0.37631744,0.22453308,1.3037888,66030173,Turn_1+
-0.37856278,0.16914825,0.3198848,66030373,Turn_1+
-0.09175918,0.23905289,1.023272,66030573,Turn_1+
0.003293152,0.42676255,0.7747888,66030774,Turn_1+
-0.02694397,0.120948486,0.42825943,66030973,Turn_1+
-0.08666977,0.20342697,0.7312294,66031174,Turn_1+
0.0676593,0.24653733,0.87373304,66031374,Turn_1+
0.009580079,0.30162278,1.0457253,66031573,Turn_1+
0.028440857,0.21390519,0.024099885,66031773,Turn_1+
0.00464035,0.40415955,1.0111473,66031973,Turn_1+
-0.3221301,0.2242337,1.3268409,66032173,Turn_1+
-0.030985566,0.20447479,0.14669494,66032373,Turn_1+
-0.09595047,0.16795075,1.3765374,66032573,Turn_1+
-0.03847,-0.041912843,0.73841447,66032773,Turn_1+
0.042661287,0.16046631,0.9122031,66032973,Turn_1+
-0.08307724,0.22737716,0.952619,66033174,Turn_1+
0.08966354,0.20791763,1.2744498,66033374,Turn_1+
0.18336868,-0.2947371,0.9912387,66033574,Turn_1+
0.18621276,-0.12992981,0.36164796,66033774,Turn_1+
0.15388,-0.028889922,0.92148376,66033973,Turn_1+
0.08217911,-0.43813887,0.48618898,66034174,Turn_1+
0.123193815,-0.11960129,1.4284794,66034373,Turn_1+
0.054037627,0.038020935,1.6245717,66034573,Turn_1+
-0.09490265,0.4378395,1.0244696,66034773,Turn_1+
0.14280304,-0.0028440857,1.0086026,66034973,Turn_1+
0.09999207,-0.5484595,0.1407074,66035174,Turn_1+
-0.4779561,-0.123642884,0.7240443,66035373,Turn_1+
0.066761166,0.12888199,1.988465,66035573,Turn_1+
-0.082478486,0.45864624,0.64695466,66035774,Turn_1+
-0.1737886,0.17528549,0.4125421,66035974,Turn_1+
0.05254074,-0.6421646,1.2088861,66036174,Turn_1+
-0.06361771,0.13337265,1.0725197,66036374,Turn_1+
0.3607498,-0.123343505,1.2216096,66036574,Turn_1+
0.11885285,-0.29219237,0.6953041,66036774,Turn_1+
0.11855347,-0.46508285,0.88825285,66036974,Turn_1+
0.07858658,-0.41867936,0.63018954,66037174,Turn_1+
0.11825409,-0.33545244,0.35865417,66037374,Turn_1+
-0.07214996,-0.13726455,1.2759466,66037574,Turn_1+
0.008532257,-0.26839188,0.560734,66037774,Turn_1+
-0.016914826,-0.583786,1.1822416,66037974,Turn_1+
-0.1287323,-0.3143463,0.5167255,66038174,Turn_1+
0.038320314,-0.45071274,1.1355386,66038374,Turn_1+
-0.100141756,-0.21375549,0.6343808,66038573,Turn_1+
-0.17723145,-0.36404297,1.1478131,66038774,Turn_1+
-0.0755928,-0.23531067,0.47286665,66038974,Turn_1+
-0.048948213,-0.37182677,0.79290116,66039174
0.016316071,-0.4260141,1.3971945,66039374
0.03742218,-0.28845015,0.2612068,66039573
0.17408799,-0.5571414,1.3061838,66039774
0.13022919,-0.29129425,0.8455916,66039974
0.124391325,-0.5468129,0.81310916,66040174
0.17872833,-0.43574387,1.1603869,66040374
0.20118164,-0.1101709,0.58842635,66040573
0.2612068,-0.23037094,0.60174865,66040774
0.15358062,-0.5289999,0.72134995,66040974
-0.17797989,0.23067032,0.7258406,67036223
0.10717712,0.15358062,1.1286529,67036422
-0.08876541,0.22677842,0.8547226,67036623
0.0398172,0.31284943,0.8798703,67036823
0.010927277,0.31659165,0.8003856,67037023
-0.015118561,0.28710297,0.99872315,67037223
0.12723541,0.1992357,1.0078541,67037423
0.07499405,0.32602203,1.0776091,67037623
0.068407744,0.25970992,0.7972421,67037823
0.3344046,0.21405487,1.0469229,67038222
0.07364685,0.014968872,0.7710466,67038423,Turn_2+
0.021854553,0.086969145,1.0731184,67038623,Turn_2+
0.21540207,0.065713346,1.1520044,67038823,Turn_2+
-0.0477507,0.032482453,0.95980406,67039023,Turn_2+
-0.03876938,-0.0071850587,0.87088895,67039223,Turn_2+
-0.3248245,0.17812958,0.6724017,67039423,Turn_2+
-0.01287323,0.20118164,1.2603791,67039623,Turn_2+
-0.1486409,-0.102836154,0.69231033,67039823,Turn_2+
0.019010467,-0.08068222,0.6123766,67040023,Turn_2+
0.052989807,0.20776795,1.2539424,67040223,Turn_2+
0.19309846,0.28470793,1.0644364,67040422,Turn_2+
0.13127701,0.33994308,1.081052,67040623,Turn_2+
0.2745291,0.20776795,1.0846444,67040823,Turn_2+
0.21016297,-0.10178833,0.8493338,67041023,Turn_2+
-0.01751358,5.987549E-4,1.2907659,67041223,Turn_2+
-0.13397141,0.13412109,0.9457333,67041422,Turn_2+
-0.24608825,-0.013322297,0.41568556,67041623,Turn_2+
-0.09295669,-0.3824547,1.056952,67041823,Turn_2+
-0.19220032,-0.5749544,0.77718383,67042023,Turn_2+
-0.18276992,-0.8620573,0.7363188,67042223,Turn_2+
-0.5083429,-0.6397696,1.1910732,67042422,Turn_2+
-0.38275406,-0.29353958,0.6119275,67042622
-0.31299913,-0.12573853,1.1951147,67042823
-0.42317,-0.30401778,0.49681687,67043023
-0.4816983,-0.29009673,1.0455757,67043223
-0.20701951,-0.19549347,0.6870712,67043423
0.06556366,-0.17738113,0.86729646,67043623
0.012573852,-0.1672023,0.69036436,67043823
-0.0955014,0.12768447,1.2986994,67044023
-0.17034577,-0.09460327,0.8424481,67044223
-0.49457154,-0.17992584,0.49666718,67044423
-0.066162415,-0.07664063,1.1407777,67044623
-0.38814285,-0.006436615,0.53109556,67044823
-0.41867936,-0.085621946,0.6743477,67045023
-0.26464966,-0.22932312,1.1741583,67045223
-0.2230362,-0.0061372374,0.71790713,67045423
0.8595126,0.042062532,0.875679,67045623
0.40116578,-0.0703537,0.7250922,67045823
0.6372249,-0.2719844,0.72045183,67046023
0.27288255,-0.004191284,0.9698332,67046223
0.064665526,0.4418811,0.7958949,67076424
-0.05463638,0.41344026,1.1478131,67076625,Turn_3+
0.104183346,0.17064515,1.0684781,67076824,Turn_3+
0.2799179,-0.016316071,0.85247725,67077025,Turn_3+
0.07349716,0.1273851,1.1448194,67077225,Turn_3+
-0.18007553,0.21420456,0.6372249,67077424,Turn_3+
0.002694397,0.34952316,0.83002394,67077625,Turn_3+
-0.019609222,0.28336075,0.70653075,67077825,Turn_3+
0.024399262,0.26914033,1.4970369,67078025,Turn_3+
0.11346405,0.27827132,0.68946624,67078225,Turn_3+
0.14025833,0.3131488,1.1918216,67078424,Turn_3+
0.051642608,0.1432521,1.2852273,67078625,Turn_3+
0.36583924,0.04939728,0.6661148,67078824,Turn_3+
0.17348923,0.10059082,0.80772036,67079025,Turn_3+
0.20597167,-0.02933899,1.0813513,67079225,Turn_3+
0.10627899,0.07798782,0.84065187,67079424,Turn_3+
0.10867401,0.18262024,0.517923,67079625,Turn_3+
0.24444169,-0.0044906614,1.18299,67079825,Turn_3+
0.03278183,-0.010178833,0.81924635,67080025,Turn_3+
0.24354355,0.064216465,1.2410692,67080225,Turn_3+
0.31225067,-0.1207988,1.1235635,67080424,Turn_3+
0.2323169,-0.27258316,1.3774356,67080625,Turn_3+
0.2776726,-0.694406,0.5888754,67080824
0.121996306,-0.78092605,1.1847862,67081025
-0.102686465,-0.5626799,0.52121615,67081225
0.044906616,-0.6010002,0.3600014,67081424
-0.14415024,-0.71311706,0.9057664,67081625
-0.19609222,-0.7705975,0.7339238,67081825
-0.07858658,-0.7363188,1.2313395,67082025
-0.19235,-0.6502478,0.7262897,67082225
0.11136841,-0.68961596,0.85936296,67082424
0.17229171,-0.55863833,1.3647121,67082625
-0.34563124,0.0071850587,1.1205697,67222431
-0.23605911,-0.1525328,0.70518357,67222631
-0.2974315,-0.19833755,0.83032334,67222831
-0.24953109,0.0077838134,0.25521928,67223031
-0.0717009,-0.21914428,0.88885164,67223231
-0.3861969,-0.043858796,0.9665401,67223431
-0.21255799,-0.18262024,0.7845186,67223632
-0.19579285,-0.21151017,0.943488,67223831
-0.31000534,-0.26360184,0.3649411,67224031
-0.3992198,0.5536986,1.085842,67250033
-0.21809646,0.39188507,1.1413765,67250232,Turn_4+
-0.17408799,0.13471985,0.5465135,67250432,Turn_4+
-0.11406281,0.12558883,1.0820998,67250633,Turn_4+
-0.16600479,0.24369323,0.7879614,67250833,Turn_4+
-0.16480727,0.37736526,0.9017249,67251033,Turn_4+
-0.04819977,0.121397555,1.0708731,67251233,Turn_4+
-0.054337006,0.17528549,0.4261638,67251440,Turn_4+
0.07499405,0.03158432,1.045426,67251633,Turn_4+
0.040715333,-0.015268249,1.0924283,67251833,Turn_4+
0.17693207,-0.16226257,0.8782237,67252033,Turn_4+
0.20237915,-0.31494507,0.9172925,67252233,Turn_4+
0.09864487,-0.22064118,1.4295273,67252432,Turn_4+
0.1513353,-0.1633104,0.5562433,67252633,Turn_4+
0.19893631,-0.28321105,0.72539157,67252832,Turn_4+
-0.09729767,-0.35760635,0.7746391,67253033,Turn_4+
-0.23171814,-0.049996033,1.1163784,67253233,Turn_4+
-0.5267546,0.059276734,0.25776398,67253432,Turn_4+
-0.121846616,-0.26075774,1.2455598,67253633,Turn_4+
-0.30177248,0.008232879,0.590522,67253833,Turn_4+
-0.21719833,-0.11885285,0.64919996,67254033,Turn_4+
-0.05254074,-0.013921051,1.4648538,67254233,Turn_4+
-0.12708573,-0.15043716,0.6047424,67254432,Turn_4+
-0.0019459534,-0.07065307,1.0115963,67254633
0.012723541,0.12409195,1.3001962,67254833
0.11256592,0.23022126,1.0475217,67255033
0.1115181,0.08666977,1.074765,67255233
0.14789246,-0.18291962,0.94812834,67255432
0.30686188,-0.5658234,0.6132747,67255633
-0.355361,-0.061821442,0.37646714,67273433
-0.24099883,-0.30686188,1.2656181,67273633
-0.21001327,-0.09699829,0.5920189,67273834
-0.5008585,-0.11541,0.9837543,67274034
-0.21510269,-0.03517685,0.8789722,67274234
-0.33650026,-0.019459534,0.44771898,67274433
-0.39098695,0.12948075,1.3341756,67274634
-0.4206253,-0.2348616,0.7909552,67274834
-0.28171417,-0.23126908,1.0008187,67275034
-0.58977354,-0.839604,0.8014334,67323036
-0.45490402,-0.58213943,0.50924104,67323236,Turn_5+
-0.14310242,-0.6662645,1.0385404,67323436,Turn_5+
-0.25656646,-0.6661148,0.26794282,67323636,Turn_5+
0.20148101,-1.0056088,1.1888279,67323836,Turn_5+
0.17363891,-0.55833894,0.7072792,67324036,Turn_5+
0.54337007,-0.43304947,1.2982503,67324236,Turn_5+
0.07020401,-0.21031265,1.0886861,67324435,Turn_5+
0.2667453,-0.09729767,1.2261003,67324636,Turn_5+
0.59920394,-0.16001724,1.3533357,67324836,Turn_5+
0.44487488,-0.34069154,0.9707314,67325036,Turn_5+
0.35012192,0.017812958,0.7048842,67325236,Turn_5+
0.07439529,0.33350646,1.1470647,67325436,Turn_5+
0.24848327,0.29054582,0.6500981,67325636,Turn_5+
0.6514453,-0.013022918,1.6732205,67325836,Turn_5+
0.42571473,0.21121079,0.9900412,67326036,Turn_5+
0.84454376,0.25297394,1.2269984,67326236,Turn_5+
0.25027955,0.5788463,1.1341914,67326436,Turn_5+
0.8184979,0.44158173,1.031505,67326636,Turn_5+
0.5351372,0.19609222,1.3242961,67326836,Turn_5+
0.2745291,0.48559022,1.0689272,67327036
0.3873944,0.53902906,1.4558725,67327236
0.0955014,0.7324269,1.0623409,67327436
-0.07065307,0.45505372,1.7461189,67327636
0.4403842,0.07978409,0.9794133,67327836
-0.22378464,-0.022004241,0.954565,67389839
-0.26524842,-0.31494507,0.7753876,67390039
-0.3903882,-0.48828462,0.986299,67390239
-0.14759308,-0.25267455,0.32706985,67390438
-0.27827132,-0.11645783,0.8427475,67390638
-0.25132737,-0.21540207,0.71850586,67390838
-0.18651214,-0.02679428,0.3820056,67391038
-0.22064118,-0.432301,1.2346326,67391238
0.40505767,-0.27931917,0.082777865,67391438
-0.32093263,-0.445773,0.9225316,67425640
0.099543,-0.5502557,0.6532416,67425840,Turn_6+
-0.17079483,-0.68467623,1.0027647,67426040,Turn_6+
0.07574249,-0.72673875,1.2656181,67426240,Turn_6+
0.0019459534,-0.19444565,0.40505767,67426440,Turn_6+
0.20462447,-0.6021977,1.7157321,67426640,Turn_6+
-0.14624588,-0.23037094,0.11196716,67426840,Turn_6+
0.1845662,-0.7063811,1.2382251,67427040,Turn_6+
0.048798524,-0.50639695,1.142574,67427240,Turn_6+
0.199086,-0.07948471,-0.20821701,67427440,Turn_6+
0.32991394,-0.13337265,1.1150312,67427640,Turn_6+
0.3439847,-0.13576767,2.4201672,67427840,Turn_6+
0.07694,0.25417146,1.5190412,67428040,Turn_6+
0.0013471985,-0.044906616,1.2072395,67428240,Turn_6+
0.27408004,-0.082777865,-0.023950195,67428440,Turn_6+
0.053289186,-0.60459274,1.5382013,67428640,Turn_6+
0.06301895,-0.37990996,0.68302965,67428840,Turn_6+
0.27542725,-0.554447,1.5688875,67429041,Turn_6+
0.20013382,-0.103135526,0.6069878,67429241,Turn_6+
2.9937745E-4,0.16360977,1.3515395,67429440,Turn_6+
-0.22602996,0.23785537,1.4611115,67429641,Turn_6+
-0.17977615,0.75053924,0.52001864,67429841,Turn_6+
-0.26988876,0.540526,0.4697232,67430040,Turn_6+
-0.6620732,0.14953904,1.2268487,67430240,Turn_6+
-0.30311966,0.6218069,0.12858261,67430440
-0.4697232,0.26300308,1.4424005,67430641
-0.2694397,0.25656646,0.48618898,67430841
-0.30880782,0.11885285,0.9833052,67431040
-0.567919,0.06331833,1.0530602,67431240
-0.3213817,0.11226654,0.11660752,67431440
-0.2296225,-0.010029145,1.4203963,67431641
-0.3170407,0.09220825,0.0,67431840
-0.3412903,-0.31674135,1.1455678,67432040
-0.20522323,-0.343835,0.27108628,67432240
-0.6167175,-0.31509477,1.4084212,67599247
-0.004191284,-0.25776398,0.2773732,67599446
-0.21285737,-0.38574782,1.2051439,67599646
-0.3052153,-0.14504836,1.1686199,67599847
-0.560734,-0.123343505,0.7601193,67600046
-0.51552796,-0.052391052,0.86041075,67600247
-0.30371842,0.27647507,0.17797989,67600446
-0.4182303,0.18666184,0.8053253,67600646,Turn_7+
-0.07589218,0.46942383,1.3569282,67600847,Turn_7+
-0.26315278,0.42017624,0.45325744,67601047,Turn_7+
0.07484436,0.3412903,0.80906755,67601247,Turn_7+
-0.1844165,0.27976823,1.3799803,67601446,Turn_7+
-0.041613463,0.5601352,0.90217394,67601647,Turn_7+
-0.26449996,0.35521135,1.525328,67601847,Turn_7+
-0.5351372,0.6601273,0.7882608,67602047,Turn_7+
-0.083675995,0.25641677,0.57540345,67602246,Turn_7+
-0.3195854,0.36793488,1.5642471,67602446,Turn_7+
-0.23965164,0.29952714,0.31299913,67602647,Turn_7+
-0.29294083,0.10538086,0.039218444,67602847,Turn_7+
-0.21839584,0.12768447,1.9826272,67603047,Turn_7+
-0.067509614,0.29054582,1.379681,67603247,Turn_7+
0.10927276,0.12528946,0.62959075,67603446,Turn_7+
0.11765534,0.29922774,0.7710466,67603647,Turn_7+
0.1432521,0.35865417,1.1918216,67603847,Turn_7+
0.31299913,0.2853067,0.5284012,67604047,Turn_7+
0.13576767,0.09834549,1.4374608,67604247,Turn_7+
0.27243346,0.023201752,0.859812,67604446,Turn_7+
0.28171417,0.024249572,1.2630734,67604647,Turn_7+
0.24264541,0.13142669,1.2533437,67604847,Turn_7+
0.3767665,0.17812958,0.9581575,67605047,Turn_7+
-0.14669494,-0.2481839,0.7164102,67738252
-0.34218842,-0.22079086,0.6783893,67738451
-0.20851639,-0.16914825,0.900677,67738651
-0.13546829,-0.16899857,0.8988808,67738852
-0.2746788,-0.18351837,0.5366341,67739052
-0.05987549,-0.30356872,0.86714673,67739252
-0.05643265,-0.15043716,0.39263353,67739452
0.3132985,-0.1405577,0.9806108,67739652
0.46029282,-0.07379654,1.063239,67739852
-0.07259903,-0.16316071,0.66431856,67827987
-0.37317398,-0.1432521,0.82328796,67828188,Turn_8+
-0.14235397,-0.12933105,0.72105056,67828387,Turn_8+
-0.34623,-0.03592529,0.7351213,67828587,Turn_8+
-0.3239264,-0.064964905,0.7140152,67828787,Turn_8+
-0.09699829,-0.07589218,0.63363236,67828987,Turn_8+
-0.13816269,-0.07993378,1.3070819,67829187,Turn_8+
-0.18741028,-0.024249572,0.49576905,67829389,Turn_8+
-0.101189576,0.010328522,1.2082874,67829587,Turn_8+
-0.10867401,0.021854553,0.5983058,67829788,Turn_8+
-0.00943039,0.23875351,0.8569679,67829988,Turn_8+
0.08831634,0.18800904,1.3509407,67830188,Turn_8+
-0.012723541,0.2667453,0.18561402,67830387,Turn_8+
0.17932709,0.29668304,1.1600876,67830587,Turn_8+
0.13906083,0.3992198,0.77523786,67830787,Turn_8+
0.104931794,0.21540207,1.0701246,67830988,Turn_8+
0.25821304,0.21674927,0.96234876,67831188,Turn_8+
0.37257522,0.19010468,1.3867164,67831389,Turn_8+
0.31494507,0.15028748,1.0844948,67831587,Turn_8+
0.34413436,0.15837067,1.0056088,67831787,Turn_8+
0.44277924,-0.038170625,1.0129436,67831988,Turn_8+
0.2612068,-0.0034428407,1.5631993,67832188,Turn_8+
0.50011003,0.12588821,0.7858658,67832388,Turn_8+
0.3411406,0.1207988,1.178649,67832588,Turn_8+
0.21285737,0.1737886,0.70772827,67832788,Turn_8+
0.12933105,0.0011975098,0.9678873,67832988,Turn_8+
0.14310242,0.05643265,1.194516,67833187,Turn_8+
0.32572266,0.13741425,1.2534933,67833388,Turn_8+
0.11301498,0.2745291,0.9440868,67833588,Turn_8+
0.1513353,0.27393037,0.9714798,67833788,Turn_8+
0.17094451,0.11570938,1.0585986,67833988,Turn_8+
0.1088237,0.0067359926,1.0189312,67834188,Turn_8+
0.15313156,-0.07888596,1.3320799,67834388,Turn_8+
0.02005829,-0.027842103,0.66027695,67834588,Turn_8+
0.13831238,0.15208374,1.4391074,67834787,Turn_8+
-0.1407074,0.124241635,0.51433045,67834988,Turn_8+
0.029937744,0.10717712,1.7494121,67835188,Turn_8+
0.11002121,-0.10957214,0.44143203,67835387,Turn_8+
0.20761825,-0.35356477,1.2635225,67835588,Turn_8+
0.1685495,-0.18112335,0.63887143,67835788,Turn_8+
0.34024248,-0.084873505,1.2557387,67835988,Turn_8+
0.16899857,-0.09849518,0.72105056,67836188,Turn_8+
0.15238312,-0.25551865,0.92941725,67836388,Turn_8+
-0.08068222,-0.12723541,0.7731422,67836588,Turn_8+
-0.02933899,0.064665526,0.41927812,67836788,Turn_8+
-0.1511856,-0.04924759,0.39996827,67836988,Turn_8+
0.16480727,-0.3171904,1.0121951,67837188,Turn_8+
-0.17199235,-0.033380583,1.085393,67837389,Turn_8+
0.038020935,0.065114595,1.2451108,67837587,Turn_8+
-0.21854553,-0.24519013,1.0826985,67837788,Turn_8+
-0.21929398,-0.41508684,0.9008267,67837988,Turn_8+
-0.18411712,-0.55549484,0.7405101,67838188,Turn_8+
0.021405486,-0.75652677,0.54980665,67838388,Turn_8+
-0.060025178,-0.92208254,0.4682263,67838588,Turn_8+
-0.33949402,-0.70712954,0.95366687,67838788,Turn_8+
-0.069455564,-0.50220567,0.506846,67838988,Turn_8+
-0.28470793,-0.6727011,0.84065187,67839188,Turn_8+
-0.58977354,-0.43469605,0.2745291,67839388
-0.30940658,-0.46927413,1.1774515,67839588
-0.46358597,-0.37377274,1.2624747,67839788
0.101488955,-0.27782226,0.21600083,67839988
0.33949402,-0.24144791,0.9349558,67840188
0.13442047,-0.105530545,0.30117372,67840388
0.11915222,-0.07140152,0.41299117,67840588
-0.14175522,-0.20507355,0.39188507,67840788
-0.20297791,-0.30820906,1.9544857,67840988
-0.1977388,-0.2377057,0.23950195,67841188
-0.32736924,-0.50609756,0.040715333,67841388
-0.28740233,-0.40685394,1.1145822,67841588
-0.01287323,-0.17827927,1.3705499,67841789
-0.122445375,-0.11526032,0.3686833,67841988
-0.19220032,-0.017812958,0.7550299,67842188
-0.2122586,-0.19220032,1.0202783,67842388
-0.19354752,-0.35206786,0.18800904,67842588
-0.34233811,-0.3305127,1.8354831,67842788
-0.3954776,-0.015417938,0.6439609,67842987
-0.48364425,-0.522713,0.57225996,67873389
0.07753876,-0.47945297,1.1912228,67873589,Turn_9+
0.28081605,-0.5535489,0.72389466,67873789,Turn_9+
0.012723541,-0.5507048,0.69066375,67873989,Turn_9+
0.14789246,-0.497715,0.80936694,67874189,Turn_9+
0.19863693,-0.50220567,0.3252736,67874388,Turn_9+
0.22213806,-0.4894821,1.3895603,67874588,Turn_9+
0.24099883,-0.28994706,0.569865,67874789,Turn_9+
0.21824616,-0.3941304,1.0009685,67874989,Turn_9+
-0.03861969,-0.38065842,0.90187454,67875189,Turn_9+
0.10508148,-0.08831634,1.2091855,67875389,Turn_9+
0.021106109,-0.065114595,1.0485694,67875589,Turn_9+
0.19444565,-0.30087432,0.44532394,67875789,Turn_9+
0.22333556,-0.18681152,1.3274395,67875989,Turn_9+
0.391436,0.0067359926,-0.032931518,67876189,Turn_9+
0.39742357,-0.11690689,1.4389577,67876388,Turn_9+
0.35341507,0.3359015,0.861758,67876589,Turn_9+
0.13277389,0.2800676,1.127156,67876789,Turn_9+
0.30296996,0.42376876,1.2466077,67876989,Turn_9+
0.30641282,0.59980273,0.8002359,67877189,Turn_9+
0.3767665,0.67734146,1.2630734,67877388,Turn_9+
0.4698729,0.5258565,0.6372249,67877589,Turn_9+
0.24189697,0.29024643,1.0946736,67877789,Turn_9+
0.24968079,0.45265868,0.70832705,67877989,Turn_9+
0.35940263,0.31000534,1.0937755,67878189,Turn_9+
0.2481839,0.3411406,0.93226135,67878389,Turn_9+
0.47047165,0.13786331,1.135838,67878589,Turn_9+
0.35311568,0.40924895,1.165626,67878789,Turn_9+
0.26375154,0.035326537,1.0427316,67878989
0.06885681,0.22797592,0.8196954,67879189
0.12843293,0.07349716,1.0898836,67879389
0.25506958,-0.121397555,0.8012837,67879589
-0.21689896,-0.16585511,0.62390256,68180074
-0.30955628,-0.1486409,1.161285,68180274
-0.6547385,-0.28425887,0.8000862,68180473
-0.21165985,-0.2161505,0.72015244,68180674
-0.2505789,-0.19474502,0.9750723,68180874
-0.4297563,-0.35670823,0.93735075,68181074
-0.43080413,-0.21540207,0.49052992,68181274
-0.008232879,-0.1300795,1.4186,68181473
-0.026494903,-0.04954697,0.24878265,68181674
-0.2642006,0.0902623,0.83376616,68188874
0.03397934,0.07110214,1.1532019,68189074,Turn_10+
-0.15462846,0.2856061,0.9627979,68189274,Turn_10+
0.23111938,0.3435356,1.2717553,68189474,Turn_10+
0.4830455,0.2336641,1.1879296,68189674,Turn_10+
0.38934037,0.32287857,1.063688,68189874,Turn_10+
0.41718248,0.081430666,1.0333012,68190074,Turn_10+
0.4300557,0.19699036,1.3965957,68190274,Turn_10+
0.23710693,-0.20507355,0.27557695,68190474,Turn_10+
0.083376616,0.14774276,1.0440788,68190674,Turn_10+
0.21974304,0.010328522,0.89498883,68190875,Turn_10+
0.08876541,0.060174868,1.1985576,68191075,Turn_10+
0.23261628,-0.17723145,0.5439688,68191274,Turn_10+
0.1008902,0.0889151,1.3121713,68191473,Turn_10+
0.0076341247,0.03861969,0.25941056,68191674,Turn_10+
0.07334747,-0.07259903,0.61507094,68191875,Turn_10+
0.22992188,-0.20986359,1.7645307,68192075,Turn_10+
0.33635056,-0.022752685,0.979563,68192275,Turn_10+
0.4351451,-0.35236725,0.50744474,68192473,Turn_10+
0.22872436,-0.6306386,0.7432045,68192675,Turn_10+
0.65608567,-0.31120285,1.3588742,68192875,Turn_10+
-0.14669494,-0.25716522,0.916544,68193074,Turn_10+
-0.09849518,-0.35581008,0.26045838,68193274,Turn_10+
-0.32587233,-0.5628296,0.9663904,68193473,Turn_10+
0.051642608,-0.46014312,1.5232325,68193674,Turn_10+
-0.21824616,-0.5923183,0.5625302,68193874,Turn_10+
-0.3384462,-0.47032195,0.14235397,68194074,Turn_10+
-0.19833755,-0.38589752,1.0207274,68194274,Turn_10+
0.43215135,-0.31494507,1.6600479,68194473,Turn_10+
0.13846207,-0.30641282,0.72045183,68194674
-0.20447479,-0.17962646,0.7348219,68194874
-0.21420456,-0.20881577,0.48274612,68195074
-0.15358062,-0.42272094,0.9885443,68195274
-0.2174977,-0.50504977,0.87807405,68195474
0.0043409728,-0.3118016,1.3009447,68195675
-0.014819183,-0.13232483,0.77957886,68195875
-0.10987152,0.084125064,0.87552935,68196075
-0.18920654,-0.013621674,0.8918454,68196275
-0.044607237,-0.2309697,0.4950206,68196474
-0.011526031,0.1685495,-0.16286133,68265277
0.3600014,-0.030686188,0.05478607,68265476
-0.06780899,-0.19534378,2.003434,68265677
0.14564712,0.183219,0.9096584,68265877
-0.27243346,-0.11002121,0.6529422,68266076
-0.18067428,-0.15028748,0.09445358,68266277
-0.29518616,-0.2706372,0.6861731,68266477
-0.12918137,-0.37796402,0.89513856,68266676
-0.19953507,-0.24833359,0.41658372,68266877
-0.28979737,-0.45490402,0.81550413,68332279
-0.010178833,0.23171814,0.35625917,68332478,Turn_11+
-0.09714798,-0.20103195,0.8089178,68332679,Turn_11+
-0.30192214,-0.32901582,1.1331437,68332879,Turn_11+
-0.0071850587,0.063917086,0.5852829,68333079,Turn_11+
0.012124786,0.38020936,0.6676117,68333279,Turn_11+
-0.22857468,0.30820906,1.3196558,68333478,Turn_11+
-0.66596514,-0.103434905,0.38320312,68333679,Turn_11+
0.1580713,0.43813887,0.44756928,68333879,Turn_11+
-0.8840616,0.060773622,1.1304492,68334079,Turn_11+
-0.38963974,0.3546126,0.18696122,68334279,Turn_11+
0.06990463,0.21929398,0.9761202,68334478,Turn_11+
0.011526031,0.28695327,0.50609756,68334679,Turn_11+
-0.27557695,0.24938141,0.62165725,68334879,Turn_11+
-0.35476226,0.3252736,0.6453081,68335078,Turn_11+
-0.32856673,0.25312364,0.8960367,68335279,Turn_11+
0.04550537,0.38320312,1.1385324,68335478,Turn_11+
0.102237396,0.4674779,1.0165361,68335679,Turn_11+
0.28770173,0.78721297,1.5500267,68335879,Turn_11+
-0.09969269,0.6512956,0.6538403,68336079,Turn_11+
0.085172884,0.4326004,0.95501405,68336280,Turn_11+
-0.0981958,0.36209702,1.0172845,68336478,Turn_11+
0.04326004,0.24578887,0.48259643,68336679,Turn_11+
-0.14265335,0.41598496,1.2617263,68336879,Turn_11+
-0.3025209,-0.07753876,0.6743477,68337079,Turn_11+
-0.25372237,0.16390915,1.0856923,68337279,Turn_11+
-0.47047165,0.12169693,0.6030958,68337479,Turn_11+
-0.021405486,0.5721103,1.0940748,68337679,Turn_11+
-0.2893483,0.27827132,0.932411,68337879,Turn_11+
0.13591737,-0.07469467,0.60459274,68338079,Turn_11+
0.09624985,-0.03622467,1.9589763,68338279,Turn_11+
-0.050145723,0.25147706,0.717458,68338478,Turn_11+
0.23186783,0.07319778,0.65488815,68338680,Turn_11+
0.4752617,-0.033230897,1.4587166,68338880,Turn_11+
0.36928207,0.083526306,1.4205459,68339080,Turn_11+
0.29952714,-0.084125064,0.36718643,68339279,Turn_11+
0.1553769,-0.09325607,1.1163784,68339478,Turn_11+
0.14370117,-0.2853067,0.79993653,68339680,Turn_11+
0.35371444,-0.23875351,1.5720309,68339880,Turn_11+
0.13846207,0.1407074,0.77703416,68340080,Turn_11+
0.20627105,-0.14579682,1.3537848,68340279,Turn_11+
0.09909394,-0.25536895,0.35386413,68340478,Turn_11+
0.28231293,-0.16899857,0.9916878,68340679,Turn_11+
-0.122445375,0.11885285,0.5584886,68340879,Turn_11+
0.084125064,-0.07140152,1.3660593,68341078,Turn_11+
0.10627899,-0.28515702,0.97597045,68341279,Turn_11+
0.16495697,-0.0076341247,0.66536635,68341479,Turn_11+
0.058079224,0.26090744,0.5731581,68341680,Turn_11+
0.15313156,0.08951385,1.0942246,68341880,Turn_11+
0.15283218,0.043559417,0.9196875,68342080,Turn_11+
-0.04819977,-0.0077838134,1.280587,68342280,Turn_11+
0.038170625,-0.0059875487,0.6012996,68342479,Turn_11+
0.023201752,0.19714004,0.37856278,68342680,Turn_11+
-0.03158432,0.042511597,0.9952803,68342880,Turn_11+
0.015867004,0.27393037,0.6839278,68343080,Turn_11+
0.102387086,0.21046235,0.972827,68343279,Turn_11+
0.05373825,0.32033387,1.2100836,68343479,Turn_11+
0.30955628,0.18516494,0.6797365,68343680,Turn_11+
0.17259109,0.26494902,1.22625,68343880,Turn_11+
0.27677444,0.07065307,0.8770262,68344080,Turn_11+
0.26988876,0.13382171,0.9181906,68344280,Turn_11+
0.15986755,-0.22887406,0.5745053,68344479,Turn_11+
0.10298584,-0.5971083,0.8722362,68344680,Turn_11+
0.11690689,-0.49172744,0.5550458,68344880,Turn_11+
0.42676255,-0.7861652,1.2249027,68345080,Turn_11+
0.23710693,-0.4297563,0.48109955,68345279,Turn_11+
0.2520758,-0.7137158,0.46613067,68345479,Turn_11+
-0.02005829,-1.0806029,0.20148101,68345680,Turn_11+
0.14564712,-0.6956035,0.56193143,68345880,Turn_11+
0.24548951,-0.714614,0.65099627,68346080,Turn_11+
0.42930725,-0.62554914,0.7325766,68346279,Turn_11+
0.4128415,-0.5508545,0.38260436,68346479,Turn_11+
0.18815872,-0.51283354,1.5795153,68346679,Turn_11+
0.318837,0.0047900393,0.73691756,68347680,Turn_11+
0.497715,-0.2309697,0.3106041,68347880,Turn_11+
0.47316605,-0.18606308,1.6567547,68348080
0.49307466,0.25027955,0.8342152,68348280
0.75996965,0.104931794,1.5367044,68348479
0.5572911,0.17229171,0.6104306,68348680
0.4008664,0.16899857,0.7605684,68348880
0.17363891,0.10807525,0.7810757,68349080
0.09175918,0.24668701,1.2626244,68349280
0.22513184,0.2868036,0.9951306,68349479
0.21644989,0.102686465,1.027613,68349680
-0.010029145,0.1074765,0.92941725,68349879
-0.19579285,-0.24324417,1.0484198,68519486
-0.5571414,-0.1074765,0.775687,68519686
-0.2920427,-0.24713607,0.9369017,68519886
0.39772293,-0.0597258,0.66701293,68520086
0.53393966,-0.24533981,1.1702664,68520286
0.7197034,0.3555107,0.72958285,68520485
0.4487668,-0.11346405,0.7867639,68520686
0.5321434,-0.081580356,1.2042458,68520886
0.3264711,-0.1857637,1.0081536,68521086
-0.43544447,-0.84514254,1.1838881,68552487
0.14444962,-0.13726455,-0.22752686,68552687,Turn_12+
-0.0981958,-0.93091416,1.474883,68552887,Turn_12+
-0.14759308,-0.77014846,1.664838,68553087,Turn_12+
0.18995498,-0.6185138,1.0672805,68553287,Turn_12+
0.18935624,-0.41837996,0.02574646,68553487,Turn_12+
0.2348616,-0.6420149,0.7453001,68553687,Turn_12+
0.5037025,-0.7563771,1.2154725,68553887,Turn_12+
0.276026,-0.4483177,0.5028044,68554086,Turn_12+
-0.034278717,-0.305365,0.71730834,68554287,Turn_12+
0.104782104,-0.31210098,1.3894107,68554487,Turn_12+
0.047451325,-0.382305,0.6797365,68554687,Turn_12+
0.17348923,-0.25761428,0.79769117,68554887,Turn_12+
0.15597564,-0.176483,0.6731502,68555086,Turn_12+
0.123642884,-0.16570541,0.9451346,68555287,Turn_12+
0.1419049,-0.48259643,1.0300081,68555486,Turn_12+
0.1950444,-0.30416748,0.8225395,68555687,Turn_12+
0.13561799,-0.36434233,1.4895525,68555887,Turn_12+
0.027692413,-0.44352767,0.85412383,68556087,Turn_12+
0.1472937,-0.40865022,0.92807007,68556287,Turn_12+
0.27827132,-0.38005966,0.9249266,68556486,Turn_12+
0.24174729,-0.2839595,0.62285477,68556687,Turn_12+
0.19085312,-0.38559815,1.5778688,68556887,Turn_12+
0.1526825,-0.4044589,0.6734496,68557087,Turn_12+
0.255818,-0.41643402,1.2216096,68557287,Turn_12+
0.29803026,0.060025178,0.6372249,68557487,Turn_12+
-0.16570541,0.020207977,0.69754946,68557687,Turn_12+
-0.04101471,0.06361771,0.8294252,68557887,Turn_12+
0.06870712,0.31898665,1.1954141,68558086
-0.1513353,0.44741958,0.4369414,68558287
-0.11855347,0.24623795,1.3419594,68558487
-0.23171814,0.5069957,0.42107436,68558687
-0.40700364,0.2176474,1.4365627,68558887
-0.28336075,0.37018022,0.30356872,68559087
-0.07499405,0.15732284,1.2243041,68559287
-0.2996768,0.24998017,1.0503658,68559487
-0.18516494,0.13112731,0.8000862,68559687
-0.35491195,-0.21136047,1.0328522,68559887
-0.40116578,0.02933899,0.81415695,68560087
-0.2508783,0.001047821,0.5360353,68560287
-0.123193815,-0.030087434,0.38455033,68560486
-0.35625917,-0.039368134,0.3517685,68560687
-0.3873944,0.14684464,0.6706055,68560887
-0.07514374,-0.10538086,0.9196875,68561087
-0.12573853,-0.0038919067,-0.009580079,68561287
-0.09280701,-0.024399262,1.0677296,68561487
0.033380583,0.0809816,0.50250506,68561687
-0.2616559,-0.16016693,1.1076965,68590487
0.23830444,0.11346405,0.9292676,68590688,Turn_13+
0.26255402,0.4234694,0.5680687,68590888,Turn_13+
-0.05882767,0.2561174,1.1229647,68591088,Turn_13+
-0.1911525,0.33784744,0.5758525,68591288,Turn_13+
-0.23471192,0.084424436,1.0018666,68591488,Turn_13+
-0.27393037,-0.025147704,1.074765,68591688,Turn_13+
-0.20297791,0.03158432,0.7738907,68591888,Turn_13+
-0.07948471,0.030386811,1.0921289,68592088,Turn_13+
0.16001724,0.09759705,0.6411168,68592288,Turn_13+
0.012723541,0.36464173,1.3284874,68592487,Turn_13+
0.061222687,0.30446684,0.7583231,68592688,Turn_13+
0.11391312,0.41388932,1.2466077,68592888,Turn_13+
0.066461794,0.6092331,0.53364027,68593088,Turn_13+
-0.05493576,0.33979338,1.3563294,68593288,Turn_13+
-0.069305874,0.09190887,0.61761564,68593487,Turn_13+
0.3662883,0.5037025,1.3689034,68593688
0.032931518,0.6170169,0.80487627,68593888
-0.09265732,0.46643007,1.2172687,68594088
-0.03727249,-0.008382568,0.86325485,68594288
0.0371228,0.13621673,0.85247725,68626488
-0.18097366,-0.13861175,0.39532793,68626690
-0.054486696,0.12708573,0.4219725,68626890
0.032033388,-0.20642075,1.8037491,68627090
0.2695894,0.059426423,0.17408799,68627290
-0.5581892,0.3556604,0.45355684,68627489
-0.4724176,-0.29039612,1.2272978,68627689
-0.8390053,-0.27901977,0.36479142,68627890
-0.7921527,-0.38949004,1.2606784,68628090
-0.2574646,-0.9108559,1.4177018,68669691
0.10298584,-0.66671354,0.12528946,68669891,Turn_14+
-0.10627899,-1.0623409,1.1638298,68670091,Turn_14+
0.012723541,-0.80337936,0.21929398,68670291,Turn_14+
-0.38260436,-0.6189629,0.6360274,68670490,Turn_14+
0.08861572,-0.7310797,1.3404624,68670691,Turn_14+
-0.13337265,-0.34069154,0.9473799,68670891,Turn_14+
0.044756927,-0.6138734,1.5220349,68671091,Turn_14+
0.3848497,-0.67195266,1.4700929,68671291,Turn_14+
0.42287064,-0.6692583,0.6010002,68671491,Turn_14+
0.2829117,-0.13052857,0.90816146,68671691,Turn_14+
0.59097105,-0.18082398,1.3226495,68671891,Turn_14+
0.42781037,-0.16480727,1.339265,68672091,Turn_14+
0.05149292,0.22109024,0.44996428,68672291,Turn_14+
-0.33635056,-0.09430389,0.64096713,68672490,Turn_14+
-0.13112731,-0.03517685,0.8864566,68672691,Turn_14+
0.0291893,-0.11391312,1.8079404,68672891,Turn_14+
-0.02215393,-0.26225463,0.7018904,68673091,Turn_14+
-0.13412109,0.012723541,0.7680528,68673291,Turn_14+
-0.0043409728,-0.10777588,1.4453943,68673490,Turn_14+
-0.19279908,-0.40700364,1.332529,68673690,Turn_14+
-0.6680608,0.6941066,0.54980665,68673890
-0.34473312,0.2640509,0.9701326,68674091
-0.015567627,-0.12588821,1.5991246,68674291
-0.09505234,0.2776726,0.5598358,68674491
-0.3213817,0.26494902,1.1437715,68674691
-0.28994706,0.26330245,1.1114388,68674891
-0.23276596,0.73317534,0.5575905,68675090
-0.50100815,0.46508285,1.1418256,68675291
-0.23800507,0.31404695,0.7390132,68675491
-0.026045837,0.23785537,0.34817597,68675691
0.4845424,0.30132338,1.0623409,68675891
0.34218842,0.13217515,1.5813117,68676091
0.28755203,0.3408412,0.2640509,68676291
0.1567241,0.41224274,0.70548296,68676490
0.21255799,0.20881577,1.07237,68676691
-0.18262024,0.05957611,1.565744,68676891
0.18681152,0.41209304,0.9259744,68677091
-0.03847,0.59665924,0.07020401,68677291
-0.042661287,-2.9937745E-4,1.1805949,68677490
-0.11526032,1.1061996,1.5789167,68703291
-0.69725007,0.8759784,1.5049704,68703491,Turn_15+
-0.32721955,0.76251435,0.47825545,68703692,Turn_15+
-0.13546829,0.6500981,0.6487509,68703892,Turn_15+
-0.3546126,0.572709,1.5214362,68704092,Turn_15+
-0.28740233,0.40430924,0.56627244,68704291,Turn_15+
-0.34413436,0.6512956,2.0877085,68704492,Turn_15+
-0.2215393,0.32422578,0.48229706,68704692,Turn_15+
-0.36149827,0.16346008,1.2590318,68704892,Turn_15+
-0.45071274,0.43484575,2.51986,68705092,Turn_15+
0.16301101,0.21285737,0.3466791,68705292,Turn_15+
0.17723145,0.18741028,1.4456936,68705491,Turn_15+
0.20612137,0.29758117,1.7318985,68705692,Turn_15+
0.50205594,0.4179309,1.4525794,68705891,Turn_15+
0.1432521,0.46613067,0.50924104,68706092,Turn_15+
0.20612137,0.35326537,1.8112335,68706292,Turn_15+
0.18696122,0.17064515,1.6687299,68706491,Turn_15+
0.11256592,0.24129821,1.2153227,68706692,Turn_15+
0.37721556,0.31269974,1.1476635,68706892,Turn_15+
0.19309846,0.13771363,1.5801141,68707092,Turn_15+
0.10897339,-0.19190094,1.281036,68707292,Turn_15+
0.25372237,-0.16360977,0.70278853,68707491,Turn_15+
0.20911515,0.09101074,1.5356566,68707691,Turn_15+
0.8175998,-0.2812651,0.9105565,68707891,Turn_15+
0.4101471,-0.36988083,1.3251942,68708091,Turn_15+
0.51268387,-0.984353,1.6554075,68708292
0.601599,-1.1325449,1.0844948,68708491
0.46523255,-0.8140073,0.47675857,68708692
0.64919996,-1.0515633,0.8071216,68708892
0.043858796,-0.98255676,0.7250922,68709092
0.39248383,-0.8988808,0.9339079,68709292
0.6343808,-0.72015244,1.0059083,68709492
0.7041357,-0.61028093,0.91250247,68709692
0.75173676,-0.2799179,0.6655161,68709891
0.75173676,-0.63273424,1.3891113,68710092
0.62824357,-0.7033873,1.0042616,68710292
0.46134064,-0.51118696,1.3054353,68710491
0.39592665,-0.5755531,0.7807764,68710692
0.23980133,-0.56851774,1.1439213,68710892
0.15732284,-0.41882905,0.40146515,68711091
0.3992198,-0.56148237,1.3448035,68711292
0.29353958,-0.54471725,0.7855664,68711491
0.0059875487,-0.7759863,0.7165599,68711692
0.20851639,-0.6608757,0.4035608,68711892
0.16780105,-0.5481601,0.3716771,68712291
0.17797989,-0.7313791,0.14938934,68712492,Turn_16+
-0.055384826,-0.6728508,0.66791105,68712692,Turn_16+
-0.023800507,-0.74290514,1.1154803,68712892,Turn_16+
0.06915619,-0.8837622,0.5170248,68713092,Turn_16+
-0.38664597,-0.67105454,0.74904233,68713292,Turn_16+
-0.5878276,-0.38185593,0.6135741,68713492,Turn_16+
-0.1938469,-0.6655161,1.3784834,68713691,Turn_16+
0.0011975098,-0.434247,0.17079483,68713892,Turn_16+
-0.29668304,-0.33096176,0.9201366,68714092,Turn_16+
-0.18531464,-0.2974315,0.92747134,68714292,Turn_16+
0.20193009,-0.3344046,1.4299763,68714492,Turn_16+
0.013921051,-0.11361374,0.48603928,68714692,Turn_16+
0.36269578,-0.4803511,1.2603791,68714892,Turn_16+
-0.6315367,0.052989807,0.45445496,68715092,Turn_16+
-0.43185195,-0.21869522,1.5563136,68715292,Turn_16+
0.030087434,-0.6288423,0.5553452,68715492,Turn_16+
-0.19339782,-0.123493195,0.20986359,68715692,Turn_16+
-0.08951385,-0.3546126,0.67584455,68715892,Turn_16+
-0.4456233,-0.29683274,0.42691222,68716093,Turn_16+
-0.30970597,-0.17034577,0.8437953,68716292,Turn_16+
-0.46059218,0.027093658,1.2537928,68716492,Turn_16+
-0.5745053,0.24953109,1.0554552,68716692,Turn_16+
-0.7041357,0.42930725,0.97911394,68716892,Turn_16+
-0.36988083,0.75173676,0.9315129,68717091
-0.49442184,0.5571414,1.0415341,68717292
-0.41373962,0.5962102,1.2519965,68717492
-0.5505551,0.73347473,0.29937744,68717692
-0.21929398,0.23965164,1.0961705,68717892
-0.30296996,0.19205064,0.79020673,68718092
-0.31404695,0.23815475,0.69380724,68718292
-0.54756135,0.2163002,1.4043796,68718492
-0.10298584,0.38993913,1.259481,68718692
-0.5230124,0.28440857,0.55893767,68718892
-0.40670425,0.07798782,1.3552817,68719092
-0.22513184,-0.11406281,1.0109977,68719292
0.23321503,0.1790277,0.2415976,68719492
0.38065842,0.1526825,0.7005432,68719692
0.33410522,0.21480331,1.3579761,68719892
0.36015105,0.24324417,1.1722124,68720092
-0.029937744,0.2854564,0.78062665,68720292
-0.11166778,0.023201752,-0.6499484,68720492
-0.51028883,-0.06556366,0.9834549,68720692
-0.43095383,0.199086,0.45969406,68734693
-0.7327263,0.37511992,0.7189549,68734893,Turn_17+
-0.6402187,0.2017804,0.7432045,68735093,Turn_17+
-0.41493714,0.42661285,1.2011023,68735293,Turn_17+
-0.45595184,0.2017804,0.85532135,68735493,Turn_17+
-0.17872833,-0.266895,1.3018428,68735693,Turn_17+
-0.44756928,0.05583389,-0.5340893,68735893,Turn_17+
-0.103285216,0.00464035,1.1847862,68736093,Turn_17+
-0.2639012,-0.20222946,1.0639874,68736293,Turn_17+
0.036823425,0.14714402,1.2177178,68736493,Turn_17+
0.27108628,0.047451325,1.4385086,68736693,Turn_17+
-0.23875351,0.32976425,0.8313711,68736893,Turn_17+
-0.030686188,0.07604187,0.80906755,68737093,Turn_17+
-0.068557434,0.20252883,0.855471,68737293,Turn_17+
-0.17738113,0.05613327,0.972827,68737492,Turn_17+
0.49202684,-0.2363585,1.2846286,68737693,Turn_17+
0.050744478,0.15552658,0.52885026,68737893,Turn_17+
0.07259903,0.260159,1.2648697,68738093,Turn_17+
0.18905686,0.03278183,0.8515791,68738293,Turn_17+
0.11226654,-0.2719844,0.5825885,68738493
-0.030686188,-0.2881508,0.7674541,68738693
0.026494903,-0.27348128,1.2039464,68738893
-0.05613327,-0.38320312,0.979563,68739093
0.12409195,-0.30581406,1.2478051,68739293
0.106728055,-0.3903882,0.929567,68739493
-0.29832962,-0.42272094,0.778531,68739693
-0.123193815,-0.5650749,0.6951544,68739893
-0.028889922,-0.5780978,0.38275406,68740093
0.19324814,-0.5255571,1.3000466,68740293
-0.19714004,-0.13232483,1.1386821,69095998
-0.06451584,-0.2535727,0.9313632,69096199
-0.15867004,-0.0028440857,0.9145981,69096399
-0.15447876,0.107925564,0.61252624,69096599
-0.15163468,-0.104333036,0.8168514,69096798
-0.29234207,-0.104333036,1.0550061,69096998
-0.2348616,-0.18232086,0.46882507,69097199
-0.2616559,-0.20028351,0.68841845,69097399
-0.2230362,-0.3183879,0.93226135,69097599
-0.31928605,0.016316071,0.48738647,69100598
-0.13142669,-0.024998017,0.8307724,69100798,Turn_18+
-0.34428406,-0.6430628,0.8955876,69100999,Turn_18+
-0.18247055,-0.2561174,0.12588821,69101199,Turn_18+
0.024249572,-0.62674665,1.0991642,69101398,Turn_18+
0.0119750975,-0.18636246,0.9699829,69101598,Turn_18+
-0.13861175,-0.5911208,0.5760022,69101799,Turn_18+
0.051941987,-0.39353165,0.45475432,69101999,Turn_18+
0.0055384827,-0.2775229,1.2352313,69102199,Turn_18+
-0.08666977,-0.176483,0.2972818,69102398,Turn_18+
0.015567627,-0.63273424,0.9698332,69102599,Turn_18+
-0.16286133,-0.47166917,0.7937993,69102798,Turn_18+
0.14504836,-0.16884887,0.8731343,69102999
0.02350113,0.03592529,1.0750644,69103199
-0.26030868,0.0077838134,0.3516188,69103400
-0.22123992,-0.27542725,1.0288106,69103599
-0.30865815,0.021405486,0.47675857,69103799
-0.11600876,0.08951385,0.77419007,69103999
-0.28740233,-0.07229965,0.8551717,69104199
-0.23022126,0.24444169,0.5670209,69104399
-0.084424436,0.35655853,0.5956114,69104599
-0.09595047,-0.21330643,1.5492783,69104799
-0.09565109,-0.21689896,1.1148816,69289607
-0.11436218,-0.032482453,0.601599,69289807
0.032332763,0.21180955,1.0403366,69290007
-0.07080276,-0.27273285,0.81640226,69290205
-0.25042924,-0.039517824,0.43634263,69290407
-0.3912863,-0.14534774,1.1117381,69290606
-0.29219237,-0.2800676,0.58842635,69290806
0.4656816,0.087118834,0.85142946,69291006
0.21136047,-0.24264541,1.0647359,69291207
-0.13247451,-0.50205594,1.0635383,69318607
-0.105829924,-0.08831634,0.5228627,69318807,Turn_1+
-0.15881974,-0.07514374,1.6491207,69319007,Turn_1+
-0.33365616,0.17229171,0.97716796,69319207,Turn_1+
-0.26255402,-0.123193815,0.55160296,69319407,Turn_1+
-0.59441394,0.062270507,1.0856923,69319608,Turn_1+
-0.73212755,-0.27707383,0.56193143,69319808,Turn_1+
-0.40430924,-0.43439665,0.859812,69320008,Turn_1+
-0.36943176,-0.5147795,0.4552034,69320208,Turn_1+
-0.11855347,-0.48663804,1.0014175,69320408,Turn_1+
-0.25372237,-0.26300308,0.32811767,69320608,Turn_1+
-0.4324507,-0.7301816,1.0871892,69320808,Turn_1+
-0.16480727,-0.14280304,1.0951227,69321008,Turn_1+
-0.17393829,-0.5923183,0.7583231,69321208,Turn_1+
0.021106109,-0.56627244,0.5629793,69321407,Turn_1+
-0.1115181,-0.47690827,0.81804883,69321608,Turn_1+
0.36314484,0.18531464,0.85651886,69321808,Turn_1+
-0.22393432,-0.27303222,1.189726,69322008,Turn_1+
0.13097763,-0.1938469,0.18666184,69322208,Turn_1+
0.08083191,-0.5363347,1.2280463,69322408,Turn_1+
0.16959733,-0.2695894,0.52885026,69322608,Turn_1+
0.15208374,-0.33724868,1.5757731,69322808,Turn_1+
0.024249572,0.121846616,0.37541932,69323007,Turn_1+
0.06975494,-0.39203477,0.997825,69323208,Turn_1+
-0.138013,-0.0050894166,0.50265473,69323407,Turn_1+
0.06990463,-0.4406836,0.7183562,69323608,Turn_1+
-0.28440857,-0.581391,0.8690927,69323808,Turn_1+
0.34802628,-0.25027955,1.137784,69324008,Turn_1+
0.099543,-0.2243834,1.1166779,69324208
-0.046253815,-0.34248778,0.88196594,69324408
0.16046631,-0.3463797,0.47750703,69324608
0.018411713,-0.085472256,1.2015513,69324808
0.05987549,-0.25192612,0.49621812,69325008
-0.12394226,-0.29877868,1.1783496,69325208
0.06316864,-0.12633727,0.23815475,69325407
0.064665526,-0.068108365,1.3388159,69325608
-0.103285216,0.020657044,0.617466,69325808
0.22662872,0.18336868,0.2944377,69326008
-0.09714798,0.11406281,1.0665321,69326208
-0.047301635,0.15777192,0.6135741,69326407
-0.05643265,0.15732284,0.9595047,69326608
-0.25462052,0.10777588,0.4646338,69326808
-0.0291893,-0.022004241,0.8147557,69327008
-0.3409909,0.006436615,1.8685642,69327208
0.006286926,0.22513184,0.39877075,69327407
0.01871109,0.08876541,1.1735595,69327608
-0.34623,0.029039612,0.68123335,69327808
0.05613327,0.09894425,1.1970607,69375610
-0.053438872,0.13546829,0.626597,69375810,Turn_2+
-0.26270372,-0.021555176,0.8428972,69376010,Turn_2+
-0.12409195,0.40865022,0.34967285,69376210,Turn_2+
-0.0086819455,0.28066635,0.9273216,69376409,Turn_2+
-0.14579682,0.5484595,0.5866301,69376610,Turn_2+
-0.18232086,0.76281375,0.95067304,69376810,Turn_2+
-0.26375154,0.7728429,0.7324269,69377010,Turn_2+
-0.33754808,0.6541397,0.8253836,69377210,Turn_2+
-0.45595184,0.6011499,0.85053134,69377410,Turn_2+
-0.36583924,0.82328796,1.2117302,69377610,Turn_2+
-0.3080594,0.7041357,0.89004916,69377810,Turn_2+
-0.24264541,0.7711963,0.41164398,69378010,Turn_2+
-0.23246658,1.0144404,1.1241623,69378210,Turn_2+
-0.36583924,0.98570025,1.165626,69378409,Turn_2+
-0.09011261,0.9909393,0.62031007,69378610,Turn_2+
-0.2719844,0.83436495,1.4992822,69378810,Turn_2+
0.08113129,0.94708055,0.34533188,69379010,Turn_2+
0.002694397,0.567919,1.9660116,69379209,Turn_2+
0.14280304,0.599653,0.65458876,69379409,Turn_2+
0.25506958,0.27273285,0.97731763,69379610,Turn_2+
0.19893631,0.38125718,0.8786728,69379809,Turn_2+
0.07708969,0.19998413,1.3245955,69380009,Turn_2+
0.054337006,0.27887008,1.73115,69380209,Turn_2+
0.14684464,-0.15986755,-0.4472699,69380410,Turn_2+
-0.10762619,-0.32452515,-0.28994706,69380610,Turn_2+
-0.13696519,0.18591338,2.327061,69380810,Turn_2+
-0.07125183,-0.651595,1.857188,69381010,Turn_2+
0.5427713,-0.5090913,-0.5224136,69381209,Turn_2+
-0.10208771,-1.1705658,0.89783293,69381411,Turn_2+
0.10059082,-0.6119275,1.0807526,69381610,Turn_2+
0.27692413,-1.5416441,1.2783417,69381810,Turn_2+
0.44083327,-0.5303471,0.36733612,69382010,Turn_2+
0.2505789,-0.5346881,1.1765534,69382209,Turn_2+
0.34682876,-1.0720706,0.38185593,69382410,Turn_2+
0.32602203,-1.3504916,0.46164,69382609,Turn_2+
0.31135255,-1.161285,1.0828482,69382810,Turn_2+
0.0411644,-1.1464659,1.0547067,69383010,Turn_2+
-0.09505234,-0.70293826,0.48768586,69383210,Turn_2+
-0.17827927,-0.94588304,0.98105985,69383409,Turn_2+
-0.32452515,-1.0737172,0.46957353,69383610,Turn_2+
-0.2350113,-0.8878038,0.60489213,69383810,Turn_2+
0.06780899,-0.48109955,0.81819856,69384010,Turn_2+
-0.009729767,-0.3965254,0.49382308,69384210
-0.35206786,-0.80113405,1.0051597,69384410
-0.07978409,-0.42436752,0.63902116,69384611
-0.1790277,-0.8243358,0.99483126,69384810
-0.10732681,-0.3225792,0.51837206,69385010
-0.03487747,-0.20926483,1.19736,69385210
-0.03607498,-0.1273851,0.51687515,69385409
-0.061222687,0.033380583,1.0987152,69385610
-0.47481263,0.1845662,0.7345226,69385810
-0.010029145,0.2680925,0.94079363,69386010
-0.44173142,0.1672023,0.9792636,69386210
-0.09535172,0.4700226,0.9071137,69386409
-0.26060808,0.40146515,0.8186476,69386610
-0.18890716,0.27797195,0.46238846,69386810
-0.23980133,0.38065842,0.91519684,69387010
-0.39218444,0.47735733,1.111289,69387210
0.084873505,0.22408402,1.0211765,69387410
-0.35072067,0.068108365,1.3150154,69387610
-0.21989273,0.2559677,0.61282563,69387810
-0.40850052,-0.5962102,1.7452208,69419412
-0.047451325,0.14564712,1.0523117,69419612,Turn_3+
-0.15762222,-0.002694397,1.2787907,69419812,Turn_3+
-0.19594254,0.4975653,0.8137079,69420011,Turn_3+
-0.23516098,-0.104183346,0.5712122,69420211,Turn_3+
-0.15088624,0.5423222,0.9273216,69420411,Turn_3+
-0.35057098,0.5683681,0.7734416,69420612,Turn_3+
-0.29832962,0.47720763,0.7418573,69420812,Turn_3+
-0.011825409,0.66312104,0.7518864,69421012,Turn_3+
0.19354752,0.6471043,1.1530522,69421212,Turn_3+
0.106728055,0.8815169,1.3510904,69421412,Turn_3+
-0.14415024,0.58273816,1.4395565,69421612,Turn_3+
-0.021555176,0.5441185,0.55384827,69421812,Turn_3+
-0.04939728,0.76655596,1.0006691,69422011,Turn_3+
-0.14819184,0.99842376,1.140179,69422212,Turn_3+
0.069455564,0.58333695,1.2973522,69422412,Turn_3+
0.09849518,0.85382444,0.31494507,69422612,Turn_3+
0.012573852,0.8214917,0.9821077,69422812,Turn_3+
-0.10074051,0.6927594,1.0918295,69423012,Turn_3+
-0.057929534,0.81191164,1.2370276,69423212,Turn_3+
-0.24444169,0.77673477,0.8782237,69423411,Turn_3+
-0.20567231,0.4629872,1.2561878,69423611,Turn_3+
0.0028440857,0.52510804,0.4948709,69423812,Turn_3+
0.0981958,0.31120285,1.0713222,69424012,Turn_3+
0.020956421,0.16256195,1.4624588,69424212,Turn_3+
0.28201354,0.35266662,0.8551717,69424412,Turn_3+
0.34997222,0.3516188,1.0145901,69424612,Turn_3+
0.31734008,0.083675995,1.6184344,69424812,Turn_3+
0.44098297,0.12484039,1.2898678,69425012,Turn_3+
0.5090913,0.24953109,1.0108479,69425211,Turn_3+
0.39907014,0.09295669,1.3224999,69425411,Turn_3+
0.49846345,0.20507355,1.4106665,69425612,Turn_3+
0.5376819,0.20881577,1.069975,69425812,Turn_3+
0.5324428,-0.06795868,1.5030245,69426012,Turn_3+
0.58109164,0.10957214,1.024769,69426212,Turn_3+
0.5215155,0.0889151,1.3160633,69426411,Turn_3+
0.53453845,-0.21210891,1.2118798,69426611,Turn_3+
0.27153534,-0.101189576,0.7081773,69426812,Turn_3+
-0.09250763,0.023052063,1.481619,69427012,Turn_3+
-0.02335144,0.02469864,1.3558804,69427212,Turn_3+
0.24294479,0.31524444,0.69635195,69427412,Turn_3+
-0.00943039,0.2348616,0.6147716,69427611,Turn_3+
0.061522063,0.07289841,1.5364051,69427811,Turn_3+
0.037871245,0.30985564,1.2466077,69428012,Turn_3+
0.22797592,0.14310242,0.7424561,69428212,Turn_3+
0.023201752,0.28066635,1.099314,69428413,Turn_3+
0.09220825,-0.23037094,1.242117,69428612,Turn_3+
0.26764342,-0.30296996,0.98420334,69428812,Turn_3+
0.3305127,-0.45610154,1.0328522,69429012,Turn_3+
0.047451325,-0.60803556,0.6819818,69429212,Turn_3+
0.045954436,-0.6965016,1.3962964,69429412,Turn_3+
0.02469864,-0.30746064,0.60683805,69429611,Turn_3+
0.15822098,-0.4963678,1.1621833,69429812,Turn_3+
0.051043853,-0.4099974,0.3956273,69430011,Turn_3+
0.34458342,-0.7791298,0.6521938,69430212,Turn_3+
-0.013621674,-0.49666718,0.6047424,69430412,Turn_3+
0.38455033,-0.6553372,1.3001962,69430612,Turn_3+
0.068258055,-0.7710466,0.8120613,69430811,Turn_3+
0.42661285,-0.4510121,1.9035915,69431012,Turn_3+
0.1803749,-0.26060808,0.24938141,69431212,Turn_3+
0.11885285,-0.53858,0.31255004,69431411,Turn_3+
-0.2348616,-0.658331,0.771346,69431611,Turn_3+
0.15552658,-0.30102402,0.8741821,69431812
-0.124541014,-0.9912387,0.80113405,69432012
-0.083675995,-0.93794954,-0.18950592,69432212
-0.09669891,-0.90950865,1.5626006,69432411
-0.37586838,-0.8026309,0.16974701,69432612
-0.13651611,-0.7337741,0.99543,69432812
-0.3703299,-0.3055147,0.49427214,69433012
-0.21600083,-0.3197351,0.789608,69433212
-0.07155121,-0.42137375,0.5535489,69433412
-0.2616559,-0.45265868,0.3357518,69433612
