-1.2609777,0.32587233,10.477013,62754148
-1.1629317,0.2945874,10.721005,62754348
-1.4048287,0.07753876,10.341993,62754548
-1.1262579,-0.042062532,10.198742,62754748
-1.1548485,0.16914825,10.492131,62754948
-1.0482701,-0.056732025,10.5747595,62755147
-1.1741583,-0.055684205,10.441687,62755348
-1.1084449,-0.28710297,10.731783,62755548
-1.4751823,-0.28740233,10.2370615,62755748
-1.3271402,-0.16360977,10.840307,62755948
-1.3832735,-0.35745665,10.27643,62756148,BrokenRoad_1+
-0.9210347,-0.5522017,11.274405,62756348,BrokenRoad_1+
-1.2458593,-0.58992326,10.804682,62756548,BrokenRoad_1+
-1.0832973,-0.6737489,11.183992,62756748,BrokenRoad_1+
-1.0722203,-0.6360274,10.532996,62756948,BrokenRoad_1+
-1.35124,-1.0422826,10.059531,62757148,BrokenRoad_1+
-1.4061759,-1.1530522,11.038944,62757348,BrokenRoad_1+
-1.3269905,-1.083896,10.37747,62757547,BrokenRoad_1+
-1.4287789,-0.80367875,10.230925,62757748,BrokenRoad_1+
-1.219065,-0.95725936,10.912907,62757948,BrokenRoad_1+
-1.217568,-1.1005114,10.177036,62758147,BrokenRoad_1+
-1.1190729,-1.1910732,10.928175,62758348
-1.0711725,-1.1442206,10.140512,62758548
-1.0556048,-1.179098,10.750344,62758748
-0.9273216,-1.0885364,10.467732,62758948
-1.1744577,-1.2745994,10.739267,62759148
-1.10605,-0.92298067,10.12764,62759348
-1.0732682,-1.4389577,10.696457,62759548
-1.1418256,-1.4425502,10.852732,62759748
-1.0183324,-1.1439213,10.398875,62759948
-0.8921448,-0.9758208,10.363849,62760148
-1.2638218,-0.9861493,11.636801,63409734
-2.0240908,-0.24489075,10.356065,63409934
-1.6663349,-0.4324507,10.275831,63410135
-1.798959,-0.53423905,10.509945,63410335
-1.744622,-0.5468129,10.190509,63410535
-1.9245479,-0.3156935,10.570568,63410734
-1.7039067,-0.1260379,10.406509,63410934
-1.9755918,-0.26569748,10.597213,63411134
-1.8606308,-0.057779845,10.726544,63411334
-1.8065932,-0.0690065,10.491084,63411534
-1.9699036,-0.21390519,10.36295,63411734,BrokenRoad_1+
-1.8785934,-0.104482725,10.446775,63411934,BrokenRoad_1+
-1.8193167,-0.23920257,10.757529,63412134,BrokenRoad_1+
-1.8896704,-0.19803818,10.446775,63412334,BrokenRoad_1+
-1.7809964,-0.1803749,10.517878,63412535,BrokenRoad_1+
-1.8474582,-0.09714798,10.513687,63412735,BrokenRoad_1+
-1.72157,-0.6578819,10.264155,63412934,BrokenRoad_1+
-1.7289047,-0.4101471,10.554552,63413135,BrokenRoad_1+
-1.7019608,-0.36164796,10.9615555,63413335,BrokenRoad_1+
-1.6188835,-0.5144801,10.454709,63413535
-1.7181271,-0.42212218,10.287208,63413735
-1.9468515,-0.2242337,10.952424,63413934
-1.8506017,0.00464035,9.764645,63414135
-1.8271005,-0.33380586,11.005264,63414335
-1.8452128,-0.16989669,10.522069,63414534
-1.6542101,-0.2694397,10.583442,63414735
-1.8405725,-0.39892045,10.723102,63414934
-1.6833993,-0.39727387,10.803035,63415134
-1.7335451,-0.3634442,10.312056,63415334
-1.7551003,-0.4537065,10.4589,63415535
-1.7778529,-0.83661026,10.402917,63415735
-1.8229092,-0.44083327,10.307416,63415935
-1.785038,-0.27557695,10.826985,63416135
-1.7920734,-0.48738647,10.255025,63416334
-1.8529967,-0.5471123,10.502161,63416535
-1.8176701,-0.49307466,9.962683,63416735
-1.5914905,-0.43724075,10.846146,63416935
-1.8360819,-0.41059616,10.017319,63417135
-1.5072157,-0.11840378,10.374027,63435934
-1.3947995,-0.1592688,10.358609,63436135,BrokenRoad_2+
-1.5075151,-0.4761598,10.962454,63436334,BrokenRoad_2+
-1.5003301,-0.29653335,10.690469,63436534,BrokenRoad_2+
-1.6034656,-0.41598496,10.807975,63436735,BrokenRoad_2+
-1.3995895,-0.67135394,10.725047,63436935,BrokenRoad_2+
-1.4621594,-0.7595206,10.048305,63437135,BrokenRoad_2+
-1.7944684,-0.58273816,10.0786915,63437335,BrokenRoad_2+
-1.7733623,-0.08068222,10.610386,63437535,BrokenRoad_2+
-1.5428417,-0.60459274,10.515483,63437735,BrokenRoad_2+
-1.5214362,-0.021555176,10.447075,63437935,BrokenRoad_2+
-1.6033158,-0.16001724,10.530003,63438135,BrokenRoad_2+
-1.5144008,-0.46104127,10.718311,63438335,BrokenRoad_2+
-1.6910335,-0.55265075,10.917098,63438534,BrokenRoad_2+
-1.6828007,-0.49427214,9.900262,63438735,BrokenRoad_2+
-1.5548167,-0.32587233,10.647359,63438935,BrokenRoad_2+
-1.557062,-0.34473312,10.7719,63439135,BrokenRoad_2+
-1.746568,-0.35625917,11.335328,63439334,BrokenRoad_2+
-1.7188755,-0.03517685,10.275083,63439535,BrokenRoad_2+
-1.575324,-0.19025436,10.428514,63439734,BrokenRoad_2+
-1.5762222,-0.10508148,10.333911,63439935,BrokenRoad_2+
-1.6977695,-0.27692413,11.09867,63440135,BrokenRoad_2+
-1.6045134,-0.3240761,10.288705,63440334,BrokenRoad_2+
-1.3406122,-0.5718109,9.74758,63440535,BrokenRoad_2+
-1.608555,-0.6225554,10.907817,63440735,BrokenRoad_2+
-1.4917978,-0.5321434,10.31011,63440935,BrokenRoad_2+
-1.4946419,-0.4378395,9.7862,63441135,BrokenRoad_2+
-1.3870157,-0.7461983,10.481054,63441334,BrokenRoad_2+
-1.6997154,-0.19309846,11.432177,63441535,BrokenRoad_2+
-1.4364129,0.004191284,10.25218,63441734,BrokenRoad_2+
-1.4617103,-0.4869374,10.4059105,63441935,BrokenRoad_2+
-1.4540763,-0.17453705,11.119178,63442135,BrokenRoad_2+
-1.5793657,-0.058079224,10.174791,63442335,BrokenRoad_2+
-2.1308188,0.42017624,10.955418,63442535,BrokenRoad_2+
-1.7435743,-0.16271164,11.231145,63442735,BrokenRoad_2+
-1.575324,-0.41344026,9.8833475,63442935,BrokenRoad_2+
-1.7962646,-0.41314086,10.1333275,63443135,BrokenRoad_2+
-1.7841399,-0.3475772,10.957214,63443335,BrokenRoad_2+
-1.715283,-0.64186525,10.220596,63443535,BrokenRoad_2+
-1.9562819,-0.46912444,10.597961,63443735,BrokenRoad_2+
-1.745071,-0.73586977,10.603051,63443935,BrokenRoad_2+
-1.8597326,-1.3497432,11.033107,63444135,BrokenRoad_2+
-1.8434166,-1.3995895,10.722203,63444335,BrokenRoad_2+
-1.8631755,-0.90217394,9.668544,63444535,BrokenRoad_2+
-1.9136206,-1.6693286,10.76711,63444735,BrokenRoad_2+
-1.5932868,-1.7353413,10.038574,63444935,BrokenRoad_2+
-1.5929874,-1.853296,9.730665,63445135,BrokenRoad_2+
-1.557062,-1.7164806,9.880953,63445335,BrokenRoad_2+
-1.884581,-1.3662089,10.538236,63445535,BrokenRoad_2+
-1.7074993,-1.6465759,10.290051,63445735,BrokenRoad_2+
-1.8568885,-1.3058844,10.927277,63445935,BrokenRoad_2+
-1.7636325,-1.2428654,10.465786,63446135,BrokenRoad_2+
-2.0122654,-1.353186,11.096425,63446334,BrokenRoad_2+
-1.6106507,-0.88735473,9.815389,63446535
-1.7582437,-1.0304571,10.72849,63446735
-1.744622,-1.0303074,10.084229,63446935
-1.900448,-0.6595285,10.506501,63447135
-1.7905765,-0.7586224,9.80506,63447335
-1.9790345,-0.23007156,10.969339,63447534
-1.6106507,-0.88735473,9.815389,63446535
-1.7582437,-1.0304571,10.72849,63446735
-1.744622,-1.0303074,10.084229,63446935
-1.900448,-0.6595285,10.506501,63447135
-1.7905765,-0.7586224,9.80506,63447335
-1.9790345,-0.23007156,10.969339,63447534
-1.7413288,-0.23575974,10.507549,63447734,BrokenRoad_3+
-1.7863852,-0.27018815,10.338251,63447934,BrokenRoad_3+
-1.8446141,-0.24384293,10.117012,63448135,BrokenRoad_3+
-1.9922072,-0.2640509,11.075468,63448334,BrokenRoad_3+
-1.7995578,-0.104931794,10.607841,63448535,BrokenRoad_3+
-1.8625767,-0.15328126,11.089839,63448735,BrokenRoad_3+
-1.7197738,-0.33635056,10.128089,63448935,BrokenRoad_3+
-1.470542,-0.14968872,9.826915,63449135,BrokenRoad_3+
-1.8961071,0.019609222,10.983709,63449335,BrokenRoad_3+
-1.4879059,-0.3769162,10.508448,63449535,BrokenRoad_3+
-1.9691551,-0.55923706,10.895244,63449735,BrokenRoad_3+
-1.4654526,-0.8884026,10.24275,63449936,BrokenRoad_3+
-1.4238391,-0.8301737,9.918375,63450135,BrokenRoad_3+
-1.7449214,-1.235381,10.892848,63450336,BrokenRoad_3+
-1.8356328,-0.6399193,11.140433,63450534,BrokenRoad_3+
-1.8863772,-0.39053786,11.580817,63450734,BrokenRoad_3+
-1.1389815,-0.6542894,9.287586,63450935,BrokenRoad_3+
-1.7467177,-0.17049545,10.201137,63451135,BrokenRoad_3+
-1.4923966,-0.120200045,10.231224,63451335,BrokenRoad_3+
-1.7377363,0.20222946,10.985355,63451535,BrokenRoad_3+
-1.6504679,0.12663665,10.415491,63451736,BrokenRoad_3+
-1.5158976,-0.40969804,9.61765,63451935,BrokenRoad_3+
-1.7410295,-0.4219725,10.129585,63452136,BrokenRoad_3+
-2.186054,-0.33215928,10.890304,63452336,BrokenRoad_3+
-1.785038,-0.66132474,10.063573,63452535,BrokenRoad_3+
-2.0438497,-0.30820906,10.3898945,63452735,BrokenRoad_3+
-2.103426,-0.20163071,10.867551,63452935,BrokenRoad_3+
-1.9074833,-0.41164398,10.520273,63453135,BrokenRoad_3+
-2.0648062,-0.5492079,10.229129,63453335,BrokenRoad_3+
-2.0893552,-0.82238984,10.932964,63453535,BrokenRoad_3+
-2.3405328,-0.767005,11.211685,63453736,BrokenRoad_3+
-2.0598664,-0.70174074,9.994416,63453936,BrokenRoad_3+
-2.1526735,-0.8342152,10.538685,63454136,BrokenRoad_3+
-2.323169,-0.011526031,11.600576,63454336,BrokenRoad_3+
-2.073039,-0.10942245,10.035431,63454536,BrokenRoad_3+
-2.1715343,-0.02469864,9.945767,63454735,BrokenRoad_3+
-1.9434086,0.11600876,10.465487,63454935,BrokenRoad_3+
-2.3447242,0.7339238,10.932217,63455135,BrokenRoad_3+
-2.1977298,0.18651214,10.730137,63455335,BrokenRoad_3+
-2.2540128,0.1790277,10.1227,63455536,BrokenRoad_3+
-2.120191,0.36838394,10.179282,63455736,BrokenRoad_3+
-2.0728893,0.16390915,10.076745,63455935,BrokenRoad_3+
-2.323169,0.20148101,10.516232,63456136,BrokenRoad_3+
-2.1641996,-0.062719576,10.655592,63456336,BrokenRoad_3+
-2.0698957,0.3186873,10.024953,63456535,BrokenRoad_3+
-2.2318587,0.3118016,10.676847,63456735,BrokenRoad_3+
-2.1775217,0.30341902,9.9766035,63456935,BrokenRoad_3+
-2.1818628,0.59411454,10.874436,63457135,BrokenRoad_3+
-2.0719912,0.481848,10.746153,63457335,BrokenRoad_3+
-2.0661535,-5.987549E-4,10.54557,63457536,BrokenRoad_3+
-2.2764661,0.5942642,10.209669,63457736,BrokenRoad_3+
-2.135609,0.0050894166,9.958641,63457936,BrokenRoad_3+
-2.1074674,-0.21136047,10.736723,63458136,BrokenRoad_3+
-2.1963825,0.23321503,11.263328,63458335,BrokenRoad_3+
-2.0583696,0.11885285,10.165661,63458535,BrokenRoad_3+
-2.248175,0.11526032,10.622211,63458736,BrokenRoad_3+
-2.0050805,0.06256989,9.4976,63458936,BrokenRoad_3+
-2.309248,0.608784,10.675051,63459136,BrokenRoad_3+
-1.8408719,0.11975098,10.400822,63459336,BrokenRoad_3+
-1.8881736,0.6249504,9.8044615,63459536,BrokenRoad_3+
-2.1074674,0.31494507,10.544073,63459736,BrokenRoad_3+
-1.8079404,0.0185614,10.764116,63459936,BrokenRoad_3+
-2.143243,-0.255818,10.251881,63460136,BrokenRoad_3+
-2.0898042,-0.51687515,10.27164,63460335,BrokenRoad_3+
-1.8961071,-0.54217255,10.327773,63460536,BrokenRoad_3+
-1.72157,-0.5939648,9.817036,63460736,BrokenRoad_3+
-2.2222788,-0.5956114,10.241103,63460936,BrokenRoad_3+
-2.251468,-0.48858398,10.821297,63461136,BrokenRoad_3+
-2.0357666,-0.18905686,10.676847,63461336,BrokenRoad_3+
-2.0748353,-0.18905686,10.366094,63461536,BrokenRoad_3+
-2.0938458,-0.047151946,11.067086,63461736,BrokenRoad_3+
-2.1176462,-0.18950592,10.585687,63461935,BrokenRoad_3+
-2.1710851,-0.056881715,10.845696,63462136,BrokenRoad_3+
-1.9158659,-0.20686981,10.392439,63462336,BrokenRoad_3+
-2.0597167,-0.3743715,10.509496,63462535,BrokenRoad_3+
-2.0016375,-0.6959029,10.354118,63462736,BrokenRoad_3+
-2.0739372,-0.95636123,10.579101,63462936,BrokenRoad_3+
-1.9161654,-1.3278886,11.162887,63463137,BrokenRoad_3+
-2.0112176,-0.57390654,10.547068,63463336,BrokenRoad_3+
-1.6796571,-1.0617421,9.5666065,63463535,BrokenRoad_3+
-2.0672011,-1.2269984,10.668914,63463736,BrokenRoad_3+
-1.9850221,-0.8491841,10.9471855,63463936,BrokenRoad_3+
-1.7678238,-0.9681866,10.019415,63464136,BrokenRoad_3+
-2.1613555,-1.0244696,10.499616,63464335,BrokenRoad_3+
-2.0077748,-0.6243517,10.171349,63464536,BrokenRoad_3+
-1.977388,-0.88855225,10.542277,63464736,BrokenRoad_3+
-1.9625688,-0.68662214,10.979518,63464936,BrokenRoad_3+
-2.2122495,-0.4778064,10.493778,63465136,BrokenRoad_3+
-1.9919078,-0.44352767,10.624307,63465336,BrokenRoad_3+
-1.7784517,-0.20672013,10.365195,63465536,BrokenRoad_3+
-2.009571,-0.3580554,10.269545,63465736,BrokenRoad_3+
-2.2333558,-0.7668553,10.595716,63465936,BrokenRoad_3+
-1.9902612,-0.6514453,10.492131,63466136,BrokenRoad_3+
-1.8946102,-0.91849,10.352173,63466335,BrokenRoad_3+
-1.9374211,-0.8060738,10.027348,63466535,BrokenRoad_3+
-2.0670516,-0.95621157,10.90153,63466736,BrokenRoad_3+
-1.9576291,-0.68527496,10.311607,63466935,BrokenRoad_3+
-1.5371535,-1.0210267,8.850346,63467135,BrokenRoad_3+
-2.5647666,0.1392105,11.980487,63467336,BrokenRoad_3+
-1.8176701,-0.13202545,10.036778,63467536,BrokenRoad_3+
-1.5259268,-0.8571176,9.840386,63467736,BrokenRoad_3+
-2.458787,0.0411644,9.723031,63467936,BrokenRoad_3+
-1.9709514,-0.3305127,10.992392,63468136,BrokenRoad_3+
-1.9688557,-0.48873368,10.595118,63468336,BrokenRoad_3+
-2.068249,-0.298629,10.129436,63468535,BrokenRoad_3+
-2.0481908,-0.48289582,9.91553,63468736,BrokenRoad_3+
-2.3186784,-0.28515702,10.931767,63468936,BrokenRoad_3+
-2.2713766,-0.41718248,10.148746,63469136,BrokenRoad_3+
-2.389481,-0.298629,10.605446,63469336,BrokenRoad_3+
-1.9437081,-0.4315526,9.620045,63469536,BrokenRoad_3+
-1.9246975,-0.32901582,10.17539,63469736,BrokenRoad_3+
-2.3604414,-0.10193802,11.189681,63469935,BrokenRoad_3+
-1.9543359,0.18097366,9.906999,63470136,BrokenRoad_3+
-2.2498214,-0.2996768,10.877879,63470336,BrokenRoad_3+
-2.0676503,-0.35371444,9.691147,63470536,BrokenRoad_3+
-2.3221211,0.061522063,10.961705,63470736,BrokenRoad_3+
-2.2923331,0.37317398,10.548714,63470936,BrokenRoad_3+
-2.2867947,0.31464568,10.304571,63471136,BrokenRoad_3+
-2.0145109,-0.4472699,9.715696,63471335,BrokenRoad_3+
-2.1213884,-0.3517685,10.034084,63471536,BrokenRoad_3+
-2.271676,-0.15597564,10.376122,63471736,BrokenRoad_3+
-2.3354435,0.06436615,10.481653,63471935,BrokenRoad_3+
-2.362986,-0.22992188,9.894724,63472136,BrokenRoad_3+
-2.063908,-0.82972455,9.834549,63472336,BrokenRoad_3+
-2.108216,-0.25297394,10.404714,63472536,BrokenRoad_3+
-2.0285816,-0.19878662,10.896141,63472736,BrokenRoad_3+
-2.191892,-0.20612137,10.350825,63472936,BrokenRoad_3+
-2.0722907,-0.09610016,10.315648,63473136,BrokenRoad_3+
-2.0784278,0.33350646,9.597741,63473336,BrokenRoad_3+
-3.0066476,0.46538222,11.877051,63473536,BrokenRoad_3+
-2.6297314,0.55699176,10.1706,63473736,BrokenRoad_3+
-1.8862276,0.40371048,9.188044,63473936,BrokenRoad_3+
-2.7620564,0.9128018,11.4449005,63474136,BrokenRoad_3+
-2.8307633,0.5002597,10.005044,63474336,BrokenRoad_3+
-1.8995498,-0.14759308,10.026899,63474536,BrokenRoad_3+
-2.187551,-0.5719606,10.101444,63474736,BrokenRoad_3+
-1.8639239,-0.9758208,9.082962,63474936,BrokenRoad_3+
-2.1607566,-0.50385225,10.143506,63475135,BrokenRoad_3+
-2.6545799,-0.12064911,12.508438,63475336,BrokenRoad_3+
-2.3975642,0.09011261,10.7750435,63475536,BrokenRoad_3+
-1.9703526,-0.8890013,9.039253,63475736,BrokenRoad_3+
-2.4697142,0.007933502,9.909992,63475936,BrokenRoad_3+
-2.4563918,0.034578096,10.633438,63476136,BrokenRoad_3+
-2.17842,-0.8637039,10.46429,63476336,BrokenRoad_3+
-2.225123,-0.88451064,9.93993,63476536,BrokenRoad_3+
-2.396666,-0.53932846,10.399774,63476736,BrokenRoad_3+
-2.0207977,-0.8518785,10.380613,63476935,BrokenRoad_3+
-2.3851402,-0.8611592,10.603649,63477136,BrokenRoad_3+
-2.6023383,-0.13471985,10.648556,63477336,BrokenRoad_3+
-2.2146447,-0.75847274,9.822274,63477536,BrokenRoad_3+
-2.323169,-0.6104306,9.946516,63477736,BrokenRoad_3+
-1.9678079,-0.5812413,10.134376,63477936,BrokenRoad_3+
-2.3412812,-0.63497955,10.29589,63478135,BrokenRoad_3+
-2.3104453,-0.49921188,10.460847,63478336,BrokenRoad_3+
-2.3237677,-0.72673875,9.954599,63478536,BrokenRoad_3+
-2.340982,-0.8681946,10.434202,63478736,BrokenRoad_3+
-2.360741,-0.83182025,10.381362,63478935,BrokenRoad_3+
-2.2745202,-0.17977615,10.341545,63479136,BrokenRoad_3+
-2.3325994,-0.17109421,10.4124975,63479336,BrokenRoad_3+
-2.3321502,-0.22647904,10.054591,63479536,BrokenRoad_3+
-2.4415727,-0.2586621,10.578202,63479736,BrokenRoad_3+
-2.523153,0.21585113,10.686876,63479936,BrokenRoad_3+
-2.1929398,0.07349716,10.56982,63480136,BrokenRoad_3+
-2.3134391,0.14355148,9.9379835,63480336,BrokenRoad_3+
-2.3227198,0.26240432,10.701097,63480536,BrokenRoad_3+
-2.2893393,-0.11241623,10.9792185,63480736,BrokenRoad_3+
-2.2326074,-0.3983217,10.642269,63480936,BrokenRoad_3+
-2.2007236,-0.4564009,9.931697,63481136,BrokenRoad_3+
-1.9691551,-1.0118958,9.834998,63481336,BrokenRoad_3+
-2.219734,-0.8449928,10.778486,63481536,BrokenRoad_3+
-2.0833676,-0.5596861,10.236912,63481736,BrokenRoad_3+
-1.9041902,-0.7705975,10.05549,63481935,BrokenRoad_3+
-2.257755,-0.32078293,10.057137,63482136,BrokenRoad_3+
-2.1357586,-0.5920189,11.326346,63482336,BrokenRoad_3+
-2.1850061,-0.6024971,10.593021,63482536,BrokenRoad_3+
-1.9980451,-0.6993457,9.65612,63482736,BrokenRoad_3+
-2.0752845,-0.35386413,10.505903,63482935
-1.9116746,-0.6569838,10.571466,63483135
-2.084116,-0.56208116,10.496323,63483335
-1.9462527,-0.6396199,10.097702,63483536
-1.7920734,-0.90441924,10.44483,63483736
-1.7375866,-0.4035608,10.337204,63483936
-1.5645465,-0.45445496,10.208172,63484136
-1.7260606,0.3249742,10.902728,63484336
-2.0752845,-0.35386413,10.505903,63482935
-1.9116746,-0.6569838,10.571466,63483135
-2.084116,-0.56208116,10.496323,63483335
-1.9462527,-0.6396199,10.097702,63483536
-1.7920734,-0.90441924,10.44483,63483736
-1.7375866,-0.4035608,10.337204,63483936
-1.5645465,-0.45445496,10.208172,63484136
-1.7260606,0.3249742,10.902728,63484336
-1.733096,0.010478211,11.040891,63484535,BrokenRoad_4+
-1.6842974,0.032332763,10.529404,63484736,BrokenRoad_4+
-1.9255958,0.4245172,9.866134,63484936,BrokenRoad_4+
-1.8332378,-0.26494902,9.565109,63485136,BrokenRoad_4+
-2.2453308,0.020207977,11.207494,63485336,BrokenRoad_4+
-2.0203485,-0.18531464,10.346334,63485536,BrokenRoad_4+
-2.1004322,-0.43574387,10.741962,63485736,BrokenRoad_4+
-2.032174,-0.027692413,10.231224,63485936,BrokenRoad_4+
-1.8796413,-0.38260436,9.60313,63486136,BrokenRoad_4+
-2.4535477,0.16570541,11.652219,63486336,BrokenRoad_4+
-2.2517674,0.49172744,10.461595,63486535,BrokenRoad_4+
-1.9693048,-0.37197646,10.118359,63486736,BrokenRoad_4+
-2.2841003,0.5860313,10.287657,63486936,BrokenRoad_4+
-2.1785696,-0.005388794,9.712403,63487136,BrokenRoad_4+
-2.1694386,-0.1580713,10.923085,63487335,BrokenRoad_4+
-2.4556434,0.14639556,10.516531,63487536,BrokenRoad_4+
-1.9986438,-0.6810837,9.161249,63487736,BrokenRoad_4+
-2.2872436,-0.62480074,10.602452,63487936,BrokenRoad_4+
-2.3385868,-0.087268524,11.025173,63488136,BrokenRoad_4+
-2.08217,-0.34428406,11.057805,63488336,BrokenRoad_4+
-2.14953,-0.031883698,9.806408,63488536,BrokenRoad_4+
-2.1448896,0.10298584,10.871742,63488736,BrokenRoad_4+
-2.0453467,-0.08652008,10.502011,63488936,BrokenRoad_4+
-2.0959415,-0.2549199,10.3827095,63489136,BrokenRoad_4+
-2.0457957,-1.002166,10.924433,63489336,BrokenRoad_4+
-1.935026,-0.70787793,10.72834,63489536,BrokenRoad_4+
-1.7654288,-0.54187316,10.261162,63489736,BrokenRoad_4+
-1.5916401,-0.4565506,10.155631,63489937,BrokenRoad_4+
-1.5944842,-0.22363494,11.076067,63490136,BrokenRoad_4+
-1.2451108,-0.34188902,10.776989,63490336,BrokenRoad_4+
-1.3708493,-0.12708573,10.397379,63490536,BrokenRoad_4+
-1.7221687,0.18157242,9.633368,63490736,BrokenRoad_4+
-1.1494597,-1.5594571,10.325079,63490935,BrokenRoad_4+
-2.3778052,0.2228865,11.872261,63491136,BrokenRoad_4+
-1.6100519,-0.5822891,10.321936,63491336,BrokenRoad_4+
-2.0010388,0.13337265,9.096284,63491536,BrokenRoad_4+
-1.4314733,-1.3950989,9.872121,63491736,BrokenRoad_4+
-2.3339465,0.43304947,10.976375,63491935,BrokenRoad_4+
-2.3381379,-0.28830048,11.28608,63492136,BrokenRoad_4+
-2.2592518,0.32302827,10.574909,63492336,BrokenRoad_4+
-2.015858,-0.20492385,9.527388,63492535,BrokenRoad_4+
-2.0673509,-0.13486953,10.726395,63492736,BrokenRoad_4+
-1.9770886,0.09071136,10.321187,63492936,BrokenRoad_4+
-2.152973,0.022453308,10.482701,63493136,BrokenRoad_4+
-2.1613555,-0.21180955,10.470127,63493336,BrokenRoad_4+
-2.0299287,0.13696519,10.01657,63493536,BrokenRoad_4+
-2.103875,0.062719576,10.726095,63493736,BrokenRoad_4+
-2.0613635,0.11106903,9.871971,63493936,BrokenRoad_4+
-1.9315833,-0.24893235,10.89659,63494137,BrokenRoad_4+
-1.9142194,0.08128098,10.471624,63494336,BrokenRoad_4+
-1.6992663,0.25686586,9.732611,63494537,BrokenRoad_4+
-1.8815873,0.21525238,10.317595,63494735,BrokenRoad_4+
-1.6121476,-0.18875748,10.937006,63494935,BrokenRoad_4+
-1.6540604,0.029937744,10.418784,63495135,BrokenRoad_4+
-1.7962646,0.30820906,10.524165,63495337,BrokenRoad_4+
-1.8461109,0.16420853,10.76217,63495535,BrokenRoad_4+
-1.5861017,-0.10972183,9.956545,63495735,BrokenRoad_4+
-1.7865349,0.06197113,10.8224945,63495936,BrokenRoad_4+
-1.755699,0.21809646,10.759027,63496137,BrokenRoad_4+
-1.6465759,0.44173142,11.039693,63496337,BrokenRoad_4+
-1.7304016,0.2161505,10.923235,63496536,BrokenRoad_4+
-1.647025,0.20327729,10.280172,63496737,BrokenRoad_4+
-1.7221687,-0.026045837,10.570418,63496936
-1.5437398,-0.255818,10.741214,63497137
-1.628763,0.22049148,10.2563715,63497337
-1.7085471,-0.015567627,11.040891,63497536
-1.6387922,-0.24653733,10.172696,63497737
-1.7654288,-0.050145723,10.320588,63497936
-2.2363496,-0.21285737,11.040142,63498137
-2.2433848,0.05598358,10.150093,63498337
-2.569407,0.09729767,10.709629,63498536
-2.7740314,-0.10508148,10.22359,63498737
-2.3584955,-1.316662,10.203531,64073944
-2.0624113,-1.0746154,10.960807,64074144
-1.7994081,-1.3617183,10.430759,64074344
-2.0426524,-1.0587484,10.195,64074544
-2.074985,-1.5399976,10.384056,64074744
-1.8661693,-1.4361136,10.436597,64074945
-2.1962328,-1.4163547,10.415192,64075144
-2.071692,-1.2464579,9.799372,64075344
-2.074985,-1.2924124,10.637778,64075544
-2.199077,-1.3394147,10.76696,64075744
-2.390529,-1.1258088,10.316247,64075944,BrokenRoad_5+
-2.3358924,-1.1701168,10.427017,64076144,BrokenRoad_5+
-2.1200414,-0.78975767,9.833201,64076344,BrokenRoad_5+
-2.373165,-0.7908055,11.393108,64076544,BrokenRoad_5+
-2.1233344,-0.6047424,10.067615,64076745,BrokenRoad_5+
-2.4269032,-0.7458989,9.629326,64076945,BrokenRoad_5+
-2.2080584,-0.72673875,10.663674,64077145,BrokenRoad_5+
-2.3749611,-1.0078541,9.917626,64077345,BrokenRoad_5+
-1.9649638,-1.2906162,9.407637,64077545,BrokenRoad_5+
-2.037114,-1.3844709,10.39184,64077745,BrokenRoad_5+
-2.2350023,-0.6490503,9.922117,64077945,BrokenRoad_5+
-2.15432,-1.1681708,11.648626,64078145,BrokenRoad_5+
-1.9336789,-0.8449928,9.893676,64078345,BrokenRoad_5+
-2.4776478,-1.1741583,9.108559,64078545,BrokenRoad_5+
-2.0722907,-1.1487112,11.354039,64078745,BrokenRoad_5+
-2.0275338,-1.0859916,10.6906185,64078945,BrokenRoad_5+
-2.261647,-1.0193802,9.854009,64079145,BrokenRoad_5+
-2.4733067,-0.8839119,9.156908,64079345,BrokenRoad_5+
-2.1083655,-0.6888675,11.193124,64079545,BrokenRoad_5+
-2.1820126,-1.0485694,10.795251,64079745,BrokenRoad_5+
-2.6949956,-0.81295943,10.541678,64079945,BrokenRoad_5+
-2.510579,-0.8586145,8.864416,64080145,BrokenRoad_5+
-2.398612,-1.8308427,8.633596,64080345,BrokenRoad_5+
-2.238445,-1.6051122,12.188105,64080545,BrokenRoad_5+
-2.1830604,-1.0353969,10.610086,64080745,BrokenRoad_5+
-2.3453228,-0.97851515,9.509126,64080945,BrokenRoad_5+
-2.6090744,-0.9865984,9.618698,64081145,BrokenRoad_5+
-2.58243,-0.9032217,10.932964,64081345,BrokenRoad_5+
-2.5336313,-0.66716266,10.426269,64081544,BrokenRoad_5+
-2.5393195,-0.8608598,8.8388195,64081745,BrokenRoad_5+
-2.561623,-1.0395882,10.451566,64081945,BrokenRoad_5+
-2.410587,-1.1629317,10.255623,64082145,BrokenRoad_5+
-2.603985,-1.3295352,11.081007,64082345,BrokenRoad_5+
-2.3864872,-1.1277548,10.373728,64082545,BrokenRoad_5+
-2.6053321,-0.9608519,8.594677,64082745
-2.6692493,-1.0192305,9.934241,64082945
-2.4855812,-0.6135741,11.813434,64083145
-2.5530908,-0.5215155,10.618917,64083345
-3.153642,-0.5773494,9.863439,64083545
-2.824177,-0.694406,9.788744,64083745
-2.6029372,-0.6554869,11.595038,64083945
-2.4788451,-0.748743,10.170899,64084145
-2.7527757,-0.8211923,10.638976,64084345
-2.2266197,-0.82613206,9.484278,64084545
-1.695075,-1.3793815,10.494826,64679543
-1.4814693,-1.6266674,10.575059,64679743
-1.5476317,-1.1488609,10.314451,64679943
-1.7574953,-1.624422,10.922187,64680143
-1.5085629,-1.507066,10.389445,64680343
-1.7693207,-1.0654843,10.525362,64680543
-1.9380199,-1.4943424,10.597812,64680743
-1.8973045,-1.5323634,9.748478,64680943
-2.1694386,-1.6307089,10.664722,64681143
-3.4956808,-1.7991087,9.470206,64684143
-3.3976345,-2.168241,9.977502,64684343,BrokenRoad_6+
-3.1331346,-1.8755996,10.658436,64684543,BrokenRoad_6+
-2.7135572,-2.4295976,9.30989,64684743,BrokenRoad_6+
-2.3023622,-2.3366408,10.149794,64684943,BrokenRoad_6+
-2.831961,-0.8279283,11.408975,64685143,BrokenRoad_6+
-2.08696,-2.242936,9.986034,64685343,BrokenRoad_6+
-2.299518,-1.4400055,8.741073,64685543,BrokenRoad_6+
-2.6978397,-1.4530284,11.445948,64685743,BrokenRoad_6+
-2.6451495,-1.357527,11.216775,64685943,BrokenRoad_6+
-2.1302202,-0.8901988,9.235794,64686143,BrokenRoad_6+
-1.8559904,-2.8105555,9.5053835,64686343,BrokenRoad_6+
-2.857857,-0.7788304,10.96874,64686543,BrokenRoad_6+
-2.9216244,-1.0740166,10.522818,64686743,BrokenRoad_6+
-2.06301,-1.6829503,9.566906,64686943,BrokenRoad_6+
-3.1693592,-0.08966354,9.514515,64687142,BrokenRoad_6+
-3.507955,-0.93226135,11.708801,64687343,BrokenRoad_6+
-3.0036538,-1.6745677,10.0626745,64687543,BrokenRoad_6+
-2.8725266,-1.7733623,9.154963,64687742,BrokenRoad_6+
-2.9331505,-2.5239015,9.610166,64687943,BrokenRoad_6+
-2.8496242,-2.5569828,10.051598,64688143,BrokenRoad_6+
-2.8452833,-2.20252,10.048005,64688343,BrokenRoad_6+
-3.7763472,-1.6329542,10.139914,64688543,BrokenRoad_6+
-3.282973,-1.6076568,10.712173,64688743,BrokenRoad_6+
-2.9606931,-1.9034418,9.749077,64688943,BrokenRoad_6+
-3.1181657,-1.6643889,9.828861,64689143,BrokenRoad_6+
-2.9201276,-1.859583,9.899963,64689343,BrokenRoad_6+
-2.949317,-1.8178198,10.08902,64689543,BrokenRoad_6+
-2.7038274,-1.6655864,9.562116,64689742,BrokenRoad_6+
-2.405797,-1.6616945,10.470127,64689943,BrokenRoad_6+
-2.3734643,-1.5432907,10.211165,64690143,BrokenRoad_6+
-2.4667203,-1.6941769,10.04576,64690343,BrokenRoad_6+
-2.2941294,-1.7923727,10.0908165,64690543,BrokenRoad_6+
-2.357747,-1.5058686,10.100546,64690743,BrokenRoad_6+
-2.7184968,-2.0700452,11.235636,64690943,BrokenRoad_6+
-3.1352303,-1.5658937,10.284813,64691143,BrokenRoad_6+
-2.9249177,-1.3934523,9.947265,64691343,BrokenRoad_6+
-2.9003687,-1.4262341,10.064919,64691543,BrokenRoad_6+
-2.9448261,-1.7579443,10.614876,64691743,BrokenRoad_6+
-2.9086015,-1.7580941,9.893227,64691942,BrokenRoad_6+
-2.8731253,-1.6519647,10.014625,64692142,BrokenRoad_6+
-2.8773165,-0.91804093,9.672136,64692343,BrokenRoad_6+
-2.799179,-1.9288888,10.882669,64692543,BrokenRoad_6+
-2.6912534,-1.5491285,9.99756,64692743,BrokenRoad_6+
-2.8868966,-1.3925542,9.358389,64692943,BrokenRoad_6+
-3.1361284,-1.1576926,10.654095,64693143,BrokenRoad_6+
-2.582729,-1.0258168,10.243649,64693343,BrokenRoad_6+
-2.4162753,-1.4194981,10.253977,64693543,BrokenRoad_6+
-2.5738976,-1.3049862,9.735904,64693743,BrokenRoad_6+
-2.3993604,-1.3519886,10.320888,64693943,BrokenRoad_6+
-2.1607566,-1.472937,10.877729,64694143,BrokenRoad_6+
-2.1448896,-1.1087444,9.571695,64694343,BrokenRoad_6+
-1.9690055,-1.75525,9.917177,64694543,BrokenRoad_6+
-2.276915,-1.5664924,10.323731,64694743,BrokenRoad_6+
-2.342329,-1.0892848,10.722203,64694943,BrokenRoad_6+
-2.239493,-1.1386821,10.662028,64695143,BrokenRoad_6+
-1.9505937,-1.0367441,9.552984,64695343,BrokenRoad_6+
-1.929338,-1.4401551,10.639126,64695543,BrokenRoad_6+
-1.995201,-1.1008109,10.938054,64695743,BrokenRoad_6+
-1.9239491,-1.3846207,10.389745,64695943,BrokenRoad_6+
-2.0594175,-1.3805791,10.51219,64696143,BrokenRoad_6+
-2.1968317,-1.49075,10.27164,64696343,BrokenRoad_6+
-2.0481908,-1.6881894,10.868898,64696543,BrokenRoad_6+
-1.9904109,-1.1900253,9.855505,64696743,BrokenRoad_6+
-2.105821,-1.3126204,10.360256,64696943,BrokenRoad_6+
-2.0049307,-1.5211368,10.980566,64697143,BrokenRoad_6+
-1.6555573,-1.4953903,10.167457,64697343,BrokenRoad_6+
-1.5031742,-1.5997233,10.517878,64697543,BrokenRoad_6+
-1.9743942,-0.99722624,10.655143,64697743,BrokenRoad_6+
-1.8579364,-1.4641054,10.230925,64697943,BrokenRoad_6+
