-1.8615289,-0.6234535,10.020462,61662381
-1.7558486,-0.53828067,10.411449,61662581
-1.7693207,-0.651595,10.344838,61662781
-1.6866925,-0.72808594,10.166409,61662980
-1.509461,-0.77613604,10.65634,61663181
-1.2154725,-0.58977354,10.289453,61663381
-0.67329985,-0.82209045,10.766062,61663581
-0.7496411,-0.8161029,10.780432,61663781
-1.0629396,-0.7694,10.264305,61663981
-0.95321774,-0.51837206,10.589728,61665781
-1.1035053,-0.6180647,10.616223,61665981,Bumper_1+
-0.934357,-0.8400531,10.726544,61666181,Bumper_1+
-1.1726614,-0.6146219,10.607841,61666381,Bumper_1+
-0.17109421,-0.79230237,12.502301,61666581,Bumper_1+
-1.3847704,-0.21420456,6.750512,61666781,Bumper_1+
-1.9910097,-0.9804611,10.900332,61666981,Bumper_1+
-1.0738668,-0.4567003,12.437785,61667181,Bumper_1+
-1.0557545,-0.5239105,9.847721,61667380,Bumper_1+
-1.866319,-0.46029282,10.982062,61667580,Bumper_1+
-1.6622932,-0.23067032,10.240953,61667781,Bumper_1+
-1.8332378,-0.61911255,10.306667,61667981,Bumper_1+
-1.0503658,-0.9909393,10.778337,61668181,Bumper_1+
-1.9450552,0.5198689,11.663296,61668381,Bumper_1+
-1.524879,-0.97432387,9.674532,61668581,Bumper_1+
-2.5994942,-0.24593857,9.796827,61668781,Bumper_1+
-1.5871495,-0.4619394,11.431877,61668981,Bumper_1+
-3.2612681,0.03891907,9.876612,61669181,Bumper_1+
-3.6868331,0.065713346,10.239607,61669380,Bumper_1+
-2.2513185,-0.42781037,10.135872,61669581,Bumper_1+
-3.1787896,0.014370117,10.122849,61669781,Bumper_1+
-2.7696905,0.06361771,9.952803,61669981,Bumper_1+
-2.9828472,0.04655319,10.466984,61670181,Bumper_1+
-3.2698004,-0.33664992,10.306368,61670380
-2.8442354,-0.064815216,10.1012945,61670581
-3.0308971,-0.2802173,10.580897,61670781
-2.6990373,-0.2296225,10.255922,61670981
-2.4269032,-0.13097763,10.359358,61671181
-2.3785539,-0.03487747,10.28571,61671380
-1.737437,-0.37122804,10.396481,61671581
-1.253643,-0.36928207,10.289154,61671781
-1.3415103,-0.5071454,10.317295,61671981
-1.2355307,-0.45056304,10.76696,61672181
-0.99812436,-0.20073257,10.704391,62679948
-1.0804532,-0.42496628,10.565629,62680148
-1.0487192,-0.40326142,10.755883,62680348
-1.0535092,-0.6210585,10.818603,62680548
-1.0023156,-0.5192702,10.649454,62680748
-0.95785815,-0.45191026,10.541678,62680948
-0.959355,-0.3490741,10.341246,62681148
-0.83541274,-0.41837996,10.685081,62681348
-0.9403446,-0.54621416,10.615175,62681547
0.316891,0.22004242,11.075618,62703748
0.22273682,-0.03517685,12.137061,62703948,Bumper_2+
-0.40281236,-0.06795868,7.8516226,62704148,Bumper_2+
-1.3864169,-1.2302916,8.636141,62704348,Bumper_2+
-0.19220032,0.2667453,12.338841,62704548,Bumper_2+
-0.37062928,-0.11555969,11.225007,62704748,Bumper_2+
0.043110352,-0.43873763,10.034683,62704948,Bumper_2+
-0.834814,-0.047601014,11.288625,62705148,Bumper_2+
-0.84484315,-0.36703673,10.929971,62705347,Bumper_2+
-1.8753003,-0.05748047,9.714948,62705547,Bumper_2+
-1.465752,0.34952316,10.148596,62705748,Bumper_2+
-0.9940828,0.15956818,11.455828,62705948,Bumper_2+
-1.400787,0.23441254,10.2403555,62706148,Bumper_2+
-1.6209792,0.3713777,10.795401,62706348,Bumper_2+
-1.3991405,0.13816269,10.326277,62706548,Bumper_2+
-1.5611037,0.11615845,10.75259,62706748,Bumper_2+
-1.6226257,0.37122804,10.426269,62706947,Bumper_2+
-1.6108003,0.19878662,10.94479,62707147
-1.5727794,0.37227586,10.399175,62707348
-1.4223422,0.26255402,10.41609,62707548
-1.4470409,0.20627105,10.793755,62707748
-1.4799724,0.20567231,10.541529,62707948
-1.2684622,0.14310242,10.76217,62708148
-1.3928535,0.24668701,10.3336115,62708348
-1.2403207,-0.12558883,10.169702,62708548
-1.1434722,-0.28515702,10.464589,62708748
-1.2184662,-0.45490402,10.46414,62708948
-1.1927197,-0.47975236,10.526859,62709148
-1.2567865,-0.33635056,10.904973,62709348
-1.2855268,-0.5369334,10.4075575,62709548
-1.2570859,-0.48199767,10.259216,62709748
-1.1285033,-0.34593064,10.528207,62709948
-1.1439213,-0.18082398,10.812316,62710148
-1.0514135,-0.44352767,10.489587,62710348
-1.206042,-0.63632673,10.3319645,62710547
-1.2451108,-0.6225554,10.5940695,62710748
-0.45684996,-0.6768924,10.653795,62713947
-0.5860313,-0.66955763,10.591226,62714148,Bumper_3+
-0.57420594,-0.57480466,11.127411,62714348,Bumper_3+
-0.644859,-0.7282356,12.523856,62714548,Bumper_3+
-0.6182144,0.031135254,7.1470375,62714748,Bumper_3+
-0.7722441,-0.60519147,10.525512,62714948,Bumper_3+
-0.85023195,-0.86475176,12.335998,62715148,Bumper_3+
-0.95980406,-0.6264473,10.582244,62715348,Bumper_3+
-0.86325485,-0.41149428,11.057056,62715548,Bumper_3+
-1.2030482,-0.6701564,10.289303,62715748,Bumper_3+
-2.1616547,-0.5147795,9.44925,62715948,Bumper_3+
-1.1261083,-0.72703815,10.911559,62716148,Bumper_3+
-1.3413606,-0.3050656,10.609338,62716348,Bumper_3+
-1.7380357,-0.393831,10.624157,62716548,Bumper_3+
-1.5691868,-0.54875886,10.604697,62716748,Bumper_3+
-1.7501606,-0.38065842,10.603201,62716948,Bumper_3+
-1.8244061,-0.3450325,10.3143015,62717148,Bumper_3+
-1.5290703,-0.27422974,10.487042,62717348,Bumper_3+
-1.7121396,-0.4950206,10.760075,62717548
-1.5284715,-0.33739838,10.440339,62717748
-1.576821,-0.0981958,10.262809,62717948
-1.3278886,-0.4709207,10.992541,62718147
-1.4304254,-0.15702347,10.2122135,62718348
-1.4353652,-0.41134462,10.794652,62718548
-1.4663507,-0.17094451,10.346634,62718748
-1.2391232,-0.25761428,10.872191,62718948
-1.3811778,-0.060174868,10.484797,62719147
-1.2470567,-0.3610492,10.791658,62719348
-2.103426,-0.25147706,10.457554,63780864
-2.5839267,-0.32302827,10.140363,63781064
-2.2315595,-0.3767665,10.171648,63781264
-2.015858,-0.3983217,10.221495,63781463
-2.0824695,-0.4261638,10.474917,63781664
-1.7425264,-0.049696654,10.839409,63781864
-1.8410215,-0.21046235,10.466535,63782064
-1.5260766,-0.3556604,10.54572,63782264
-1.3650115,0.014370117,10.654843,63782463
-1.0585986,0.3608995,10.850785,63788064
-1.0377918,0.20477417,10.70888,63788264,Bumper_1+
-0.89798266,0.41224274,10.406809,63788463,Bumper_1+
-1.0599458,0.30386811,12.081975,63788664,Bumper_1+
-1.0451267,0.3980223,10.004894,63788864,Bumper_1+
-0.91549623,-0.14908996,8.931776,63789064,Bumper_1+
-1.6884887,0.50235534,12.351265,63789264,Bumper_1+
-1.2894187,0.033230897,10.664872,63789463,Bumper_1+
-0.53334093,0.3492238,10.37253,63789664,Bumper_1+
-1.2499008,0.4552034,10.77624,63789864,Bumper_1+
-1.0924283,0.1273851,11.481424,63790064,Bumper_1+
-1.366658,-0.107027434,9.626632,63790264,Bumper_1+
-1.3522879,0.00703537,10.1438055,63790463,Bumper_1+
-1.2537928,-0.1194516,11.15151,63790664,Bumper_1+
-1.3781841,0.13711487,10.359957,63790864,Bumper_1+
-1.3320799,-0.10777588,10.611283,63791063,Bumper_1+
-1.2868739,-0.11765534,10.647209,63791263,Bumper_1+
-1.0916798,-0.47810578,10.597961,63791463,Bumper_1+
-1.1776012,-0.22498214,10.653795,63791664,Bumper_1+
-1.1752062,0.088166654,10.489287,63791864,Bumper_1+
-1.0928774,-0.3156935,10.552156,63792064,Bumper_1+
-1.0401869,-0.21210891,10.44483,63792264
-0.9674382,-0.21136047,10.871742,63792463
-0.73467225,-0.37392244,10.636282,63792664
-0.74604857,-0.22737716,10.669363,63792864
-0.8012837,-0.24234603,10.68972,63793064
-2.1465364,-0.47870454,10.372081,63798664
-2.3263123,-0.658331,9.936038,63798864
-2.1092637,-0.83256865,10.74301,63799064
-2.3637345,-0.45804748,10.243349,63799264
-2.3242168,-0.62195665,10.525961,63799463
-2.2902374,-0.563578,10.145602,63799664
-2.4563918,-0.2800676,10.379865,63799864
-2.493814,-0.44158173,10.502011,63800064
-2.3770568,-0.68692154,10.574011,63800264
-2.485282,-0.23411316,10.612631,63800463
-2.293381,-0.10508148,9.901909,63800664,Bumper_2+
-2.2872436,0.017663268,10.9808655,63800864,Bumper_2+
-1.9739451,-0.1580713,10.284364,63801064,Bumper_2+
-2.1302202,0.38425094,12.721745,63801264,Bumper_2+
-1.6377443,0.21929398,8.134684,63801463,Bumper_2+
-1.9681073,-0.69754946,10.571466,63801663,Bumper_2+
-1.5889457,-0.19549347,11.2727585,63801863,Bumper_2+
-2.2567072,0.23995101,10.072404,63802064,Bumper_2+
-1.5278728,-0.35491195,10.819501,63802264,Bumper_2+
-1.7085471,-0.2505789,10.1068325,63802463,Bumper_2+
-1.4181509,-0.15208374,10.745555,63802664,Bumper_2+
-1.4874568,0.15732284,10.636881,63802864,Bumper_2+
-1.6093035,0.120050356,11.023676,63803064,Bumper_2+
-1.447939,0.20821701,10.258318,63803264,Bumper_2+
-1.34166,0.0,10.410701,63803463,Bumper_2+
-1.4540763,0.2336641,10.42043,63803664,Bumper_2+
-1.4811699,0.013621674,11.120375,63803864,Bumper_2+
-2.1647983,0.10193802,10.48345,63804064,Bumper_2+
-1.9221529,-0.37212616,9.89188,63804264,Bumper_2+
-2.0387604,-0.30446684,10.513388,63804463,Bumper_2+
-2.0318747,-0.3770659,10.144854,63804664
-2.1386027,-0.5932164,10.886561,63804864
-1.9285895,-0.5008585,10.590028,63805064
-1.9422112,-0.55833894,10.078093,63805264
-1.923051,-0.61073,10.9438925,63805463
-1.7580941,-0.65114594,10.476863,63805663
-2.0161574,-0.83376616,10.346035,63805864
-1.7501606,-0.7138655,10.819501,63806064
-1.9125727,-0.8147557,10.972333,63806263
-1.7143849,-1.1496093,10.311607,63806463
-1.9829265,-0.35146913,10.531949,63816264
-2.0712428,-0.52346146,10.568473,63816463
-1.9616706,-0.1061293,10.472373,63816664
-1.8729053,-0.3965254,11.0581045,63816864
-1.6974701,-0.42182282,10.483001,63817064
-1.8616786,-0.6149213,10.971135,63817264
-1.8779947,-0.56717056,10.519375,63817463
-1.916764,-0.5707631,10.465636,63817664
-1.8452128,-0.8403525,10.346484,63817863
-0.7327263,-0.69066375,10.801987,63824664
-0.70937485,-0.77523786,10.670112,63824863,Bumper_3+
-0.6554869,-0.62045974,10.661879,63825064,Bumper_3+
-0.7366182,-0.5292993,10.566078,63825264,Bumper_3+
-0.8002359,-0.65653473,10.871892,63825463,Bumper_3+
-0.8710387,-0.5137317,10.913955,63825664,Bumper_3+
-0.8342152,-0.78721297,11.660003,63825864,Bumper_3+
-0.8623567,-0.38425094,10.796598,63826064,Bumper_3+
-1.6829503,-0.44382706,8.71802,63826264,Bumper_3+
-1.6099021,-0.70428544,8.562494,63826463,Bumper_3+
-1.6438816,-0.39098695,12.1782255,63826664,Bumper_3+
-2.3233187,-0.55639297,11.687995,63826864,Bumper_3+
-1.7718654,-0.7337741,9.644744,63827064,Bumper_3+
-2.269281,-0.5493576,10.494227,63827264,Bumper_3+
-1.7310004,-0.35745665,10.081236,63827463,Bumper_3+
-1.5227834,-0.87672687,10.606943,63827664,Bumper_3+
-2.013912,-0.50235534,11.10376,63827864,Bumper_3+
-2.274071,-0.4788542,11.008258,63828064,Bumper_3+
-3.28926,-0.7655081,9.783655,63828264,Bumper_3+
-3.035837,-0.7288344,9.259295,63828463,Bumper_3+
-1.8480569,-0.99019086,11.028017,63828664,Bumper_3+
-2.287543,-0.66027695,10.734029,63828864,Bumper_3+
-2.4628286,-0.968486,9.844578,63829064,Bumper_3+
-2.3358924,-0.77718383,10.28122,63829264,Bumper_3+
-2.4019053,-0.8015831,10.568922,63829464,Bumper_3+
-2.227069,-1.1165282,10.240654,63829664,Bumper_3+
-2.4804919,-1.0849439,10.253827,63829864,Bumper_3+
-2.223626,-1.2954062,10.321786,63830064,Bumper_3+
-2.5194108,-0.8852591,10.366543,63830264,Bumper_3+
-2.3257136,-1.045426,10.089918,63830463,Bumper_3+
-2.4454646,-1.004561,10.644216,63830664,Bumper_3+
-2.4110363,-1.2909155,10.192005,63830864,Bumper_3+
-2.6295817,-1.1876303,10.81486,63831064,Bumper_3+
-2.5729995,-1.063239,10.438244,63831264
-2.3302042,-1.1478131,9.74713,63831463
-1.4103671,-0.8821156,10.289752,63831664
-1.2801379,-0.95531344,10.764116,63831864
-1.497935,-0.67329985,10.378668,63832063
-1.465752,-0.9650432,10.82923,63832264
-1.3491445,-0.66910857,10.2403555,63832463
-1.4398558,-1.0403366,10.972632,63832664
-1.7269588,-0.44173142,10.334659,63832864
-1.8676661,-0.86714673,10.340796,63833064
-1.5684384,-1.0458751,9.910591,63857464,Bumper_4+
-1.5269747,-1.0309062,10.316247,63857664,Bumper_4+
-1.6877403,-0.92118436,10.76681,63857865,Bumper_4+
-1.5105089,-0.9090596,10.171498,63858064,Bumper_4+
-1.4398558,-1.142574,10.239457,63858264,Bumper_4+
-1.4766792,-1.053659,10.845247,63858464,Bumper_4+
-1.5352075,-0.8418494,10.610086,63858665,Bumper_4+
-1.375789,-1.0557545,10.452614,63858865,Bumper_4+
-1.348396,-1.1542497,10.71906,63859064,Bumper_4+
-1.3138179,-1.2371773,10.3264265,63859265,Bumper_4+
-1.4376105,-1.2090358,10.8346195,63859464,Bumper_4+
-1.2232562,-1.309477,10.678195,63859665,Bumper_4+
-1.565744,-1.2446617,10.672057,63859865,Bumper_4+
-1.3870157,-1.1894265,10.479857,63860065
-1.4494358,-1.1832893,10.362651,63860265
-1.3974938,-1.3672568,10.412946,63860464
-1.1882291,-1.3458513,10.142908,63860665
-1.2681628,-1.2472064,10.676249,63860865
-1.1802956,-1.1663746,10.432855,63861065
-1.3335768,-1.0722203,10.535092,63861265
-1.4034815,-1.4663507,11.235037,63861464
-1.1677217,-1.3510904,9.884545,63861665
-1.4422508,-1.5663428,11.020682,63861865
-1.8300943,-0.69889665,10.783127,63896664,Bumper_5+
-1.997596,-1.0166858,10.662178,63896865,Bumper_5+
-2.5339308,-0.40535706,10.715467,63897065,Bumper_5+
-3.0085936,-0.79320055,9.244327,63897265,Bumper_5+
-2.2709277,-0.7816745,10.311308,63897464,Bumper_5+
-1.993255,-1.0324031,11.391761,63897665,Bumper_5+
-2.479893,-0.25372237,9.819131,63897865,Bumper_5+
-2.84678,-0.70174074,10.147099,63898065,Bumper_5+
-2.7364595,-0.058079224,11.05062,63898265,Bumper_5+
-2.5221052,-0.8358618,9.9572935,63898464
-2.3514602,-0.7523355,9.709409,63898665
-2.4941134,-0.63093793,10.484497,63898865
-2.3300545,-0.69320846,11.417657,63899065
-2.5791366,-0.43185195,9.701476,63899265
-2.4719596,-0.6611751,9.48817,63899465
-2.4801924,-1.065185,10.272688,63899665
-2.7303224,-0.7705975,10.021959,63899865
-2.5821304,-0.79679304,10.917248,63900065
-2.2818549,-0.60489213,10.414593,63900265
-2.970872,-0.9086105,10.301128,63900464
-1.8139279,-0.649649,10.119556,63900665
-1.4793736,-0.63363236,10.607541,63900865
-1.5325131,-0.3556604,10.625654,63901065
-1.6931291,-0.41478744,10.072254,63901265
-1.6344512,-0.40116578,11.037148,63901464
-1.5527211,-0.61282563,10.746003,63901665
-1.787433,-0.36943176,10.542577,63901865
-1.9968475,-0.5986052,10.808723,63902065
-1.2822336,-0.32587233,10.65634,63908666
-1.2105327,-0.3028203,10.284963,63908865,Bumper_6+
-1.4111155,-0.5893245,11.383079,63909065,Bumper_6+
-1.4389577,-0.25836274,10.353819,63909265,Bumper_6+
-1.38013,-0.14669494,8.903036,63909464,Bumper_6+
-1.1985576,-1.2457095,9.164842,63909665,Bumper_6+
-1.5444882,-0.5673202,11.975247,63909865,Bumper_6+
-1.8121316,-0.3835025,10.907517,63910065,Bumper_6+
-1.8543439,-0.9849518,10.991793,63910265,Bumper_6+
-2.0127146,-0.9770183,10.461894,63910464,Bumper_6+
-2.6984386,-0.76640624,9.109158,63910664,Bumper_6+
-2.053879,-0.7152127,10.16581,63910865,Bumper_6+
-2.1420455,-0.8785231,10.878478,63911065,Bumper_6+
-2.1585114,-0.7792795,9.784553,63911265,Bumper_6+
-2.2031186,-0.6512956,10.828781,63911464,Bumper_6+
-2.272125,-0.7890093,10.11761,63911665,Bumper_6+
-2.2974224,-1.0806029,10.589878,63911865,Bumper_6+
-2.081272,-0.782872,9.932146,63912064
-2.435136,-0.84708846,11.156301,63912265
-2.1739292,-0.8957373,10.887759,63912464
-1.8923649,-0.9877959,9.951905,63912665
-1.9806812,-1.1286529,9.692944,63912865
-2.13516,-1.2859758,10.5747595,63913066
-1.8354831,-1.0262659,10.611433,63913265
-1.7432748,-0.90786207,10.485695,63913464
-1.9681073,-1.1298505,10.223889,63913665
-2.1032763,-1.2942086,11.103311,63913865
-2.0236418,-0.97402453,10.777588,64027542
-1.6911832,-0.95755875,9.958042,64027742
-1.7154328,-1.2638218,10.211764,64027943
-1.9193088,-1.1114388,10.803484,64028143
-1.6539106,-1.4584172,10.5306015,64028342
-1.6841478,-1.4702426,10.153835,64028542
-1.8833835,-1.3334271,10.988649,64028743
-1.5615528,-1.624871,10.028396,64028943
-1.7085471,-1.7257613,10.246343,64029143
-1.8848804,-1.541195,10.20922,64071944
-1.9170635,-1.662892,10.308912,64072144,Bumper_7+
-2.0285816,-1.920656,11.721825,64072345,Bumper_7+
-2.1363573,-1.5899936,9.921219,64072545,Bumper_7+
-2.2050645,-1.5548167,9.268426,64072743,Bumper_7+
-2.1851559,-1.726809,10.36295,64072943,Bumper_7+
-2.0929477,-1.5036232,11.064241,64073143
-2.2604494,-1.163231,10.356065,64073344
-2.4191194,-1.50512,10.706186,64073544
-2.045197,-1.389261,10.127939,64073744
-2.3584955,-1.316662,10.203531,64073944
-2.0624113,-1.0746154,10.960807,64074144
-1.7994081,-1.3617183,10.430759,64074344
-2.0426524,-1.0587484,10.195,64074544
-2.074985,-1.5399976,10.384056,64074744
-1.8661693,-1.4361136,10.436597,64074945
-2.234254,-1.163231,10.374476,64084745
-2.6902056,-0.6481522,10.262509,64084945
-2.4141798,-0.6261479,9.993519,64085145
-2.6256897,-0.6825806,10.200238,64085345
-2.7009833,-0.6294411,11.123817,64085545
-2.4517515,-0.4324507,10.375823,64085745
-2.5228536,-0.9181906,10.009235,64085945
-2.5117767,-1.0575508,9.731264,64086145
-2.4927664,-0.91609496,10.466535,64086345
-2.4661217,-0.7548802,10.336605,64138346
-1.8679656,-0.53992724,10.437645,64138546,Bumper_8+
-1.9278411,-0.6116281,11.122171,64138746,Bumper_8+
-2.3150856,-1.0084529,12.619208,64138946,Bumper_8+
-1.9276913,-0.26929,9.294621,64139146,Bumper_8+
-2.0101697,-0.58333695,7.1340146,64139346,Bumper_8+
-2.4536974,-0.8400531,9.271719,64139546,Bumper_8+
-2.350113,-0.98001206,12.664564,64139746,Bumper_8+
-2.3734643,-0.710722,12.235107,64139945,Bumper_8+
-2.5035439,-0.34293687,10.407408,64140146,Bumper_8+
-2.8936327,-0.4617897,8.807983,64140346,Bumper_8+
-2.6153612,-0.4869374,9.926308,64140546,Bumper_8+
-2.413581,-0.3546126,10.706935,64140746,Bumper_8+
-2.6204507,-0.11541,10.649005,64140946,Bumper_8+
-2.6384134,0.033081207,10.518027,64141146,Bumper_8+
-2.4444168,-0.2865042,9.25256,64141345,Bumper_8+
-2.564018,-0.6734496,10.110874,64141546
-2.2805076,-0.4552034,10.196945,64141746
-2.4330404,-0.86355424,10.801538,64141946
-2.4709117,-0.78406954,10.462643,64142146
-2.7762766,-0.37916154,10.4833,64142346
-2.4403753,-0.30626312,10.734926,64142546
-2.285148,-0.5108876,10.336306,64142746
-2.54875,-0.24698639,9.908794,64142946
-2.64964,-0.17393829,10.229577,64143146
-2.198628,-0.49576905,10.370884,64143346
-2.4041505,-2.3778052,9.113798,64292149
-2.0315752,-1.7076489,11.15645,64292349
-1.7223184,-1.1764036,10.029743,64292549
-1.441652,-1.5709832,10.170899,64292749
-2.063908,-0.7662566,10.168804,64292949
-1.6775615,-1.5256275,10.296787,64293149
-2.0561242,-0.95785815,10.760075,64293349
-2.6457481,-0.6465056,11.063494,64293549
-2.7861562,-1.0931767,10.435848,64293749
-2.1152513,-1.1337423,9.302555,64486541
-2.2335055,-1.875001,10.635833,64486741,Bumper_9+
-2.4930656,-1.5374528,11.64219,64486941,Bumper_9+
-2.2008734,-1.443149,9.556876,64487141,Bumper_9+
-1.9727477,-2.0832179,7.866292,64487341,Bumper_9+
-2.053879,-1.4530284,11.436218,64487541,Bumper_9+
-2.4108865,-1.9565812,12.006233,64487741,Bumper_9+
-2.2023702,-1.3073813,8.851993,64487941,Bumper_9+
-1.9922072,-1.3298346,9.442664,64488141,Bumper_9+
-2.4108865,-1.4380596,11.744428,64488341
-1.9824774,-1.1770024,10.06477,64488540
-2.0718415,-1.5486795,10.116413,64488741
-2.2993684,-0.8244855,10.9985285,64488941
-2.3198757,-1.0862911,9.888288,64489141
-2.127376,-0.97597045,9.9854355,64489341
-2.036066,-1.2747492,10.564731,64489541
-2.4206164,-1.3853691,11.167078,64489741
-2.2043161,-1.4766792,9.933494,64489941
-1.9113753,-1.1545491,9.458232,64490141
-4.250411,-0.9523196,10.145303,64518141
-3.7654197,-0.78496766,10.08408,64518341
-3.9384599,-0.9702823,9.691596,64518541
-3.9877076,-1.1687695,9.535621,64518741
-4.0143523,-0.92432785,10.121652,64518941
-3.9883063,-0.852627,9.592353,64519141
-4.0079155,-1.0282118,10.311607,64519341
-4.0031257,-0.73586977,9.675281,64519541
-3.780688,-0.6075865,9.937834,64519741
-2.0761826,-3.3301249,10.867251,64557941
-1.890868,-2.1333637,9.30989,64558142,Bumper_10+
-1.9464024,-2.9509635,9.508227,64558341,Bumper_10+
-1.5805632,-3.0481114,10.4124975,64558541,Bumper_10+
-1.9065852,-1.6413368,10.524165,64558742,Bumper_10+
-1.9082319,-1.5164964,10.489587,64558941,Bumper_10+
-1.4380596,-2.3896308,9.902508,64559141,Bumper_10+
-1.1912228,-3.2407608,10.244396,64559341,Bumper_10+
-1.551374,-2.4718099,9.995015,64559541,Bumper_10+
-1.651815,-2.1833596,10.581346,64559741,Bumper_10+
-1.474883,-2.068848,10.623708,64559941
-1.3037888,-2.352957,11.116333,64560141
-0.99019086,-2.140399,10.089619,64560341
-0.9681866,-2.1897962,10.423574,64560541
-0.7310797,-2.1564157,10.509496,64560741
-0.7186555,-1.9428099,10.71397,64560942
-0.70787793,-1.7229172,10.260563,64561141
-0.6499484,-1.491199,10.378668,64561342
-0.75308394,-1.4670992,11.077864,64561541
-0.49711624,-1.275797,10.864557,64561742
-2.3793023,-1.1081456,10.51189,64698542,Bumper_11+
-2.3378384,-1.69268,11.136092,64698743,Bumper_11+
-1.9068847,-0.517923,6.362968,64698943,Bumper_11+
-2.1004322,-1.7543519,9.998608,64699143,Bumper_11+
-2.893483,-1.1418256,13.826298,64699343,Bumper_11+
-2.4628286,-0.59890455,9.857002,64699543,Bumper_11+
-2.1377046,-1.4096187,10.365644,64699743,Bumper_11+
-2.572251,-1.0550061,11.201806,64699942,Bumper_11+
-2.451602,-1.2606784,9.488768,64700143,Bumper_11+
-2.7720854,-1.074765,9.526489,64700342
-2.261048,-0.590522,11.148966,64700543
-2.2094054,-0.337099,10.148446,64700743
-2.0594175,-1.1575428,10.1333275,64700943
-2.2381458,-1.1243119,10.351424,64701143
-2.0224442,-0.8991802,10.112821,64701343
-2.1266277,-1.0443782,10.637928,64701543
-1.9426602,-1.133443,10.366992,64701743
-1.9787352,-0.9249266,10.275083,64701942
-1.6673827,-0.65369064,10.087672,64702143
