-2.551594,-0.7685019,10.006392,64143546
-2.6255403,-0.16480727,10.372081,64143746
-2.5372238,-0.56941587,10.960957,64143946
-2.4923172,-0.48768586,10.037976,64144146
-2.6018894,-0.20028351,10.174791,64144346
-2.7167006,-0.25282425,10.399324,64144546
-2.4441175,-0.60683805,10.075848,64144746
-2.499203,-0.39098695,10.364596,64144946
-2.5268953,-0.5628296,10.784324,64145145
-3.0560448,-1.6028668,10.241253,64209348
-2.950215,-1.7634828,9.95924,64209547,BusyRoad_2+
-3.2581246,-1.499432,9.962832,64209748,BusyRoad_2+
-3.3428485,-1.357078,10.249486,64209948,BusyRoad_2+
-3.439697,-1.4552737,10.044862,64210148,BusyRoad_2+
-3.2220497,-1.6702267,10.209819,64210348,BusyRoad_2+
-3.189717,-1.0457253,9.876462,64210547,BusyRoad_2+
-3.1362782,-1.4298266,10.021211,64210748,BusyRoad_2+
-2.8255243,-1.2765454,9.805809,64210948,BusyRoad_2+
-2.9553044,-1.108894,10.49303,64211147,BusyRoad_2+
