-3.8363721,-0.57705003,10.413994,61580181
-3.1799872,-0.2785707,10.071207,61580380
-3.1133757,-0.19025436,10.286758,61580582
-3.0587394,-0.11750565,10.281968,61580782
-2.5610244,-0.28740233,10.549762,61580981
-2.558779,-0.3266208,10.493778,61581182
-2.51986,-0.29039612,10.606045,61581381
-1.9149678,-0.23201752,10.646311,61581582
-1.5016773,-0.25701553,10.784024,61581782
-1.2049942,-0.25462052,10.96904,61626780
-1.1871812,-0.7592212,10.457254,61626981,Pothhole_1+
-1.5949333,-0.83286804,10.47851,61627181,Pothhole_1+
-1.155597,-0.50355285,10.772947,61627380,Pothhole_1+
-1.1726614,-0.26000932,10.517578,61627581,Pothhole_1+
-1.1930192,-0.56372774,10.837913,61627781,Pothhole_1+
-1.4808705,-0.7685019,10.218052,61627981,Pothhole_1+
-1.3922548,-0.6942563,10.721305,61628180
-1.4188994,-0.9621991,10.412198,61628381
-1.3530364,-0.85247725,10.82459,61628581
-1.2210109,-0.882415,10.767409,61628781
-1.3115726,-0.6828799,10.234068,61628981
-1.4019846,-0.8265811,10.870095,61629181
-1.5091617,-0.68437684,10.106383,61629381
-1.3823754,-0.78212357,10.564281,61629581
-1.3573773,-0.8906479,11.263477,61629781
-1.129102,-0.2996768,9.668394,61629981
-1.8021026,-0.29309052,10.719957,61672380
-1.4314733,-0.5891748,10.650802,61672581
-1.1499088,-0.51941985,10.229577,61672781
-1.6365467,-0.3156935,10.928624,61672981
-1.6076568,-0.03517685,10.415192,61673181
-2.1094134,-2.9937745E-4,10.415192,61673380
-2.105821,-0.30102402,10.564281,61673581
-1.9607725,-0.49666718,10.330318,61673781
-2.141896,-0.11136841,10.654394,61673981
-1.6028668,-0.45894563,10.4743185,61681980
-1.7693207,-0.57570285,10.405761,61682181,Pothhole_2+
-1.5096108,-0.38589752,10.451416,61682380,Pothhole_2+
-1.3521382,-0.47211823,10.758428,61682581,Pothhole_2+
-1.4555731,-0.5495073,9.916279,61682781,Pothhole_2+
-1.4738351,-0.71700895,11.112591,61682981,Pothhole_2+
-1.3219011,-0.5528004,10.520273,61683180,Pothhole_2+
-1.6343014,-0.739612,9.947414,61683381,Pothhole_2+
-1.4534775,-0.57031405,10.883718,61683580
-1.1478131,-0.6956035,10.434951,61683781
-1.367107,-0.57570285,10.789413,61683981
-1.4497353,-0.31823823,10.515932,61684180
-1.6298108,-0.43110353,10.293045,61684381
-1.5667919,-0.27318192,10.624606,61684581
-1.3398638,-0.6110294,10.24799,61684780
-1.2100836,-0.65099627,10.6536455,61684980
-1.1795471,-0.63497955,10.477162,61685180
-1.2126284,-0.45490402,10.476563,61685380
-2.1411474,-0.63393176,10.180031,61885154
-2.0592678,-0.48139894,9.845177,61885354
-1.4648538,-0.82358736,10.920691,61885555
-1.4418018,-0.6737489,10.483749,61885755
-1.6031662,-0.77269316,10.756482,61885954
-1.4820681,-0.77613604,10.336905,61886154
-1.4385086,-0.6864725,10.478809,61886355
-1.6121476,-0.522713,10.58883,61886554
-2.054328,-0.7735913,10.463092,61886755
-1.7573456,-0.49546966,10.6755,61902954
-1.6522641,-0.44173142,10.533445,61903155,Pothhole_3+
-1.9145187,-1.0083032,10.458751,61903354,Pothhole_3+
-1.7459693,-0.895887,10.541529,61903554,Pothhole_3+
-1.8169217,-1.0979668,11.242821,61903754,Pothhole_3+
-1.6775615,-0.8068222,9.980495,61903955,Pothhole_3+
-1.9742446,-0.74395293,9.627978,61904154,Pothhole_3+
-1.7133371,-0.7493417,10.689422,61904355
-1.4687457,-1.0103989,10.334359,61904554
-1.8540444,-1.1244617,11.628119,61904754
-1.5512242,-0.78601545,10.429562,61904954
-1.7399817,-0.9375005,9.640403,61905154
-1.9127225,-0.9859996,10.027647,61905355
-1.4178516,-1.2515473,10.692864,61905554
-1.7185762,-0.9824071,10.912158,61905755
-1.7357904,-0.5002597,10.460697,61905954
-1.4060261,-0.99453187,11.034004,61906154
-1.6160394,-1.1045531,9.703871,61906354
-1.6793578,-1.1341914,10.352173,61906554
-1.5495776,-0.9689351,11.233839,61906754
-1.8979033,-1.2481046,10.336306,61906954
-1.5557148,-1.2521461,10.399624,61907154
-1.547033,-1.1563454,10.933563,61907355
-1.6690292,-1.2925621,10.653196,61907555
-1.403182,-0.8464897,10.375225,61907755
-1.8655705,-1.0861413,10.731034,61907955
-2.2504203,-1.9360739,10.300829,61936155
-2.366429,-1.4120136,9.655372,61936355,Pothhole_4+
-2.3159838,-1.454675,11.081905,61936555,Pothhole_4+
-2.3400838,-0.8855585,9.551787,61936755,Pothhole_4+
-2.8277695,-1.2000545,10.632689,61936955
-2.170786,-0.9916878,10.382111,61937155
-2.6008415,-0.7632628,10.8241415,61937354
-1.8214123,-0.26285338,10.531051,61937555
-2.5524921,-0.49726593,9.956844,61937755
-1.781146,-0.28201354,10.4124975,61937954
-2.6479936,-0.71790713,10.189012,61938154
-2.1823118,-0.8190967,10.577305,61938355
-2.7358608,-0.7908055,10.479259,61938555
-2.3305037,-0.9514215,9.442065,61938755
-2.890489,-0.009580079,10.411749,62189156
-3.1513968,-0.051193543,10.110126,62189356
-2.9786558,-0.085023195,10.236912,62189556
-3.2504907,-0.19175126,10.002649,62189756
-3.2739916,-0.12648697,10.264605,62189956
-3.240611,-0.17139359,10.135424,62190156
-3.218008,-0.24069947,10.0501,62190356
-3.33731,-0.1419049,10.157727,62190555
-3.4837055,-0.26210496,9.999356,62190756
-2.3168821,-0.4963678,10.672506,62215155
-2.1502786,-0.38155654,10.20922,62215356,Pothhole_5+
-2.1179457,-0.48065048,10.382858,62215555,Pothhole_5+
-2.219285,-0.79140425,10.671458,62215756,Pothhole_5+
-2.1830604,-0.61776537,10.340497,62215956,Pothhole_5+
-2.1650977,-0.2814148,10.083332,62216156,Pothhole_5+
-2.0029848,-0.5300478,10.850337,62216356,Pothhole_5+
-1.8570383,-0.37047958,10.418185,62216556,Pothhole_5+
-2.0727396,-0.37646714,10.127041,62216756,Pothhole_5+
-2.2628443,-0.51807266,10.683434,62216956,Pothhole_5+
-2.1077669,-0.60863435,10.243349,62217156
-1.8904189,-0.42122406,10.66113,62217356
-1.9802321,-0.43200165,10.3264265,62217556
-2.2143452,-0.57929534,10.280172,62217756
-2.2820046,-0.61252624,10.735825,62217956
-2.320325,-0.5062473,10.244696,62218156
-2.188898,-0.5053491,10.462343,62218356
-2.0731888,-0.4673282,10.192454,62218556
-2.0698957,-0.43484575,10.502759,62218756
-2.341431,-0.49576905,10.373428,62218956
-2.7379563,-0.3025209,9.9098425,62433146
-2.7315197,-0.2839595,10.900482,62433346
-2.6917026,-0.030386811,10.156679,62433546
-2.6247916,-0.43020537,10.453213,62433746
-2.762206,-0.11061996,10.719509,62433946
-2.7651997,-0.22977218,10.137818,62434145
-2.7663972,-0.2612068,10.587483,62434346
-2.678979,-0.19399658,10.092912,62434546
-3.179089,-0.37377274,10.304272,62434746
-1.4885046,-0.9714798,10.865456,62472746
-1.88024,-1.0391392,10.60799,62472945,Pothhole_6+
-1.782643,-0.8918454,9.911489,62473146,Pothhole_6+
-1.8470092,-1.1302996,11.087294,62473346,Pothhole_6+
-2.1643493,-1.1153307,9.393866,62473546,Pothhole_6+
-1.4943424,-0.9193881,9.657018,62473746,Pothhole_6+
-1.5477813,-0.6529422,10.748099,62473946,Pothhole_6+
-1.4341676,-0.90696394,11.438164,62474146,Pothhole_6+
-1.5043716,-0.6759943,11.229348,62474346,Pothhole_6+
-1.4917978,-0.8273296,11.186687,62474546,Pothhole_6+
-1.5235318,-0.32692015,10.789863,62474746,Pothhole_6+
-1.0341994,-0.085921325,11.21393,62474946,Pothhole_6+
-1.4202466,-0.025147704,11.01679,62475146,Pothhole_6+
-1.4135106,-0.14519806,10.115814,62475346,Pothhole_6+
-1.1184741,0.08652008,10.712323,62475546,Pothhole_6+
-1.2352313,-0.07768845,10.765912,62475746
-1.5310162,-0.40820113,10.2403555,62475946
-1.366658,-0.25042924,11.049123,62476146
-1.387315,-0.41613466,10.490335,62476346
-1.4512322,-0.6224057,10.0257015,62476546
-1.499881,-1.0599458,10.476563,62476746
-1.355132,-1.0187814,10.814112,62476945
-1.6082556,-1.3295352,11.417058,62477146
-1.3942008,-1.0409354,9.8582,62477345
-1.4468912,-0.9517209,10.662028,62477546
-1.6634908,-1.0961705,10.979368,62510745
-1.7540524,-0.8018825,10.880723,62510946
-1.9278411,-0.8140073,10.570568,62511146
-1.9621197,-0.5164261,9.965826,62511346
-1.4642551,-0.45445496,11.073373,62511546
-1.9871178,-0.7825726,10.832523,62511745
-1.7022601,-0.3251239,10.172696,62511945
-1.7345929,-0.5993536,10.363549,62512145
-1.6251705,-0.48858398,10.670711,62512346
-1.3641133,-0.8282277,10.22838,62524146
-1.8407222,-1.18778,11.2164755,62524346,Pothhole_7+
-1.5399976,-1.0767109,9.865086,62524546,Pothhole_7+
-1.6642392,-1.1220666,10.75244,62524746,Pothhole_7+
-1.4715898,-1.0503658,9.989627,62524946,Pothhole_7+
-1.262774,-0.7773335,11.200608,62525146,Pothhole_7+
-1.5456858,-0.6481522,10.872641,62525346,Pothhole_7+
-1.6694783,-0.87268525,10.863958,62525546,Pothhole_7+
-1.7958156,-0.7186555,10.5554495,62525746,Pothhole_7+
-1.635499,-0.3598517,10.732981,62525946,Pothhole_7+
-1.3924044,-0.08951385,10.346484,62526146,Pothhole_7+
-1.397943,-0.13861175,10.408755,62526346
-1.5699353,-0.30222154,10.599159,62526546
-1.5937358,-0.39248383,10.216255,62526746
-1.5783179,-0.5105882,10.816807,62526946
-1.7277073,-0.71162015,9.493857,62527146
-1.5621514,-0.748743,10.591226,62527346
-1.397943,-0.13861175,10.408755,62526346
-1.5699353,-0.30222154,10.599159,62526546
-1.5937358,-0.39248383,10.216255,62526746
-1.5783179,-0.5105882,10.816807,62526946
-1.7277073,-0.71162015,9.493857,62527146
-1.5621514,-0.748743,10.591226,62527346
-1.570085,-0.6075865,11.020533,62527546,Pothhole_8+
-1.4132112,-0.9183403,10.619516,62527746,Pothhole_8+
-1.8031503,-0.8500822,10.129585,62527946,Pothhole_8+
-1.6853453,-0.73497164,10.721305,62528146,Pothhole_8+
-1.4754817,-0.70458484,11.616593,62528346,Pothhole_8+
-1.6164885,-0.6550378,10.500963,62528546,Pothhole_8+
-1.6841478,-0.8822653,9.963132,62528746
-1.6956738,-1.1392808,11.022778,62528946
-1.5813117,-0.8238867,10.196646,62529146
-1.7510587,-1.0189312,10.157278,62529346
-1.7184265,-1.0550061,10.397977,62529546
-1.7339941,-0.74365354,11.401939,62529746
-1.4422508,-0.49412248,11.1513605,62529946
-1.2669654,-0.17094451,10.362052,62530146
-1.5539186,-0.4420308,10.359058,62530346
-1.0915302,-0.40565643,12.337943,62530545
-1.1744577,-1.2745994,10.739267,62759148
-1.10605,-0.92298067,10.12764,62759348
-1.0732682,-1.4389577,10.696457,62759548
-1.1418256,-1.4425502,10.852732,62759748
-1.0183324,-1.1439213,10.398875,62759948
-0.8921448,-0.9758208,10.363849,62760148
-1.1659255,-0.9292676,10.474768,62760348
-1.06758,-0.6879694,10.583891,62760548
-0.9584569,-0.69350785,10.535092,62760748
-1.2319381,-0.63842237,10.678643,62760948
-1.127156,-0.40161484,11.214679,62761148,Pothhole_9+
-1.2814851,-0.2350113,10.652149,62761348,Pothhole_9+
-0.7723938,-0.21854553,11.123967,62761548,Pothhole_9+
-1.2150234,-0.4790039,10.919193,62761748,Pothhole_9+
-1.2609777,-0.43888733,10.862461,62761948,Pothhole_9+
-1.4226416,-0.28874955,10.913506,62762148,Pothhole_9+
-1.4000386,-0.2974315,10.333761,62762349
-1.2644206,-0.2868036,9.987231,62762548
-0.42287064,-0.608784,10.396181,62762748
-0.7074289,-0.90756273,10.60799,62762948
-0.70967424,-0.81011534,11.346854,62763147
-0.8111632,-0.7575746,10.244995,62763348
-0.7879614,-0.9520203,10.637031,62763547
-0.62480074,-0.7749385,10.965897,62763749
-0.8577164,-0.6041437,10.446925,62763948
-1.2621753,-0.542921,10.317145,62764148
-0.36539018,0.57285875,10.914553,63312132
-0.7813751,0.43843827,10.614428,63312331
-0.84768724,0.14370117,10.078991,63312531
-0.84424436,0.35521135,10.009834,63312731
-0.92687255,0.44247985,11.028167,63312931
-0.5647755,0.3650908,10.995984,63313131
-0.53828067,0.44547364,10.322085,63313332
-0.608784,0.34578094,11.012449,63313531
-0.45834687,0.30686188,10.427915,63313732
-0.86415297,0.15148498,10.774295,63361332
-0.7324269,0.16480727,10.297236,63361533,Pothhole_1+
-0.47601014,-0.17408799,10.692415,63361733,Pothhole_1+
-0.6456075,-0.07589218,11.350596,63361933,Pothhole_1+
-0.8143066,0.0043409728,10.722802,63362133,Pothhole_1+
-0.9349558,-0.68662214,10.788665,63362333,Pothhole_1+
-0.69725007,-1.0605446,10.40621,63362533,Pothhole_1+
-0.80083466,-0.7391629,9.502689,63362733,Pothhole_1+
-0.7301816,-1.1539503,11.604918,63362933,Pothhole_1+
-0.8517288,-0.9412427,9.394315,63363133,Pothhole_1+
-0.68437684,-1.0499167,10.302775,63363333,Pothhole_1+
-0.7825726,-0.94423646,11.000624,63363533
-0.7825726,-0.94423646,11.000624,63363533
-0.803529,-0.7273375,10.068512,63363732,Pothhole_2+
-0.9083111,-0.8273296,11.063194,63363933,Pothhole_2+
-0.8807684,-0.54441786,10.512489,63364133,Pothhole_2+
-0.8551717,-0.5840854,11.436218,63364332,Pothhole_2+
-0.7746391,-0.83032334,10.280023,63364533
-0.65518755,-1.0591974,10.621762,63364733
-0.64665526,-1.0559043,10.684182,63364932
-0.5508545,-1.1382331,10.321786,63365133
-0.563578,-0.92582476,10.534793,63365333
-1.165626,-1.0496173,11.107951,63365532
-1.1026071,-1.1276051,10.985355,63365733
-1.0638378,-1.081052,10.485246,63365933
-0.89334226,-0.9370514,10.599459,63366132
-0.8547226,-1.1313473,10.364596,63366332
-0.7485933,-0.9699829,10.70933,63366533
-0.8295749,-1.0115963,10.903176,63366733
-1.0433304,-0.8092172,10.455308,63366934
-0.97686857,-0.7313791,10.474618,63367133
-0.8960367,-0.6879694,10.816058,63367333
-0.95785815,-0.694406,10.172546,63367533
-1.1720626,-0.11226654,10.409204,63367734
-1.1341914,-0.082628176,10.776839,63367934
-0.8400531,0.19474502,10.688074,63368133
-1.1883788,0.3903882,10.853031,63369132
-1.0874885,0.5736072,10.542427,63369333,Pothhole_3+
-1.0590477,0.5908214,11.0724745,63369533,Pothhole_3+
-0.9871971,0.7294331,10.44977,63369734,Pothhole_3+
-1.0355465,1.0015672,10.779983,63369934,Pothhole_3+
-0.9355545,1.1904744,10.783127,63370134,Pothhole_3+
-0.71820647,0.7746391,9.919572,63370334,Pothhole_3+
-1.0261161,0.8571176,10.578502,63370533,Pothhole_3+
-0.8887019,1.23104,10.519225,63370733,Pothhole_3+
-0.8000862,0.8901988,11.319611,63370934,Pothhole_3+
-1.0912308,1.1963123,10.953472,63371133,Pothhole_3+
-1.0184821,0.87807405,11.200009,63371333,Pothhole_3+
-1.1746074,0.8431966,10.759176,63371533
-0.9602531,1.0596465,10.397529,63371734
-0.7779323,0.7884105,10.887909,63371933
-0.86475176,0.9633966,10.404564,63372133
-0.90561676,0.90816146,10.573711,63372333
-0.74544984,0.87208647,10.243499,63372534
-1.0142908,0.85367477,11.043735,63372733
-1.1746074,0.8431966,10.759176,63371533
-0.9602531,1.0596465,10.397529,63371734
-0.7779323,0.7884105,10.887909,63371933
-0.86475176,0.9633966,10.404564,63372133
-0.90561676,0.90816146,10.573711,63372333
-0.74544984,0.87208647,10.243499,63372534
-1.0142908,0.85367477,11.043735,63372733
-1.0150392,0.9168434,10.273137,63372932,Pothhole_4+
-0.76371187,0.91579556,10.463541,63373132,Pothhole_4+
-0.8728349,0.9798624,10.866802,63373334,Pothhole_4+
-0.8032297,0.8051756,10.586136,63373533,Pothhole_4+
-1.0105486,0.8187973,9.982441,63373734,Pothhole_4+
-0.7777826,0.3600014,11.400891,63373934,Pothhole_4+
-1.3004956,0.88855225,9.370514,63374134,Pothhole_4+
-1.0129436,0.35356477,10.639725,63374333,Pothhole_4+
-1.2268487,-0.16360977,10.445429,63374533,Pothhole_4+
-1.0641371,0.43619293,10.290201,63374734,Pothhole_4+
-1.001717,-0.13037887,10.780282,63374934,Pothhole_4+
-1.2635225,0.31404695,10.304571,63375134,Pothhole_4+
-0.93091416,-0.02335144,10.239307,63375333,Pothhole_4+
-0.9340576,-0.0916095,10.621014,63375534,Pothhole_4+
-1.0457253,-0.1434018,11.111094,63375734,Pothhole_4+
-0.898282,-0.59980273,11.031759,63375934,Pothhole_4+
-1.1636801,-0.4459227,10.555599,63376134,Pothhole_4+
-1.0303074,-0.8125104,10.756332,63376333
-0.9392967,-1.1452684,10.525063,63376533
-0.91849,-1.3343253,11.082355,63376734
-1.0150392,-1.0368937,10.317295,63376934
-0.95381653,-1.1990067,10.370435,63377134
-0.95366687,-1.2948074,10.320438,63377334
-0.8966354,-1.2280463,10.748099,63377534
-0.96833634,-1.531166,10.647958,63377734
-1.0403366,-1.5420932,10.231823,63377934
-1.1319461,-1.549428,10.645113,63378134
-0.94678116,-1.453178,10.685829,63378334
-1.0261161,-1.5467335,10.385853,63378534
-1.0340496,-1.4932947,10.743159,63378734
-1.0059083,-1.4528787,10.38226,63378934
-1.0939251,-1.6877403,9.562265,63379134
-0.8901988,-1.4721886,10.950778,63379333
-1.1054512,-1.7076489,10.614727,63379533
-0.87208647,-2.089505,10.514285,63379734
-1.1292517,-1.8372793,10.525811,63379934
-1.8152751,0.3622467,10.788515,63396734
-1.775907,0.25387207,10.595866,63396933,Pothhole_5+
-1.8582358,0.23740631,10.355915,63397134,Pothhole_5+
-1.6717236,0.06331833,10.768307,63397333,Pothhole_5+
-1.57248,-0.3580554,11.068283,63397534,Pothhole_5+
-1.5422429,0.4261638,10.386452,63397734,Pothhole_5+
-1.7601897,4.4906617E-4,10.5553,63397934,Pothhole_5+
-1.5961308,-0.51118696,10.3869,63398134,Pothhole_5+
-1.7449214,-0.31644195,10.7292385,63398333
-1.7000148,-0.68677187,10.7606735,63398534
-1.5310162,-1.1243119,10.495125,63398734
-1.7949175,-0.94049424,10.578502,63398934
-1.8348843,-1.4920971,10.402468,63399134
-1.7914746,-1.6748672,9.894275,63399334
-1.375789,-1.4877563,10.902429,63399534
-1.6949254,-1.4717395,10.54078,63399734
-1.7549505,-1.2331357,9.880054,63399934
-1.8044975,-1.2545412,10.475217,63400134
-1.5260766,-1.5079641,10.633737,63400334
-1.8110838,-0.64261365,9.941576,63400534
-1.859583,-0.5559439,10.685978,63400734
-1.9136206,-0.54786074,10.163714,63400934
-1.5784676,-0.6236032,10.610386,63401134
-1.5919396,-0.6529422,10.317145,63401334
-1.6947757,-0.79679304,10.5410795,63401534
-1.5491285,-0.57480466,9.950707,63401734
-1.6178356,-0.54157376,11.043136,63401934
-1.7482146,-0.2532733,10.40606,63406334
-1.7414786,-0.5267546,10.287058,63406533,Pothhole_6+
-1.812431,-0.60743684,10.49767,63406734,Pothhole_6+
-1.6908838,-0.30311966,10.527608,63406934,Pothhole_6+
-1.7753083,-0.39188507,9.817933,63407134,Pothhole_6+
-1.7224681,-0.6075865,10.673105,63407334,Pothhole_6+
-1.6866925,-0.42317,10.195747,63407534,Pothhole_6+
-1.7537531,-0.5131329,10.422077,63407734,Pothhole_6+
-1.8411713,-0.38365218,10.570119,63407934,Pothhole_6+
-1.9450552,-0.38185593,11.185939,63408134,Pothhole_6+
-1.7329463,-0.38305342,9.619446,63408334
-2.0481908,-0.017363891,11.055261,63408534
-1.7619859,-0.31195128,10.513238,63408734
-1.8170714,-0.69994444,10.782228,63408934
-1.73115,-0.43170226,10.413994,63409134
-1.7372873,-0.64156586,10.715467,63409334
-1.7224681,-0.42212218,10.424472,63409535
-1.2638218,-0.9861493,11.636801,63409734
-2.0240908,-0.24489075,10.356065,63409934
-1.6663349,-0.4324507,10.275831,63410135
-1.7205222,-0.70787793,9.904603,63806663
-1.5163467,-1.0482701,10.298135,63806863
-1.5287709,-0.8196954,10.785372,63807063
-1.6512163,-0.81565386,10.247391,63807263
-1.7536033,-0.927621,10.201137,63807463
-1.8480569,-0.8402028,11.249856,63807663
-1.7193246,-0.6149213,9.930799,63807863
-1.5221846,-0.5783972,9.65627,63808064
-1.6359481,-0.5056485,11.289523,63808264
-1.8077906,0.17393829,9.405392,63811864
-2.157763,-0.14489868,12.986694,63812064,Pothhole_8+
-2.0839663,0.27542725,11.10376,63812264,Pothhole_8+
-1.8621277,0.08427475,9.30974,63812463,Pothhole_8+
-2.1486318,-0.058228914,10.544822,63812664,Pothhole_8+
-1.9740949,-0.10523117,11.0829525,63812864,Pothhole_8+
-2.1164489,0.048349455,10.061177,63813064,Pothhole_8+
-1.9899619,-0.30431718,10.257569,63813264,Pothhole_8+
-1.866319,-0.5011578,10.746452,63813463,Pothhole_8+
-1.988914,-0.5560936,10.2491865,63813663,Pothhole_8+
-1.8353333,-0.53289187,10.263706,63813864,Pothhole_8+
-1.8488054,-0.65608567,10.696607,63814064,Pothhole_8+
-1.8359321,-0.8053253,10.489737,63814264
-1.8492545,-0.32692015,10.966196,63814463
-1.7616866,-0.14819184,10.836266,63814664
-1.6381934,-0.21091141,10.847792,63814864
-1.5112573,-0.044906616,10.125693,63815064
-1.6063097,-0.11600876,10.9403,63815264
-1.7092955,-0.046253815,10.414742,63815463
-2.1195922,-0.33739838,10.322235,63815664
-2.0493882,-0.26075774,10.397229,63815863
-1.9708017,-0.2746788,10.941197,63816064
-2.0445983,-2.3378384,10.261012,64002142,Pothhole_10+
-2.0648062,-2.1745281,9.992171,64002342,Pothhole_10+
-1.8311421,-2.4345374,10.445429,64002542,Pothhole_10+
-1.8895208,-2.5465045,10.460398,64002742,Pothhole_10+
-2.0010388,-2.135609,10.020163,64002942
-2.1604574,-1.7925224,10.7364235,64003142
-2.1007316,-1.463806,10.301578,64003342
-1.6440312,-1.2825329,10.200238,64003542
-0.5144801,-0.69725007,10.496622,64003742
-1.0292597,-0.45625123,11.530672,64003942
-1.4639556,-0.38993913,11.030861,64004142
-0.95127183,-0.2201921,10.246343,64004342
-1.3663586,-0.09445358,11.271561,64004543
-1.1422746,-0.30476624,10.72834,64004742
-0.55145323,-0.22513184,9.81449,64004942
-0.7659572,-0.14684464,10.572515,64005142
-0.2945874,0.087268524,10.625355,64005342
-0.25731492,0.32692015,10.42567,64005542
-0.36389327,0.28470793,10.543774,64005742
-0.5215155,0.4447252,10.339748,64005942
-0.63842237,0.5575905,11.73829,64006142
-0.16540603,0.35401383,10.106533,64006342
-0.5581892,0.25926086,11.128308,64006542
-1.8016534,-0.56687117,10.300231,64017142
-1.7467177,-0.57944506,10.424921,64017342,Pothhole_11+
-1.8049465,-0.23830444,10.581495,64017543,Pothhole_11+
-1.7586927,-0.5164261,10.539733,64017742,Pothhole_11+
-1.7363892,-0.38649628,10.403516,64017942,Pothhole_11+
-1.934577,0.08322693,9.817485,64018143,Pothhole_11+
-1.9715501,-0.5584886,10.573711,64018342,Pothhole_11+
-1.2692107,-0.94363767,11.079659,64018542,Pothhole_11+
-1.3615686,-0.65488815,10.575358,64018743,Pothhole_11+
-1.2641213,-0.63752425,10.846595,64018943,Pothhole_11+
-1.309477,-0.6197113,11.789932,64019143,Pothhole_11+
-1.4971865,0.17887802,9.68022,64019342,Pothhole_11+
-2.2570066,-0.6445596,9.442814,64019543,Pothhole_11+
-2.045197,-0.18950592,10.779235,64019743,Pothhole_11+
-1.7537531,-0.058977354,10.427167,64019943,Pothhole_11+
-1.2888199,-0.6027965,10.805281,64020142,Pothhole_11+
-1.6476238,5.987549E-4,10.659932,64020342,Pothhole_11+
-1.8512005,-0.044607237,10.317595,64020542,Pothhole_11+
-0.7021898,-2.0097208,9.614656,64020743,Pothhole_11+
-1.0099498,-0.5387297,11.063942,64020942,Pothhole_11+
-1.929787,-0.015867004,11.273058,64021142,Pothhole_11+
-1.5182927,-1.0762619,10.381212,64021343,Pothhole_11+
-1.8817369,-0.35610947,10.447374,64021542,Pothhole_11+
-2.3007157,-0.48334488,10.6536455,64021743,Pothhole_11+
-2.1433928,-0.1261876,10.610086,64021942,Pothhole_11+
-1.8470092,-0.80727124,9.996363,64022142,Pothhole_11+
-2.006727,-0.6709049,10.550061,64022342,Pothhole_11+
-2.0267854,-0.818947,10.387199,64022542,Pothhole_11+
-1.9854712,-0.5867798,10.394983,64022743,Pothhole_11+
-2.1353097,-0.7735913,10.0505495,64022942,Pothhole_11+
-2.0179536,-0.53828067,10.806478,64023143,Pothhole_11+
-1.9546353,-0.6249504,10.486144,64023343,Pothhole_11+
-1.5868502,-0.7268884,9.940229,64023543,Pothhole_11+
-1.7521064,-0.4698729,10.672057,64023743,Pothhole_11+
-1.5081139,-0.60174865,10.614428,64023943,Pothhole_11+
-1.499881,-0.5638774,10.898387,64024143,Pothhole_11+
-1.4362633,-0.5971083,10.304871,64024342,Pothhole_11+
-1.7476158,-0.47930327,10.771301,64024542,Pothhole_11+
-1.5027251,-0.4737648,9.919123,64024743,Pothhole_11+
-1.8294955,-1.1096425,11.184741,64024942,Pothhole_11+
-1.7137861,-0.84634,10.2265835,64025142,Pothhole_11+
-2.2046156,-0.721799,10.325378,64025342,Pothhole_11+
-1.838926,-0.73212755,10.918744,64025543
-1.9965482,-0.39233413,10.098899,64025742
-1.5488292,-1.1446697,10.491383,64025943
-1.3102254,-0.8611592,9.855057,64026143
-1.6127462,-0.7012917,11.029664,64026342
-1.3674065,-0.63213545,10.291998,64026542
-1.4687457,-0.51522857,10.880873,64026742
-1.3509407,-0.6236032,10.493928,64026943
-1.4060261,-0.69859725,10.747351,64027142
-1.8639239,-0.58049285,10.4550085,64027342
-2.48139,-1.4124627,9.945019,64669143
-2.7038274,-1.8332378,10.678643,64669343
-2.8726761,-1.4693445,10.182875,64669543
-2.5426126,-1.2105327,10.405611,64669743
-2.6349707,-1.0999128,10.332414,64669943
-2.527045,-0.91100556,9.423504,64670143
-2.748734,-1.1311977,11.812835,64670343
-2.5990453,-0.8725355,10.665022,64670543
-2.572251,-0.7512877,10.403366,64670742
-2.7951374,-1.5567627,9.447903,64676142
-2.3062541,-1.7320482,8.936267,64676342,Pothhole_12+
-2.6271868,-1.522933,10.99299,64676542,Pothhole_12+
-2.1094134,-1.4004877,10.277029,64676742,Pothhole_12+
-1.8543439,-1.3385166,9.943522,64676943,Pothhole_12+
-2.1541703,-1.4325211,10.761721,64677143,Pothhole_12+
-2.1845572,-1.7045054,11.674073,64677343,Pothhole_12+
-1.5103592,-1.4618601,10.163415,64677543
-1.3633648,-1.4217435,10.470127,64677743
-1.0241703,-1.5148499,10.753937,64677942
-1.004561,-1.3205539,10.662627,64678142
-0.9957294,-1.5880476,10.5041065,64678342
-0.8634045,-1.6236736,11.051069,64678543
-0.85502195,-1.648971,10.82459,64678743
-1.1617341,-1.6139438,10.882071,64678943
-1.0847942,-1.6051122,10.233469,64679143
-1.3641133,-1.7281563,10.375374,64679343
-2.0839663,-1.1064991,10.639874,64702343
-1.8077906,-0.8909473,10.205178,64702543
-2.0249891,-1.2340338,10.445579,64702743
-2.1790187,-1.1716136,10.387798,64702943
-2.243834,-0.7725435,10.179582,64703143
-2.2400918,-0.89259386,10.579849,64703343
-2.1857548,-0.75398207,10.383307,64703543
-2.0953426,-0.8702902,10.177186,64703743
-2.140998,-0.7789801,10.606344,64703943
-2.344874,-0.7557784,10.917248,64704543
-2.2011726,-0.705932,9.880354,64704743,Pothhole_13+
-2.2278173,-0.6366261,10.423125,64704943,Pothhole_13+
-2.2472768,-0.7012917,10.64661,64705143,Pothhole_13+
-2.3032603,-0.6147716,10.334659,64705343,Pothhole_13+
-2.046544,-0.38544846,9.692345,64705543,Pothhole_13+
-2.6129663,-0.22183868,11.450738,64705743,Pothhole_13+
-1.889371,-0.6164181,10.342143,64705943,Pothhole_13+
-2.3935227,0.19609222,12.3437805,64706143,Pothhole_13+
-1.7176781,-0.9633966,9.524394,64706343,Pothhole_13+
-2.0916004,-0.775687,9.978101,64706543,Pothhole_13+
-2.7702892,0.26360184,10.210268,64706743,Pothhole_13+
-1.7069005,-1.4010864,10.156529,64706942,Pothhole_13+
-2.799179,-0.8687933,10.443033,64707142
-2.0242405,-2.2863455,9.736353,64707343
-2.187551,-1.7827927,10.190209,64707543
-2.457739,-2.164948,9.859846,64707743
-2.056723,-1.907184,10.05549,64707943
-2.0993843,-2.0957918,10.564281,64708143
-1.9139199,-2.0824695,10.837613,64708343
-1.8820363,-1.84656,9.799222,64708543
-1.8580861,-1.972598,10.557995,64708743
-1.723516,-1.9815793,10.014924,64708943
