-0.7099736,-0.683329,10.787317,61104159
-0.86714673,-0.5417235,10.738369,61104359
-0.511636,-1.213227,10.672506,61104559
-0.8728349,-0.44247985,10.501712,61104759
-0.5325925,-0.65653473,10.399624,61104958
-0.82613206,-0.626597,10.697504,61105159
-0.41388932,-1.4355148,10.443033,61105359
-0.37392244,-0.4845424,10.650951,61105559
-0.43065444,-1.0127939,10.7115755,61105759
-1.0457253,-1.7000148,10.801987,61231386
-1.0662328,-1.7769548,10.9403,61231586,Turn_1+
-1.2054433,-1.8992505,10.519674,61231787,Turn_1+
-1.2311897,-1.7250128,10.252629,61231987,Turn_1+
-1.3090279,-1.88024,10.64691,61232187,Turn_1+
-1.1297008,-1.7525555,10.288106,61232387,Turn_1+
-1.0597961,-1.8027012,10.996134,61232587,Turn_1+
-1.3216017,-1.6625926,10.155032,61232787,Turn_1+
-1.1070977,-1.5037729,10.081685,61232986,Turn_1+
-1.3033397,-2.1318667,10.402468,61233187,Turn_1+
-1.1169772,-1.8203645,11.10855,61233387,Turn_1+
-1.0668315,-1.6127462,10.419533,61233586,Turn_1+
-1.1177257,-1.6410375,10.456356,61233787,Turn_1+
-1.0856923,-1.5893948,10.603351,61233986
-1.1298505,-1.7067508,10.527308,61234187
-1.0859916,-1.7699194,11.113339,61234386
-0.9565109,-1.2617263,10.3054695,61234586
-1.1940669,-1.8549427,10.349927,61234787
-1.1967614,-1.9568807,10.474768,61234986
-1.0383906,-1.8245559,11.349848,61235186
-1.2455598,-1.3088782,10.433603,61235386
-1.0380913,-1.6375946,9.982142,61235586
-1.2165202,-2.2128484,9.931547,61235787
-1.3524376,-1.7500108,10.736274,61235986
-1.4647042,-1.6010705,10.871742,61236187
-1.3991405,-1.4778768,10.224788,61236388
-1.4397061,-1.1611354,10.464889,61236586
-1.3765374,-1.121468,10.457105,61236786
-1.3977933,-1.0880873,10.689122,61236986
-1.3856685,-1.0496173,10.411449,61237186
-1.167123,-0.6274951,10.587483,61237386
-1.1078463,-0.6218069,10.698253,61237587
-0.8268805,-1.5361056,10.270891,61294984
-0.7149133,-1.3650115,10.739866,61295185,Turn_2+
-0.8418494,-1.194516,10.668315,61295385,Turn_2+
-1.0115963,-1.5491285,10.467283,61295585,Turn_2+
-0.73182815,-1.9019449,11.043435,61295785,Turn_2+
-0.8960367,-1.9950513,10.051148,61295985,Turn_2+
-0.8414003,-2.0598664,9.990524,61296185,Turn_2+
-0.8493338,-2.376907,10.657687,61296385,Turn_2+
-0.925226,-2.3191273,10.913805,61296585,Turn_2+
-0.9122031,-2.398163,10.628199,61296785,Turn_2+
-0.5752537,-2.4304957,11.3218565,61296985,Turn_2+
-0.65458876,-2.2586532,10.231374,61297185,Turn_2+
-0.9732761,-2.4574397,10.457703,61297385,Turn_2+
-0.83316743,-2.4495063,9.867929,61297585,Turn_2+
-0.7348219,-3.2792308,10.717413,61297785,Turn_2+
-0.92208254,-3.0078452,10.676249,61297985,Turn_2+
-1.0111473,-2.9353957,10.217902,61298185,Turn_2+
-1.0936258,-3.099754,10.603949,61298386,Turn_2+
-1.1994557,-2.9436288,9.4684105,61298586,Turn_2+
-1.133443,-3.0485604,10.8918,61298785,Turn_2+
-1.1684701,-2.7788215,9.427246,61298985,Turn_2+
-1.0496173,-2.8086095,10.402318,61299185,Turn_2+
-1.3425581,-2.6622138,9.68501,61299386,Turn_2+
-0.9199869,-2.60638,10.556947,61299585,Turn_2+
-1.2482543,-2.5682094,10.400522,61299785,Turn_2+
-1.0508149,-2.2010229,10.468182,61299985,Turn_2+
-1.2660671,-2.4492068,10.51713,61300185,Turn_2+
-1.257984,-2.2528152,10.471624,61300384,Turn_2+
-1.1957135,-1.966311,10.450667,61300585
-1.2840298,-2.26015,10.615475,61300785
-1.2472064,-2.2650898,10.371632,61300985
-1.0657837,-2.1607566,10.143656,61301185
-1.2117302,-2.252965,10.662927,61301387
-1.3196558,-2.2876928,10.760224,61301585
-1.287772,-2.102827,10.330467,61301785
-1.4462924,-1.7817448,9.995015,61301985
-1.3518388,-1.6859441,10.345736,61302185
-1.4187497,-1.3515395,10.32942,61302385
-1.6432828,-1.3530364,10.559042,61302585
-1.4126124,-1.3461506,9.79084,61302785
-1.5492783,-0.93735075,10.518926,61302985
-1.5061679,-1.0090517,10.697953,61303185
-1.5170952,-1.1289524,10.941796,61303384
-1.6467257,-0.7577243,10.284364,61303584
-1.3281881,-0.90157515,10.427017,61303785
-1.3988411,-0.87552935,10.341395,61303984
-1.4150075,-0.6041437,10.411899,61304185
-0.17678238,-2.1439915,9.96837,61344185
-0.18336868,-2.3061044,10.615924,61344384,Turn_3+
-0.48903304,-2.3632855,10.505005,61344584,Turn_3+
-0.4790039,-2.457739,10.88237,61344785,Turn_3+
-0.4658313,-2.3719676,10.361154,61344984,Turn_3+
-0.5423222,-2.6779313,9.306597,61345185,Turn_3+
-0.3902385,-2.235601,11.107053,61345384,Turn_3+
-0.5019063,-1.7809964,11.467354,61345584,Turn_3+
-0.68123335,-2.1013303,9.700278,61345784,Turn_3+
-0.9577084,-1.971101,10.419982,61345984,Turn_3+
-0.7191046,-1.6100519,10.807076,61346185,Turn_3+
-0.8041278,-2.0359163,10.649903,61346384,Turn_3+
-1.0806029,-1.993255,9.782158,61346584,Turn_3+
-0.9505234,-1.6223264,10.415341,61346784,Turn_3+
-0.7032376,-1.2076886,10.773846,61346984,Turn_3+
-0.9698332,-0.7680528,9.879456,61347185,Turn_3+
-0.9131012,-0.6207591,11.045231,61347384,Turn_3+
-0.8086185,-0.44682083,10.524764,61347584,Turn_3+
-0.823737,-0.3555107,11.263328,61347784,Turn_3+
-0.92328,-0.18636246,10.2403555,61347984,Turn_3+
-0.7231462,0.2031276,10.645263,61348184,Turn_3+
-0.86415297,0.59665924,10.921887,61348384,Turn_3+
-0.6655161,0.56372774,10.781929,61348584,Turn_3+
-0.71730834,0.62854296,11.061547,61348784,Turn_3+
-0.60683805,0.9909393,10.693462,61348984,Turn_3+
-0.6243517,0.5309459,10.803484,61349184,Turn_3+
-0.76535845,0.4564009,10.801089,61349384,Turn_3+
-0.55938673,0.952619,10.700049,61349584,Turn_3+
-0.61911255,0.93106383,10.776091,61349784,Turn_3+
-0.56148237,0.9279204,10.510094,61349984,Turn_3+
-0.4484674,0.69036436,10.227482,61350185,Turn_3+
-0.66252226,0.6725514,10.811567,61350384,Turn_3+
-0.66057634,0.69979477,10.884017,61350584,Turn_3+
-0.7152127,0.26105714,10.632839,61350785,Turn_3+
-0.8409512,-0.059127044,10.669513,61350984,Turn_3+
-0.9261241,-0.053139497,10.4059105,61351184,Turn_3+
-0.87208647,-0.3793112,10.773247,61351384,Turn_3+
-0.97716796,-1.0231224,10.369387,61351584,Turn_3+
-0.8801697,-1.1300001,10.721305,61351785
-1.0350975,-1.4555731,10.68029,61351984
-0.9696835,-1.45707,9.880204,61352184
-1.0705737,-1.5179933,10.252629,61352384
-1.0469229,-1.5073655,10.443033,61352585
-0.9767189,-1.578767,10.308763,61352785
-0.97971267,-1.8372793,10.353819,61352984
-1.0356963,-1.8613793,10.744058,61353185
-1.0409354,-1.9139199,10.097702,61353383
-0.9957294,-2.107318,10.92563,61353584
-1.735042,-1.0163864,10.249785,61434983
-2.1070185,-0.9794133,10.725945,61435183
-1.6486716,-1.0294093,10.04591,61435383
-1.4468912,-1.0096505,10.684332,61435583
-1.4106665,-0.8728349,10.183174,61435783
-1.3633648,-0.84619033,10.670561,61435983
-1.5621514,-1.0192305,10.574161,61436183
-1.2765454,-1.0916798,10.140213,61436385
-1.2427157,-0.9172925,10.753338,61436583
-1.6958236,-0.88960004,10.820399,61459182
-1.5976278,-0.7271878,10.488988,61459384,Turn_4+
-1.8281484,-0.6489006,10.565928,61459583,Turn_4+
-1.6664845,-1.1894265,10.331665,61459783,Turn_4+
-2.1604574,-0.8785231,10.966346,61459983
-1.3082794,-1.3445041,11.053015,61460183
-1.9112256,-1.041085,10.2911,61460384
-1.5965799,-1.8883232,9.790541,61460583
-1.9633173,-1.2564871,9.971514,61460783
-1.9802321,-1.6185842,10.385553,61460983
-1.9727477,-1.3945001,10.0715065,61461183
-1.8682649,-1.1150312,11.088042,61461384
-2.0758832,-1.3443544,10.699301,61461583
-1.8145267,-1.2497511,9.877061,61461783
-3.4432898,-0.09909394,10.308313,62363346
-3.1566358,-0.43349853,10.001601,62363546
-3.1073883,-0.49906218,10.505304,62363746
-2.7036777,-0.68946624,10.596913,62363946
-2.719844,-0.61402315,10.5312,62364146
-2.3559508,-0.7406598,10.552007,62364346
-2.3406825,-0.6885681,9.852961,62364546
-2.1430933,-0.8123607,10.732681,62364746
-1.7634828,-0.38395157,10.072853,62364946
-1.1461666,1.1573932,10.015673,62409745
-1.484014,0.87433183,9.974359,62409946,Turn_5+
-1.8721569,1.2446617,10.9648485,62410146
-2.073039,1.4741346,11.122022,62410346
-1.736988,1.5946339,10.177635,62410546
-1.5350578,1.7856368,10.658885,62410746
-1.8721569,1.2446617,10.9648485,62410146
-2.073039,1.4741346,11.122022,62410346
-1.736988,1.5946339,10.177635,62410546
-1.5350578,1.7856368,10.658885,62410746
-1.7429755,1.5685881,10.304721,62410946,Turn_6+
-1.6872913,1.6491207,10.2017355,62411145,Turn_6+
-1.6711249,1.8506017,10.68972,62411346,Turn_6+
-1.5798148,1.7820442,10.475367,62411546,Turn_6+
-1.4819183,1.6366965,10.395283,62411746,Turn_6+
-1.660497,1.5136523,10.183174,62411946,Turn_6+
-1.5522721,1.886976,10.105336,62412146,Turn_6+
-1.778751,1.3611195,10.962753,62412346,Turn_6+
-1.5420932,1.6616945,10.485994,62412546,Turn_6+
-1.7618363,1.5537689,10.626552,62412746,Turn_6+
-1.8371297,1.5693365,10.269694,62412946,Turn_6+
-2.2109025,1.6393908,10.339,62413146,Turn_6+
-2.2189856,1.557062,10.735375,62413346,Turn_6+
-2.060166,1.877845,10.382858,62413546,Turn_6+
-2.1679418,1.60137,9.826615,62413746,Turn_6+
-2.3168821,1.4702426,10.807975,62413946,Turn_6+
-2.4176226,1.5334113,10.915152,62414146,Turn_6+
-2.3035598,1.7441729,10.287208,62414346,Turn_6+
-2.5490491,1.6530125,10.57955,62414546,Turn_6+
-2.5012984,1.4063256,10.521022,62414746,Turn_6+
-2.3843915,1.1642789,10.081236,62414946,Turn_6+
-2.5059388,1.3431569,10.51219,62415146,Turn_6+
-2.5503964,1.6223264,10.048305,62415346,Turn_6+
-2.5758436,1.7420774,10.259067,62415546,Turn_6+
-2.3590941,1.6102016,9.902208,62415746,Turn_6+
-2.3358924,1.746568,10.198143,62415946,Turn_6+
-2.3810985,1.5793657,9.8905325,62416146,Turn_6+
-2.5491989,1.4141093,10.902578,62416346,Turn_6+
-2.3189776,1.3695021,9.8094015,62416546,Turn_6+
-2.374063,1.1804452,10.087672,62416746,Turn_6+
-2.404899,0.30596375,10.200538,62416946,Turn_6+
-2.5161178,0.3661386,10.164613,62417146,Turn_6+
-2.3170316,-0.09984238,10.397379,62417346,Turn_6+
-2.4768991,-0.33739838,10.339748,62417546,Turn_6+
-2.4848328,-0.28770173,10.294542,62417746,Turn_6+
-2.5993447,-0.48199767,9.985286,62417946,Turn_6+
-2.666555,-1.0978171,10.214908,62418146,Turn_6+
-2.3224206,-0.80936694,10.15114,62418346,Turn_6+
-1.7089962,-0.8602611,10.928325,62418546,Turn_6+
-1.9751427,-1.1729608,10.585836,62418746,Turn_6+
-2.199526,-1.2696598,10.100696,62418946,Turn_6+
-2.4216642,-1.5612533,9.9468155,62419145,Turn_6+
-2.1823118,-1.2642709,10.436148,62419346,Turn_6+
-1.6060103,-0.8643027,10.737921,62419545,Turn_6+
-1.2732522,-1.4483881,10.517429,62419747
-1.0577005,-1.0012679,10.05549,62419946
-1.0782079,-1.3425581,10.580448,62420146
-1.001717,-1.1100916,9.858649,62420346
-0.9557625,-1.3915063,11.162138,62420546
-0.7515871,-0.83855623,10.61293,62420745
-0.6066884,-0.8557704,11.068732,62420946
-2.777624,-0.6210585,10.47357,62492346
-3.0289512,-0.27378067,10.10309,62492546
-2.9226723,-0.6550378,10.453812,62492746
-2.753075,-0.6595285,10.289303,62492946
-3.0650263,-0.45804748,10.274933,62493146
-2.7403514,-0.31210098,10.39184,62493346
-2.7873538,-0.29907808,10.768906,62493546
-2.9812005,-0.42302033,10.039772,62493746
-2.5426126,-0.42751098,10.540481,62493946
-1.6295114,-3.2424073,10.890154,62505146
-1.7043557,-2.8831544,10.235865,62505345,Turn_7+
-1.8104851,-3.1359787,9.716445,62505546,Turn_7+
-1.8175205,-3.5200799,10.451715,62505746,Turn_7+
-1.8294955,-3.0371842,9.563911,62505946,Turn_7+
-2.0550764,-2.877616,10.174342,62506146,Turn_7+
-2.0386107,-3.2918046,10.225087,62506346,Turn_7+
-1.9829265,-3.7514987,10.191407,62506546,Turn_7+
-2.0507355,-3.6083963,9.448801,62506745,Turn_7+
-2.084116,-3.5232234,10.11312,62506946,Turn_7+
-2.0041823,-3.3106654,10.475217,62507146,Turn_7+
-2.0377126,-2.9566517,10.332414,62507346,Turn_7+
-1.9624192,-3.2407608,10.595417,62507546,Turn_7+
-2.0055294,-3.331622,9.814041,62507746,Turn_7+
-2.0520828,-3.6036062,9.92541,62507946,Turn_7+
-2.0377126,-3.2382162,9.738749,62508146,Turn_7+
-2.042353,-2.983446,9.897268,62508346,Turn_7+
-2.1583617,-2.769391,10.098301,62508546,Turn_7+
-2.1076171,-2.5042922,10.452314,62508746
-2.1359084,-2.0425026,10.368339,62508946
-2.028432,-1.9511925,10.105037,62509146
-2.0339704,-1.5774198,10.324929,62509346
-1.8378781,-1.2698094,10.365944,62509546
-1.9977456,-1.1181748,10.9422455,62509746
-1.9426602,-0.87777466,10.082883,62509946
-2.0022364,-1.1395802,10.130783,62510146
-1.902843,-0.9891431,10.429262,62510346
-1.5275733,-0.96234876,10.131831,62510546
-1.2894187,-0.22737716,9.097631,62530745
-1.0237212,-0.18112335,10.076895,62530946
-1.18778,-0.32183075,12.371324,62531146
-1.5263759,-0.30222154,11.092982,62531346
-1.7721648,-0.357307,9.883198,62531546
-1.3738431,-0.25956023,10.196945,62531746
-1.4986835,-0.31210098,10.432405,62531946
-1.7616866,-0.44966492,10.88746,62532146
-1.9803817,-0.80502594,10.106084,62532346
-0.7047345,0.84199905,10.511441,62550546
-1.0027647,0.37736526,10.924882,62550747,Turn_8+
-0.7937993,0.60713744,10.165361,62550947,Turn_8+
-1.0050101,0.59246796,11.052865,62551146,Turn_8+
-0.8529263,0.00583786,9.808503,62551347,Turn_8+
-0.6586304,0.60174865,9.7321615,62551547,Turn_8+
-0.78227323,0.26090744,11.298954,62551746,Turn_8+
-0.9389973,0.29279113,11.539952,62551946,Turn_8+
-0.93091416,0.25716522,10.674751,62552147,Turn_8+
-1.1163784,0.052989807,10.890154,62552347,Turn_8+
-0.9249266,0.1486409,10.449021,62552547,Turn_8+
-1.0235715,-0.15627502,11.252101,62552747,Turn_8+
-0.89483917,0.0034428407,10.234517,62552946,Turn_8+
-0.94932586,-0.20088226,10.769055,62553147,Turn_8+
-0.94423646,-0.1845662,10.758727,62553347,Turn_8+
-0.7831714,-0.07813751,10.81486,62553546,Turn_8+
-0.7427554,-0.37721556,11.093431,62553747
-0.49082932,-0.4644841,10.640923,62553946
-0.5170248,-0.33485368,10.591076,62554147
-0.46418473,-0.6680608,10.7347765,62554346
-0.29653335,-0.74544984,10.804083,62554546
-3.1253507,-0.37392244,10.287956,62561546
-2.4763005,-0.4287085,10.283765,62561746
-2.9210258,-0.56178176,10.515932,62561947
-2.7072701,-0.8535251,10.03588,62562147
-2.652634,-0.7515871,10.509196,62562347
-2.8720775,-0.46687913,10.198442,62562546
-2.7849586,-0.68811905,10.311158,62562746
-2.76026,-0.33650026,10.090965,62562946
-2.8014245,-0.5653743,10.471025,62563146
-0.50924104,-1.1753558,10.770103,62595747
-0.4830455,-0.9849518,10.298285,62595946,Turn_9+
-0.49008086,-0.90786207,10.748249,62596147,Turn_9+
-0.4685257,-0.82837737,10.639126,62596347,Turn_9+
-0.4297563,-0.71281767,10.197844,62596547,Turn_9+
-0.44218048,-0.4314029,11.119477,62596747,Turn_9+
-0.32183075,-0.43843827,10.470127,62596947,Turn_9+
-0.3860472,-0.27303222,10.66592,62597147,Turn_9+
-0.2505789,-0.2836601,10.106234,62597347,Turn_9+
-0.282762,-0.15642472,11.273955,62597547,Turn_9+
-0.39592665,-0.10523117,10.522069,62597747,Turn_9+
-0.3221301,0.17064515,11.648926,62597947,Turn_9+
-0.34443375,0.404908,10.7242985,62598147,Turn_9+
-0.30940658,0.39428008,10.745255,62598347,Turn_9+
-0.24429199,0.45714936,10.49782,62598547,Turn_9+
-0.31778917,0.77718383,10.815908,62598747,Turn_9+
-0.30177248,0.755479,10.485545,62598946,Turn_9+
-0.22797592,1.0056088,10.459949,62599147,Turn_9+
-0.3185376,0.72134995,10.795251,62599347,Turn_9+
-0.41403902,0.8454419,10.885364,62599547,Turn_9+
-0.38679564,0.9122031,11.308234,62599747,Turn_9+
-0.3555107,1.0849439,10.2911,62599947,Turn_9+
-0.51403105,1.35124,10.807975,62600147,Turn_9+
-0.6132747,1.4212945,10.8843155,62600347,Turn_9+
-0.72703815,1.1276051,10.85812,62600547,Turn_9+
-0.7354207,1.1231145,10.207573,62600747,Turn_9+
-0.88720506,1.0114467,10.611583,62600947,Turn_9+
-0.67674273,1.5572118,10.574909,62601147,Turn_9+
-0.7774832,1.4069242,10.789713,62601347,Turn_9+
-0.8551717,1.2030482,10.882071,62601547,Turn_9+
-0.91235274,1.1981086,10.070159,62601746,Turn_9+
-0.67928743,1.3608202,10.49303,62601946,Turn_9+
-0.9880952,1.0749147,10.847792,62602147
-0.88091815,1.0298584,10.752141,62602347
-1.002166,0.809816,10.905123,62602547
-0.9395961,0.74395293,10.654095,62602747
-1.0325528,0.37616774,10.4461775,62602947
-1.0482701,0.1963916,10.972782,62603146
-0.9437874,-0.09475296,10.219997,62603347
-1.0919793,-0.5062473,10.907368,62603547
-1.0886861,-0.4815486,10.408306,62603747
-1.2193643,-0.585732,10.568922,62603947
-1.547482,-0.47406417,10.768008,62719548
-1.3624667,-0.31554383,10.378518,62719748
-1.4656023,-0.22213806,10.419533,62719948
-1.4486874,-0.5278024,10.625205,62720148
-1.3871654,-0.35760635,10.611433,62720348
-1.545536,-0.3625461,10.581645,62720548
-1.4325211,-0.14759308,10.423874,62720748
-1.583108,-0.3492238,10.413694,62720948
-1.3775853,-0.24638763,10.665172,62721148
-0.1088237,-1.18299,11.0194845,62732548
-0.5281018,-1.0096505,10.266252,62732748,Turn_10+
-0.41927812,-1.0443782,10.419982,62732948,Turn_10+
-0.3740721,-0.6839278,10.621912,62733147,Turn_10+
-0.32063323,-0.5041516,10.864258,62733348,Turn_10+
-0.37467086,-0.35940263,10.463242,62733548,Turn_10+
-0.42766067,-0.24054977,10.766361,62733748,Turn_10+
-0.43484575,-0.33784744,10.514435,62733948,Turn_10+
-0.2586621,-0.44367737,10.832523,62734148,Turn_10+
-0.08981323,-0.06870712,10.395732,62734348,Turn_10+
-0.02679428,-0.045954436,10.951825,62734548,Turn_10+
0.20088226,0.2377057,10.542277,62734748,Turn_10+
0.16046631,0.062420197,10.9638,62734948,Turn_10+
0.31644195,0.26614654,10.636432,62735148,Turn_10+
0.4393364,0.41149428,10.606644,62735348,Turn_10+
0.35925293,0.30566436,11.0018215,62735548,Turn_10+
0.46104127,0.104333036,10.897489,62735748,Turn_10+
0.62420195,0.352966,10.732082,62735948,Turn_10+
0.3264711,0.37392244,10.91111,62736148,Turn_10+
0.3929329,0.5065466,10.929821,62736348,Turn_10+
-1.9278411,0.77868074,10.519075,62746147
-1.5896943,0.79858935,10.457554,62746348
-1.4024336,0.5369334,11.036849,62746548
-1.6566051,0.8693921,10.24784,62746748
-1.395997,0.91923845,10.66098,62746948
-1.3217514,1.0077045,10.49782,62747148
-1.3900094,0.9105565,10.7469015,62747348
-1.1216176,0.80757064,10.880573,62747548
-1.0109977,1.3144166,10.113868,62747748
-1.1820918,1.2313395,10.523716,62747948,Turn_11+
-0.78062665,1.133443,11.091036,62748147,Turn_11+
-0.8608598,1.131048,10.552905,62748348,Turn_11+
-0.80996567,1.2693603,10.731633,62748548,Turn_11+
-0.6156697,1.0740166,10.1084795,62748748,Turn_11+
-0.78721297,0.8427475,10.727891,62748948,Turn_11+
-0.37916154,1.2418176,11.076366,62749148,Turn_11+
-0.55324954,0.81984514,10.385553,62749348,Turn_11+
-0.4261638,1.015638,10.649005,62749548,Turn_11+
-0.47601014,1.0289602,10.826536,62749748,Turn_11+
-0.56971526,1.0735675,10.683733,62749948,Turn_11+
-0.41448808,1.3361216,10.33885,62750148,Turn_11+
-0.45969406,0.8849597,10.566526,62750348,Turn_11+
-0.5825885,0.64605653,11.336226,62750548,Turn_11+
-0.26449996,1.1784993,10.615924,62750748,Turn_11+
-0.20193009,0.9469308,10.744507,62750948,Turn_11+
-0.3107538,0.56911653,11.419004,62751148,Turn_11+
-0.28725266,0.63647646,10.414892,62751348,Turn_11+
-0.14789246,1.0942246,10.591974,62751548,Turn_11+
-0.11930191,0.5221143,11.244018,62751748,Turn_11+
-0.6439609,0.78526706,10.541828,62751948,Turn_11+
-0.32018417,0.7997868,10.909314,62752147,Turn_11+
-0.86190766,1.2638218,10.250384,62752348,Turn_11+
-0.7200028,1.1153307,11.024724,62752548,Turn_11+
-0.98031145,0.8960367,10.11327,62752748,Turn_11+
-0.95785815,0.9650432,10.423724,62752947,Turn_11+
-0.7601193,0.59950334,11.015293,62753147
-0.90561676,1.0103989,10.475666,62753348
-1.0553055,0.19085312,10.570418,62753548
-1.0118958,0.22857468,10.7242985,62753748
-1.1737093,0.32347733,10.5041065,62753948
-1.2609777,0.32587233,10.477013,62754148
-1.1629317,0.2945874,10.721005,62754348
-1.4048287,0.07753876,10.341993,62754548
-1.1262579,-0.042062532,10.198742,62754748
-1.1548485,0.16914825,10.492131,62754948
-1.249302,-0.44352767,10.495424,62880749
-1.2000545,-0.55938673,10.569671,62880950
-1.2045451,-0.62031007,10.484198,62881150
-1.235381,-0.55938673,10.704241,62881350
-1.3337265,-0.5426216,10.801838,62881549
-1.305585,-0.6164181,10.751093,62881750
-1.3855188,-0.47975236,10.631641,62881950
-1.1584411,-0.44218048,10.70918,62882150
-1.1645782,-0.32003447,10.594369,62882350
-0.35131943,-1.647474,10.272239,62994904
-0.22318588,-1.7315991,10.726844,62995103,Turn_1+
0.030835876,-1.9955003,11.46915,62995304
-0.2585124,-1.339265,10.153985,62995503
-0.55414766,-1.8294955,12.043655,62995703
-0.705932,-1.3787827,10.522967,62995904
-0.6200107,-1.7389339,10.270293,62996104
-0.590522,-1.353186,10.495574,62996304
-0.42676255,-1.4720389,10.456206,62996503
-0.34308654,-1.9896625,10.828781,62996703
-0.31479537,-2.396217,10.19949,62996904
-0.8562195,-2.3682253,10.82025,62997104
-0.8123607,-0.067060545,10.737621,63257531
-0.9017249,0.1392105,10.000404,63257730
-0.6821315,0.49981064,10.705288,63257931
-0.76760375,0.40386018,10.433004,63258131
-1.3364209,0.42930725,10.688224,63258330
-1.4383589,0.41583526,10.532697,63258530
-1.3633648,0.39712417,10.859018,63258729
-1.4492862,0.56058425,9.799671,63258930
-1.5579602,0.24519013,10.813213,63259130
-0.3195854,-0.9267229,11.307186,63304532
-0.35116974,-0.9494755,10.519824,63304732,Turn_2+
-0.30850846,-1.3834232,10.548564,63304931,Turn_2+
-0.21345611,-1.424887,10.115964,63305132,Turn_2+
-0.19893631,-1.4889537,10.322235,63305332,Turn_2+
-0.37003052,-1.7164806,11.186987,63305531,Turn_2+
-0.36658767,-1.8133292,10.746752,63305732,Turn_2+
-0.24519013,-1.9931053,10.5201235,63305931,Turn_2+
-0.10178833,-1.8366807,10.308463,63306132,Turn_2+
-0.016914826,-1.9061362,10.378668,63306332,Turn_2+
-0.081580356,-1.7545015,10.140512,63306531,Turn_2+
-0.018112335,-1.5482304,10.98311,63306732,Turn_2+
-0.031434633,-1.3967454,10.315798,63306932,Turn_2+
-0.15028748,-1.3076806,10.79091,63307131,Turn_2+
-0.32183075,-1.161285,10.564281,63307332,Turn_2+
-0.2508783,-1.2261003,10.43046,63307532,Turn_2+
-0.30416748,-1.3506414,10.708133,63307732,Turn_2+
-0.16750167,-1.4410533,10.489886,63307932,Turn_2+
-0.16226257,-1.4147081,10.721455,63308132,Turn_2+
-0.25836274,-1.5081139,10.788365,63308332,Turn_2+
-0.14040802,-1.5769707,10.7943535,63308532,Turn_2+
-0.13816269,-1.4199471,10.238259,63308732,Turn_2+
-0.18217117,-1.275797,10.9664955,63308932,Turn_2+
-0.2269281,-1.1960129,10.577753,63309131,Turn_2+
-0.30356872,-0.98944247,10.703193,63309331,Turn_2+
-0.33545244,-0.5709128,10.215207,63309532,Turn_2+
-0.2758763,-0.818947,10.608739,63309732,Turn_2+
-0.18890716,-0.41568556,10.554852,63309931,Turn_2+
-0.40326142,-0.33754808,11.312575,63310132
-0.36943176,-0.23710693,10.65185,63310332
-0.321232,-0.20252883,10.474917,63310531
-0.3186873,0.3065625,10.853181,63310731
-0.3676355,-0.039218444,10.682685,63310932
-0.76670563,0.27378067,10.74301,63311132
-0.98824495,0.25731492,10.411599,63311331
-0.9834549,0.2829117,10.703792,63311531
-0.5613327,0.5138814,10.546169,63311732
-0.48918274,0.46253815,10.823692,63311932
-1.6387922,-0.24653733,10.172696,63497737
-1.7654288,-0.050145723,10.320588,63497936
-2.2363496,-0.21285737,11.040142,63498137
-2.2433848,0.05598358,10.150093,63498337
-2.569407,0.09729767,10.709629,63498536
-2.7740314,-0.10508148,10.22359,63498737
-2.585723,0.16974701,10.532398,63498936
-2.1745281,0.37661684,10.220746,63499137
-1.919159,0.060474243,10.5885315,63499337
-1.907184,-0.015717316,10.727292,63499536
-2.1246817,0.30491593,10.4550085,63499735,Turn_3+
-1.9390677,0.2680925,11.144176,63499936,Turn_3+
-2.0064275,0.28575575,10.145902,63500137,Turn_3+
-1.91871,0.3915857,10.418784,63500336,Turn_3+
-1.9059864,0.60354495,10.659035,63500536,Turn_3+
-1.8309925,0.10103989,10.543625,63500736,Turn_3+
-1.9794836,0.556842,9.885892,63500937,Turn_3+
-1.9266435,0.98165864,10.75289,63501137,Turn_3+
-2.3156846,0.57705003,10.561737,63501336,Turn_3+
-2.4906707,0.35012192,10.819201,63501537,Turn_3+
-2.2372477,0.034428407,9.938882,63501736,Turn_3+
-2.3873854,-0.27153534,10.131382,63501936,Turn_3+
-2.4402256,0.13157639,10.514884,63502137,Turn_3+
-2.3381379,0.4565506,10.833871,63502337,Turn_3+
-1.9212548,0.3143463,10.104138,63502537,Turn_3+
-1.9570303,0.44113266,10.620115,63502736,Turn_3+
-1.8224602,0.58468413,9.826466,63502937,Turn_3+
-1.5739769,0.39428008,10.57955,63503137,Turn_3+
-1.6681311,0.92582476,10.258917,63503336,Turn_3+
-1.8342856,0.81924635,10.936258,63503537,Turn_3+
-1.554667,0.554447,10.040371,63503737,Turn_3+
-1.7678238,0.65369064,10.880573,63503937,Turn_3+
-1.6293617,0.63812304,10.216105,63504136,Turn_3+
-1.6453785,0.62016034,9.945618,63504336,Turn_3+
-1.6673827,0.3519182,11.248209,63504536,Turn_3+
-1.7122893,0.5550458,10.73358,63504737,Turn_3+
-1.6935782,0.28575575,10.1929035,63504937,Turn_3+
-2.0770807,0.60803556,10.460248,63505137,Turn_3+
-1.9776874,0.5640271,10.625055,63505337,Turn_3+
-1.8429675,0.2174977,10.520573,63505536,Turn_3+
-1.5880476,0.3055147,10.088571,63505737,Turn_3+
-1.6218773,0.33230895,10.663525,63505937,Turn_3+
-1.323398,0.34428406,10.565779,63506137,Turn_3+
-1.4928457,0.37107834,10.942545,63506337,Turn_3+
-1.391207,0.3995192,10.54602,63506536,Turn_3+
-1.234932,0.2468367,10.375673,63506737,Turn_3+
-1.1776012,-0.29009673,10.751093,63506937,Turn_3+
-1.2359798,0.027692413,10.450218,63507137,Turn_3+
-2.5667124,-0.067359924,10.350526,63586139
-2.2710772,-0.2998265,10.275232,63586339
-2.4562423,-0.60743684,10.141261,63586539
-2.3761587,-0.87627774,10.633139,63586739
-2.2872436,-0.2695894,10.523716,63586939
-2.6192532,-0.09535172,10.426418,63587139
-2.6228456,-0.15837067,10.106084,63587339
-2.144291,-0.5186714,10.144105,63587539
-2.3381379,-0.69066375,10.615325,63587739
-2.1146526,1.4352155,10.52147,63630140
-2.1565654,1.3841716,10.035131,63630340,Turn_4+
-2.1267774,0.8786728,10.665771,63630539,Turn_4+
-2.0344193,0.9331595,10.156979,63630740,Turn_4+
-2.0166063,0.94423646,10.082733,63630940,Turn_4+
-2.0269349,0.7141649,10.579849,63631140,Turn_4+
-1.9996916,0.7336244,10.732082,63631340,Turn_4+
-1.8546432,0.61402315,10.088271,63631540,Turn_4+
-2.129322,0.5239105,11.089689,63631740,Turn_4+
-2.1405487,0.37571868,10.439141,63631940,Turn_4+
-1.8938617,0.37107834,10.314451,63632140,Turn_4+
-2.0392094,0.542921,10.261761,63632340,Turn_4+
-2.484683,0.39457947,10.873089,63632539,Turn_4+
-2.2990692,0.63497955,10.748249,63632740,Turn_4+
-2.2414389,0.67958677,10.162217,63632940,Turn_4+
-2.3460712,0.52376086,10.267598,63633140,Turn_4+
-2.4188201,0.56657183,10.424622,63633340,Turn_4+
-2.287992,0.662672,10.366243,63633540,Turn_4+
-2.364034,0.6316864,10.608439,63633740,Turn_4+
-2.4586372,0.65623534,10.710827,63633940,Turn_4+
-2.325115,0.5876779,10.494677,63634140,Turn_4+
-2.264042,0.76640624,10.239158,63634340,Turn_4+
-2.3156846,0.6373746,10.005044,63634540,Turn_4+
-2.3031106,0.61147845,10.540031,63634740,Turn_4+
-2.1689897,0.7668553,10.210866,63634940,Turn_4+
-2.106719,0.31464568,10.691517,63635139,Turn_4+
-2.356849,0.017663268,10.831027,63635340,Turn_4+
-2.1757255,0.045056306,10.3152,63635539,Turn_4+
-2.4334896,-0.16151413,10.506501,63635740
-2.4204667,-0.21525238,10.385104,63635940
-2.3206244,-0.27408004,10.302027,63636140
-2.1468356,-0.68722093,10.257719,63636340
-2.2085073,-0.51657575,10.154882,63636540
-2.2347028,-0.7297325,10.742111,63636740
-2.1613555,-0.2972818,10.239457,63636940
-2.3293061,-0.278421,10.181377,63637139
-2.1874013,-0.085621946,10.623109,63637340
-2.2162912,-0.1910028,10.411749,63637540
-2.0612137,-0.87403244,10.909913,63833264
-1.9181113,-0.6885681,10.1526375,63833464
-2.0381615,-0.98031145,10.277927,63833664
-2.0628603,-0.8906479,10.275981,63833864
-1.9435583,-0.78945833,11.196567,63834064
-2.1445904,-0.65653473,10.333312,63834264
-1.9941531,-0.66177386,10.809173,63834463
-2.160158,-0.7662566,9.995315,63834664
-1.9540366,-0.72494245,10.553504,63834864
-1.0515633,0.31255004,10.510543,63849065
-1.3072315,0.68557435,10.743159,63849265,Turn_5+
-1.4078224,0.56148237,10.852881,63849464,Turn_5+
-1.6387922,0.5590874,10.753189,63849664,Turn_5+
-1.8640736,0.6532416,10.038724,63849865,Turn_5+
-1.9480491,0.81161225,10.639575,63850064,Turn_5+
-1.8194664,0.7617659,10.179881,63850265,Turn_5+
-1.9336789,0.89169574,10.4621935,63850464,Turn_5+
-1.9226019,1.0488689,10.070009,63850664,Turn_5+
-1.7351917,1.2024494,9.877809,63850864,Turn_5+
-1.9059864,1.2904664,10.97383,63851065,Turn_5+
-1.5846047,1.2205619,10.015373,63851265,Turn_5+
-1.8844314,0.82493454,11.253598,63851464,Turn_5+
-1.9013461,1.5040723,11.784245,63851664,Turn_5+
-1.2368779,1.1552975,9.097631,63851864,Turn_5+
-2.1148024,1.0798545,10.805131,63852064,Turn_5+
-1.7413288,1.4141093,11.232342,63852265,Turn_5+
-1.5151492,1.468596,10.513836,63852463,Turn_5+
-1.728755,1.1955638,10.872641,63852665,Turn_5+
-1.8890717,1.2513977,10.879526,63852865,Turn_5+
-1.4801221,1.2499008,10.637031,63853065,Turn_5+
-1.4703923,1.5039226,10.621163,63853265,Turn_5+
-1.1419753,-1.3244458,10.332414,63862065
-1.3078303,-1.298849,10.110874,63862265
-1.2922627,-1.6488212,10.858569,63862464
-1.203198,-1.5467335,10.707534,63862665
-1.047372,-1.6218773,10.344239,63862865
-0.8009843,-1.6522641,10.255623,63863064
-1.113684,-1.2976515,10.817405,63863264
-0.82463515,-1.4991325,10.876533,63863464
-0.9045689,-1.5088623,10.216704,63863665
-0.5625302,-2.3493645,11.020682,63891865
-0.56118304,-2.1954844,9.921518,63892065,Turn_6+
-0.48094985,-1.9046392,10.515034,63892265,Turn_6+
-0.46328658,-2.0207977,11.3836775,63892465,Turn_6+
-0.44397676,-1.8027012,10.158475,63892665,Turn_6+
-0.8901988,-1.9386187,10.554253,63892865,Turn_6+
-0.9753717,-2.0344193,10.202185,63893065,Turn_6+
-1.1623329,-1.7729132,10.624906,63893265,Turn_6+
-1.3668077,-1.359473,10.386152,63893464,Turn_6+
-1.1970607,-1.1542497,10.4671335,63893665,Turn_6+
-2.8392956,-0.79170364,10.506801,64212147,Turn_7+
-2.7057734,-0.087268524,10.678643,64212348,Turn_7+
-2.6750872,-0.41463774,9.780511,64212547,Turn_7+
-3.3636553,0.059426423,10.032437,64212748,Turn_7+
-2.7975326,-0.11825409,10.020312,64212948,Turn_7+
-2.7933412,-0.53079623,10.274484,64213147
-2.5426126,-0.4552034,9.724378,64213348
-2.5484505,-0.88600755,10.738818,64213547
-2.5014482,-0.59695864,10.278825,64213748
-2.506837,-0.69066375,10.040221,64213948
-2.4257057,-0.74485105,10.436747,64214147
-2.3974144,-0.7354207,9.991423,64214348
-2.2475762,-0.8758287,10.291848,64214548
-2.063908,-1.0915302,10.476265,64214748
-1.0388397,-1.18778,10.714869,64214948
-0.6092331,-1.0913805,10.828033,64561942
-0.6215076,-1.0563533,10.80064,64562141
-0.64006895,-0.72419405,10.855576,64562342
-0.5309459,-0.932411,10.450817,64562542
-0.6095325,-1.0141411,11.078762,64562742
-0.42317,-0.75937086,10.626402,64562942
-0.6586304,-0.63782364,10.865306,64563141
-0.6632707,-0.6120772,10.98311,64563342
-0.5809419,-0.6706055,10.7171135,64563542
-1.7986597,-2.7129583,10.615774,64664143
-2.3117926,-2.940036,11.467204,64664343,Turn_8+
-1.7760566,-2.5259972,10.000554,64664543,Turn_8+
-1.9089803,-2.6279352,10.16117,64664743,Turn_8+
-1.705703,-2.8264225,8.707692,64664943,Turn_8+
-2.1140537,-2.9511132,9.867929,64665143,Turn_8+
-2.1100123,-3.3656013,10.714419,64665343,Turn_8+
-2.570305,-2.7074199,10.447374,64665543,Turn_8+
-2.812202,-2.3661296,9.983339,64665743,Turn_8+
-2.613116,-1.9055374,9.821526,64665943,Turn_8+
-2.7967842,-2.3902295,10.195449,64666143,Turn_8+
-2.7264304,-2.5447083,9.714199,64666343,Turn_8+
-2.807412,-2.5486002,9.4684105,64666543,Turn_8+
-2.9151878,-2.7232869,10.225536,64666743,Turn_8+
-2.8186386,-1.7401314,9.422007,64666943,Turn_8+
-2.3689737,-1.819167,7.5934095,64667143
-2.8937824,-2.3465204,11.057356,64667343
-3.0653257,-1.8772463,11.135493,64667543
-3.401826,-1.653761,10.667118,64667743
-3.2524366,-1.6334033,9.840686,64667943
-3.2066317,-1.2379258,11.163785,64668143
-2.9092002,-1.2958553,9.641601,64668343
-2.7888505,-1.4175522,10.331366,64668543
-2.7505302,-1.2889695,9.794433,64668743
-2.414479,-1.4651532,9.293425,64668943
